#multi:
	mass A	mass B	
t	x	x	
0.000	-4.397E-3	3.749E-2
0.008	-4.429E-3	3.750E-2
0.017	-4.428E-3	3.750E-2
0.025	-4.430E-3	3.750E-2
0.034	-4.430E-3	3.751E-2
0.042	-4.430E-3	3.751E-2
0.050	-4.429E-3	3.750E-2
0.059	-4.430E-3	3.750E-2
0.067	-4.430E-3	3.750E-2
0.075	-4.429E-3	3.749E-2
0.084	-4.430E-3	3.749E-2
0.092	-4.430E-3	3.749E-2
0.101	-4.430E-3	3.748E-2
0.109	-4.423E-3	3.748E-2
0.117	-4.399E-3	3.748E-2
0.126	-4.335E-3	3.748E-2
0.134	-4.246E-3	3.749E-2
0.142	-4.202E-3	3.749E-2
0.151	-4.013E-3	3.750E-2
0.159	-3.900E-3	3.751E-2
0.168	-3.695E-3	3.751E-2
0.176	-3.350E-3	3.752E-2
0.184	-2.939E-3	3.753E-2
0.193	-2.331E-3	3.753E-2
0.201	-1.440E-3	3.754E-2
0.209	-3.956E-4	3.760E-2
0.218	7.246E-4	3.765E-2
0.226	1.827E-3	3.774E-2
0.235	2.704E-3	3.786E-2
0.243	3.280E-3	3.798E-2
0.251	3.394E-3	3.815E-2
0.260	3.023E-3	3.826E-2
0.268	2.302E-3	3.838E-2
0.276	1.282E-3	3.844E-2
0.285	2.115E-4	3.844E-2
0.293	-8.996E-4	3.840E-2
0.302	-1.869E-3	3.821E-2
0.310	-2.561E-3	3.798E-2
0.318	-2.947E-3	3.772E-2
0.327	-3.067E-3	3.745E-2
0.335	-2.814E-3	3.717E-2
0.343	-2.260E-3	3.698E-2
0.352	-1.472E-3	3.684E-2
0.360	-4.448E-4	3.680E-2
0.369	6.159E-4	3.690E-2
0.377	1.627E-3	3.709E-2
0.385	2.495E-3	3.741E-2
0.394	2.999E-3	3.784E-2
0.402	3.150E-3	3.831E-2
0.410	2.896E-3	3.872E-2
0.419	2.239E-3	3.906E-2
0.427	1.384E-3	3.929E-2
0.436	3.726E-4	3.933E-2
0.444	-6.222E-4	3.919E-2
0.452	-1.489E-3	3.888E-2
0.461	-2.140E-3	3.842E-2
0.469	-2.559E-3	3.790E-2
0.477	-2.607E-3	3.733E-2
0.486	-2.424E-3	3.680E-2
0.494	-1.956E-3	3.637E-2
0.503	-1.236E-3	3.610E-2
0.511	-3.641E-4	3.606E-2
0.519	5.292E-4	3.621E-2
0.528	1.423E-3	3.656E-2
0.536	2.107E-3	3.707E-2
0.544	2.580E-3	3.774E-2
0.553	2.733E-3	3.844E-2
0.561	2.500E-3	3.909E-2
0.570	2.043E-3	3.960E-2
0.578	1.320E-3	3.989E-2
0.586	4.914E-4	3.993E-2
0.595	-3.160E-4	3.977E-2
0.603	-1.078E-3	3.933E-2
0.611	-1.656E-3	3.868E-2
0.620	-2.005E-3	3.792E-2
0.628	-2.145E-3	3.713E-2
0.637	-2.058E-3	3.639E-2
0.645	-1.680E-3	3.580E-2
0.653	-1.171E-3	3.547E-2
0.662	-4.850E-4	3.541E-2
0.670	2.463E-4	3.564E-2
0.678	9.223E-4	3.615E-2
0.687	1.551E-3	3.687E-2
0.695	1.988E-3	3.772E-2
0.704	2.097E-3	3.863E-2
0.712	2.046E-3	3.943E-2
0.720	1.761E-3	4.006E-2
0.729	1.282E-3	4.043E-2
0.737	7.062E-4	4.049E-2
0.746	5.680E-5	4.022E-2
0.754	-4.993E-4	3.964E-2
0.762	-9.670E-4	3.882E-2
0.771	-1.338E-3	3.789E-2
0.779	-1.460E-3	3.697E-2
0.787	-1.438E-3	3.610E-2
0.796	-1.263E-3	3.544E-2
0.804	-9.437E-4	3.505E-2
0.813	-4.867E-4	3.501E-2
0.821	-2.497E-5	3.527E-2
0.829	4.654E-4	3.592E-2
0.838	8.990E-4	3.676E-2
0.846	1.230E-3	3.777E-2
0.854	1.411E-3	3.876E-2
0.863	1.443E-3	3.969E-2
0.871	1.361E-3	4.040E-2
0.880	1.136E-3	4.080E-2
0.888	8.427E-4	4.079E-2
0.896	4.585E-4	4.044E-2
0.905	1.162E-4	3.978E-2
0.913	-2.702E-4	3.889E-2
0.921	-5.196E-4	3.785E-2
0.930	-7.369E-4	3.681E-2
0.938	-8.821E-4	3.588E-2
0.947	-9.066E-4	3.519E-2
0.955	-7.839E-4	3.480E-2
0.963	-6.781E-4	3.477E-2
0.972	-4.531E-4	3.515E-2
0.980	-1.768E-4	3.590E-2
0.988	1.287E-4	3.683E-2
0.997	4.057E-4	3.786E-2
1.005	6.490E-4	3.893E-2
1.014	8.711E-4	3.984E-2
1.022	1.063E-3	4.053E-2
1.030	1.115E-3	4.088E-2
1.039	1.112E-3	4.089E-2
1.047	9.344E-4	4.052E-2
1.055	7.618E-4	3.978E-2
1.064	5.106E-4	3.885E-2
1.072	2.131E-4	3.777E-2
1.081	-5.220E-5	3.668E-2
1.089	-2.880E-4	3.579E-2
1.097	-5.187E-4	3.516E-2
1.106	-7.273E-4	3.484E-2
1.114	-7.695E-4	3.494E-2
1.122	-7.856E-4	3.534E-2
1.131	-7.284E-4	3.608E-2
1.139	-5.706E-4	3.702E-2
1.148	-3.186E-4	3.805E-2
1.156	-1.438E-5	3.903E-2
1.164	3.504E-4	3.993E-2
1.173	6.956E-4	4.058E-2
1.181	1.051E-3	4.086E-2
1.189	1.319E-3	4.081E-2
1.198	1.433E-3	4.038E-2
1.206	1.458E-3	3.969E-2
1.215	1.340E-3	3.879E-2
1.223	1.103E-3	3.774E-2
1.231	7.099E-4	3.675E-2
1.240	2.535E-4	3.590E-2
1.248	-2.142E-4	3.532E-2
1.256	-6.696E-4	3.509E-2
1.265	-1.023E-3	3.518E-2
1.273	-1.257E-3	3.561E-2
1.282	-1.395E-3	3.634E-2
1.290	-1.360E-3	3.719E-2
1.298	-1.141E-3	3.813E-2
1.307	-7.408E-4	3.905E-2
1.315	-2.741E-4	3.980E-2
1.323	2.810E-4	4.033E-2
1.332	8.557E-4	4.054E-2
1.340	1.372E-3	4.044E-2
1.349	1.797E-3	4.005E-2
1.357	2.019E-3	3.941E-2
1.365	2.027E-3	3.859E-2
1.374	1.799E-3	3.771E-2
1.382	1.332E-3	3.683E-2
1.390	7.115E-4	3.613E-2
1.399	2.032E-5	3.565E-2
1.407	-6.655E-4	3.546E-2
1.416	-1.242E-3	3.556E-2
1.424	-1.678E-3	3.596E-2
1.432	-1.911E-3	3.654E-2
1.441	-1.907E-3	3.730E-2
1.449	-1.709E-3	3.807E-2
1.458	-1.307E-3	3.881E-2
1.466	-7.014E-4	3.942E-2
1.474	5.791E-6	3.982E-2
1.483	7.596E-4	3.999E-2
1.491	1.522E-3	3.989E-2
1.499	2.111E-3	3.953E-2
1.508	2.496E-3	3.903E-2
1.516	2.544E-3	3.840E-2
1.525	2.304E-3	3.770E-2
1.533	1.803E-3	3.705E-2
1.541	1.032E-3	3.653E-2
1.550	1.622E-4	3.617E-2
1.558	-6.840E-4	3.607E-2
1.566	-1.463E-3	3.614E-2
1.575	-2.051E-3	3.642E-2
1.583	-2.371E-3	3.686E-2
1.592	-2.427E-3	3.740E-2
1.600	-2.255E-3	3.798E-2
1.608	-1.816E-3	3.848E-2
1.617	-1.153E-3	3.890E-2
1.625	-2.916E-4	3.918E-2
1.633	6.569E-4	3.929E-2
1.642	1.559E-3	3.922E-2
1.650	2.310E-3	3.895E-2
1.659	2.803E-3	3.859E-2
1.667	2.953E-3	3.817E-2
1.675	2.730E-3	3.773E-2
1.684	2.111E-3	3.731E-2
1.692	1.246E-3	3.699E-2
1.700	2.549E-4	3.680E-2
1.709	-7.244E-4	3.675E-2
1.717	-1.614E-3	3.680E-2
1.726	-2.286E-3	3.698E-2
1.734	-2.657E-3	3.723E-2
1.742	-2.805E-3	3.752E-2
1.751	-2.598E-3	3.782E-2
1.759	-2.109E-3	3.809E-2
1.767	-1.389E-3	3.834E-2
1.776	-4.612E-4	3.849E-2
1.784	5.179E-4	3.850E-2
1.793	1.539E-3	3.848E-2
1.801	2.383E-3	3.840E-2
1.809	2.949E-3	3.825E-2
1.818	3.177E-3	3.809E-2
1.826	2.935E-3	3.794E-2
1.834	2.318E-3	3.778E-2
1.843	1.417E-3	3.767E-2
1.851	3.642E-4	3.759E-2
1.860	-6.464E-4	3.752E-2
1.868	-1.606E-3	3.750E-2
1.876	-2.315E-3	3.750E-2
1.885	-2.761E-3	3.751E-2
1.893	-2.861E-3	3.751E-2
1.901	-2.700E-3	3.755E-2
1.910	-2.245E-3	3.757E-2
1.918	-1.526E-3	3.756E-2
1.927	-6.269E-4	3.762E-2
1.935	4.236E-4	3.770E-2
1.943	1.421E-3	3.774E-2
1.952	2.281E-3	3.786E-2
1.960	2.915E-3	3.796E-2
1.968	3.156E-3	3.808E-2
1.977	2.939E-3	3.820E-2
1.985	2.324E-3	3.830E-2
1.994	1.454E-3	3.838E-2
2.002	4.482E-4	3.841E-2
2.010	-5.851E-4	3.837E-2
2.019	-1.503E-3	3.824E-2
2.027	-2.166E-3	3.804E-2
2.035	-2.605E-3	3.781E-2
2.044	-2.778E-3	3.754E-2
2.052	-2.596E-3	3.730E-2
2.061	-2.141E-3	3.707E-2
2.069	-1.461E-3	3.696E-2
2.077	-5.617E-4	3.692E-2
2.086	4.220E-4	3.700E-2
2.094	1.394E-3	3.717E-2
2.103	2.215E-3	3.746E-2
2.111	2.761E-3	3.779E-2
2.119	2.973E-3	3.816E-2
2.128	2.777E-3	3.852E-2
2.136	2.252E-3	3.884E-2
2.144	1.487E-3	3.908E-2
2.153	5.356E-4	3.913E-2
2.161	-4.019E-4	3.907E-2
2.170	-1.241E-3	3.885E-2
2.178	-1.886E-3	3.848E-2
2.186	-2.310E-3	3.800E-2
2.195	-2.405E-3	3.749E-2
2.203	-2.328E-3	3.701E-2
2.211	-1.935E-3	3.660E-2
2.220	-1.349E-3	3.633E-2
2.228	-5.835E-4	3.623E-2
2.237	2.403E-4	3.635E-2
2.245	1.105E-3	3.661E-2
2.253	1.814E-3	3.706E-2
2.262	2.309E-3	3.764E-2
2.270	2.508E-3	3.827E-2
2.278	2.438E-3	3.884E-2
2.287	2.043E-3	3.933E-2
2.295	1.397E-3	3.967E-2
2.304	6.557E-4	3.978E-2
2.312	-1.138E-4	3.964E-2
2.320	-8.193E-4	3.929E-2
2.329	-1.417E-3	3.877E-2
2.337	-1.805E-3	3.813E-2
2.345	-1.950E-3	3.741E-2
2.354	-1.892E-3	3.673E-2
2.362	-1.629E-3	3.616E-2
2.371	-1.168E-3	3.580E-2
2.379	-5.563E-4	3.569E-2
2.387	1.402E-4	3.583E-2
2.396	8.116E-4	3.624E-2
2.404	1.420E-3	3.687E-2
2.412	1.822E-3	3.764E-2
2.421	2.035E-3	3.845E-2
2.429	2.025E-3	3.918E-2
2.438	1.783E-3	3.976E-2
2.446	1.354E-3	4.018E-2
2.454	8.150E-4	4.030E-2
2.463	2.420E-4	4.012E-2
2.471	-3.066E-4	3.963E-2
2.479	-7.582E-4	3.894E-2
2.488	-1.148E-3	3.812E-2
2.496	-1.331E-3	3.725E-2
2.505	-1.383E-3	3.641E-2
2.513	-1.209E-3	3.574E-2
2.521	-9.451E-4	3.533E-2
2.530	-5.276E-4	3.523E-2
2.538	-7.065E-5	3.542E-2
2.546	4.057E-4	3.592E-2
2.555	8.402E-4	3.667E-2
2.563	1.161E-3	3.756E-2
2.572	1.372E-3	3.846E-2
2.580	1.414E-3	3.929E-2
2.588	1.359E-3	4.000E-2
2.597	1.147E-3	4.043E-2
2.605	8.768E-4	4.054E-2
2.613	5.264E-4	4.028E-2
2.622	1.666E-4	3.975E-2
2.630	-2.037E-4	3.897E-2
2.639	-4.945E-4	3.804E-2
2.647	-7.217E-4	3.705E-2
2.655	-7.705E-4	3.615E-2
2.664	-7.616E-4	3.545E-2
2.672	-7.308E-4	3.505E-2
2.680	-5.745E-4	3.497E-2
2.689	-3.417E-4	3.521E-2
2.697	-7.493E-5	3.577E-2
2.706	2.033E-4	3.663E-2
2.714	4.465E-4	3.759E-2
2.722	6.768E-4	3.856E-2
2.731	8.883E-4	3.946E-2
2.739	9.711E-4	4.017E-2
2.747	1.065E-3	4.060E-2
2.756	1.057E-3	4.064E-2
2.764	9.227E-4	4.037E-2
2.773	7.419E-4	3.975E-2
2.781	5.169E-4	3.893E-2
2.789	2.440E-4	3.797E-2
2.798	-1.051E-5	3.699E-2
2.806	-2.517E-4	3.611E-2
2.815	-4.837E-4	3.543E-2
2.823	-6.037E-4	3.505E-2
2.831	-7.447E-4	3.500E-2
2.840	-7.516E-4	3.526E-2
2.848	-7.211E-4	3.585E-2
2.856	-5.391E-4	3.667E-2
2.865	-3.201E-4	3.764E-2
2.873	-5.149E-5	3.865E-2
2.882	2.247E-4	3.949E-2
2.890	5.730E-4	4.014E-2
2.898	8.541E-4	4.049E-2
2.907	1.102E-3	4.052E-2
2.915	1.237E-3	4.019E-2
2.923	1.294E-3	3.961E-2
2.932	1.167E-3	3.877E-2
2.940	9.712E-4	3.789E-2
2.949	6.548E-4	3.699E-2
2.957	2.714E-4	3.617E-2
2.965	-1.074E-4	3.556E-2
2.974	-5.042E-4	3.524E-2
2.982	-8.421E-4	3.522E-2
2.990	-1.129E-3	3.554E-2
2.999	-1.236E-3	3.611E-2
3.007	-1.218E-3	3.693E-2
3.016	-1.015E-3	3.784E-2
3.024	-7.230E-4	3.872E-2
3.032	-2.917E-4	3.944E-2
3.041	2.016E-4	3.997E-2
3.049	6.913E-4	4.028E-2
3.057	1.166E-3	4.026E-2
3.066	1.562E-3	3.997E-2
3.074	1.800E-3	3.941E-2
3.083	1.819E-3	3.866E-2
3.091	1.629E-3	3.784E-2
3.099	1.297E-3	3.706E-2
3.108	7.738E-4	3.637E-2
3.116	1.753E-4	3.586E-2
3.124	-4.531E-4	3.563E-2
3.133	-9.926E-4	3.565E-2
3.141	-1.434E-3	3.595E-2
3.150	-1.674E-3	3.643E-2
3.158	-1.722E-3	3.707E-2
3.166	-1.622E-3	3.782E-2
3.175	-1.246E-3	3.852E-2
3.183	-7.161E-4	3.912E-2
3.191	-9.133E-5	3.955E-2
3.200	6.174E-4	3.979E-2
3.208	1.308E-3	3.977E-2
3.217	1.862E-3	3.951E-2
3.225	2.260E-3	3.906E-2
3.233	2.367E-3	3.846E-2
3.242	2.233E-3	3.780E-2
3.250	1.818E-3	3.717E-2
3.258	1.178E-3	3.666E-2
3.267	4.114E-4	3.630E-2
3.275	-3.804E-4	3.613E-2
3.284	-1.142E-3	3.614E-2
3.292	-1.693E-3	3.640E-2
3.300	-2.089E-3	3.678E-2
3.309	-2.176E-3	3.727E-2
3.317	-2.086E-3	3.780E-2
3.325	-1.685E-3	3.831E-2
3.334	-1.125E-3	3.878E-2
3.342	-3.730E-4	3.909E-2
3.351	4.522E-4	3.924E-2
3.359	1.273E-3	3.923E-2
3.367	2.024E-3	3.908E-2
3.376	2.509E-3	3.872E-2
3.384	2.742E-3	3.831E-2
3.392	2.571E-3	3.793E-2
3.401	2.089E-3	3.751E-2
3.409	1.389E-3	3.718E-2
3.418	4.911E-4	3.698E-2
3.426	-4.264E-4	3.685E-2
3.434	-1.267E-3	3.684E-2
3.443	-1.909E-3	3.702E-2
3.451	-2.346E-3	3.724E-2
3.459	-2.533E-3	3.751E-2
3.468	-2.381E-3	3.779E-2
3.476	-2.029E-3	3.807E-2
3.485	-1.405E-3	3.835E-2
3.493	-5.972E-4	3.850E-2
3.501	3.039E-4	3.858E-2
3.510	1.219E-3	3.859E-2
3.518	2.027E-3	3.849E-2
3.527	2.635E-3	3.837E-2
3.535	2.902E-3	3.819E-2
3.543	2.736E-3	3.799E-2
3.552	2.265E-3	3.781E-2
3.560	1.507E-3	3.769E-2
3.568	5.954E-4	3.758E-2
3.577	-3.297E-4	3.751E-2
3.585	-1.224E-3	3.751E-2
3.594	-1.922E-3	3.750E-2
3.602	-2.366E-3	3.752E-2
3.610	-2.575E-3	3.755E-2
3.619	-2.505E-3	3.759E-2
3.627	-2.111E-3	3.762E-2
3.635	-1.481E-3	3.766E-2
3.644	-6.340E-4	3.773E-2
3.652	2.905E-4	3.777E-2
3.661	1.213E-3	3.781E-2
3.669	2.042E-3	3.788E-2
3.677	2.666E-3	3.795E-2
3.686	2.958E-3	3.801E-2
3.694	2.829E-3	3.811E-2
3.702	2.319E-3	3.819E-2
3.711	1.589E-3	3.824E-2
3.719	6.820E-4	3.823E-2
3.728	-2.598E-4	3.821E-2
3.736	-1.149E-3	3.812E-2
3.744	-1.866E-3	3.798E-2
3.753	-2.335E-3	3.779E-2
3.761	-2.558E-3	3.758E-2
3.769	-2.413E-3	3.735E-2
3.778	-2.090E-3	3.718E-2
3.786	-1.496E-3	3.705E-2
3.795	-6.810E-4	3.702E-2
3.803	2.190E-4	3.703E-2
3.811	1.116E-3	3.716E-2
3.820	1.894E-3	3.741E-2
3.828	2.473E-3	3.770E-2
3.836	2.742E-3	3.802E-2
3.845	2.692E-3	3.836E-2
3.853	2.254E-3	3.865E-2
3.862	1.587E-3	3.887E-2
3.870	7.395E-4	3.895E-2
3.878	-1.214E-4	3.890E-2
3.887	-9.495E-4	3.872E-2
3.895	-1.619E-3	3.841E-2
3.903	-2.069E-3	3.801E-2
3.912	-2.295E-3	3.756E-2
3.920	-2.185E-3	3.710E-2
3.929	-1.901E-3	3.674E-2
3.937	-1.380E-3	3.649E-2
3.945	-6.906E-4	3.636E-2
3.954	9.872E-5	3.637E-2
3.962	8.844E-4	3.660E-2
3.970	1.589E-3	3.699E-2
3.979	2.088E-3	3.747E-2
3.987	2.333E-3	3.802E-2
3.996	2.276E-3	3.855E-2
4.004	1.994E-3	3.907E-2
4.012	1.434E-3	3.939E-2
4.021	7.264E-4	3.954E-2
4.029	-8.281E-7	3.950E-2
4.037	-6.870E-4	3.923E-2
4.046	-1.245E-3	3.881E-2
4.054	-1.669E-3	3.823E-2
4.063	-1.860E-3	3.757E-2
4.071	-1.850E-3	3.695E-2
4.079	-1.633E-3	3.642E-2
4.088	-1.210E-3	3.604E-2
4.096	-6.747E-4	3.587E-2
4.104	-3.573E-5	3.594E-2
4.113	6.229E-4	3.627E-2
4.121	1.191E-3	3.680E-2
4.130	1.600E-3	3.743E-2
4.138	1.826E-3	3.819E-2
4.146	1.838E-3	3.888E-2
4.155	1.649E-3	3.948E-2
4.163	1.293E-3	3.990E-2
4.171	8.128E-4	4.005E-2
4.180	2.686E-4	3.993E-2
4.188	-2.658E-4	3.960E-2
4.197	-7.192E-4	3.902E-2
4.205	-1.069E-3	3.829E-2
4.213	-1.304E-3	3.747E-2
4.222	-1.382E-3	3.671E-2
4.230	-1.242E-3	3.610E-2
4.239	-9.890E-4	3.566E-2
4.247	-6.126E-4	3.548E-2
4.255	-1.983E-4	3.560E-2
4.264	2.346E-4	3.602E-2
4.272	6.523E-4	3.664E-2
4.280	1.046E-3	3.742E-2
4.289	1.287E-3	3.829E-2
4.297	1.352E-3	3.908E-2
4.306	1.335E-3	3.975E-2
4.314	1.133E-3	4.022E-2
4.322	8.804E-4	4.037E-2
4.331	5.509E-4	4.020E-2
4.339	1.830E-4	3.979E-2
4.347	-1.388E-4	3.911E-2
4.356	-4.698E-4	3.828E-2
4.364	-6.905E-4	3.737E-2
4.373	-7.647E-4	3.654E-2
4.381	-7.619E-4	3.588E-2
4.389	-7.444E-4	3.542E-2
4.398	-5.463E-4	3.526E-2
4.406	-3.333E-4	3.542E-2
4.414	-7.239E-5	3.591E-2
4.423	1.990E-4	3.661E-2
4.431	4.292E-4	3.744E-2
4.440	6.586E-4	3.836E-2
4.448	8.576E-4	3.921E-2
4.456	9.242E-4	3.989E-2
4.465	9.251E-4	4.030E-2
4.473	9.144E-4	4.042E-2
4.481	8.474E-4	4.026E-2
4.490	6.762E-4	3.977E-2
4.498	4.631E-4	3.906E-2
4.507	2.303E-4	3.820E-2
4.515	-3.927E-6	3.727E-2
4.523	-2.296E-4	3.642E-2
4.532	-4.091E-4	3.574E-2
4.540	-5.302E-4	3.532E-2
4.548	-6.268E-4	3.522E-2
4.557	-6.867E-4	3.543E-2
4.565	-6.449E-4	3.592E-2
4.574	-5.246E-4	3.667E-2
4.582	-3.096E-4	3.751E-2
4.590	-6.612E-5	3.839E-2
4.599	1.924E-4	3.920E-2
4.607	4.574E-4	3.983E-2
4.615	7.144E-4	4.024E-2
4.624	9.095E-4	4.034E-2
4.632	1.092E-3	4.010E-2
4.641	1.115E-3	3.961E-2
4.649	1.091E-3	3.889E-2
4.657	8.885E-4	3.804E-2
4.666	6.471E-4	3.713E-2
4.674	3.404E-4	3.634E-2
4.682	-4.801E-5	3.573E-2
4.691	-3.969E-4	3.539E-2
4.699	-7.235E-4	3.536E-2
4.708	-9.649E-4	3.559E-2
4.716	-1.066E-3	3.609E-2
4.724	-1.094E-3	3.681E-2
4.733	-9.876E-4	3.759E-2
4.741	-7.280E-4	3.838E-2
4.749	-3.351E-4	3.913E-2
4.758	1.234E-4	3.970E-2
4.766	5.923E-4	4.006E-2
4.775	1.039E-3	4.009E-2
4.783	1.345E-3	3.985E-2
4.791	1.580E-3	3.938E-2
4.800	1.623E-3	3.874E-2
4.808	1.545E-3	3.796E-2
4.816	1.245E-3	3.719E-2
4.825	7.671E-4	3.652E-2
4.833	2.248E-4	3.603E-2
4.842	-3.017E-4	3.576E-2
4.850	-7.835E-4	3.579E-2
4.858	-1.213E-3	3.603E-2
4.867	-1.459E-3	3.647E-2
4.875	-1.592E-3	3.710E-2
4.884	-1.467E-3	3.778E-2
4.892	-1.197E-3	3.843E-2
4.900	-7.407E-4	3.902E-2
4.909	-2.128E-4	3.948E-2
4.917	4.169E-4	3.975E-2
4.925	1.046E-3	3.977E-2
4.934	1.594E-3	3.958E-2
4.942	2.005E-3	3.917E-2
4.951	2.144E-3	3.863E-2
4.959	2.054E-3	3.802E-2
4.967	1.750E-3	3.741E-2
4.976	1.204E-3	3.689E-2
4.984	5.101E-4	3.650E-2
4.992	-2.110E-4	3.632E-2
5.001	-9.082E-4	3.632E-2
5.009	-1.445E-3	3.651E-2
5.018	-1.845E-3	3.684E-2
5.026	-1.992E-3	3.730E-2
5.034	-1.934E-3	3.780E-2
5.043	-1.646E-3	3.828E-2
5.051	-1.162E-3	3.867E-2
5.059	-5.008E-4	3.900E-2
5.068	2.395E-4	3.919E-2
5.076	9.967E-4	3.916E-2
5.085	1.684E-3	3.899E-2
5.093	2.206E-3	3.868E-2
5.101	2.473E-3	3.832E-2
5.110	2.438E-3	3.793E-2
5.118	2.060E-3	3.753E-2
5.126	1.450E-3	3.719E-2
5.135	6.678E-4	3.697E-2
5.143	-1.833E-4	3.684E-2
5.152	-9.649E-4	3.682E-2
5.160	-1.624E-3	3.694E-2
5.168	-2.076E-3	3.718E-2
5.177	-2.301E-3	3.747E-2
5.185	-2.292E-3	3.775E-2
5.193	-1.936E-3	3.802E-2
5.202	-1.407E-3	3.825E-2
5.210	-6.970E-4	3.842E-2
5.219	1.401E-4	3.851E-2
5.227	9.866E-4	3.849E-2
5.235	1.773E-3	3.843E-2
5.244	2.338E-3	3.830E-2
5.252	2.690E-3	3.811E-2
5.260	2.646E-3	3.794E-2
5.269	2.232E-3	3.776E-2
5.277	1.598E-3	3.763E-2
5.286	7.409E-4	3.752E-2
5.294	-1.568E-4	3.747E-2
5.302	-9.902E-4	3.746E-2
5.311	-1.665E-3	3.747E-2
5.319	-2.139E-3	3.751E-2
5.327	-2.363E-3	3.756E-2
5.336	-2.355E-3	3.759E-2
5.344	-2.045E-3	3.767E-2
5.353	-1.518E-3	3.773E-2
5.361	-7.844E-4	3.775E-2
5.369	5.537E-5	3.782E-2
5.378	9.259E-4	3.786E-2
5.386	1.751E-3	3.789E-2
5.394	2.342E-3	3.796E-2
5.403	2.705E-3	3.800E-2
5.411	2.694E-3	3.803E-2
5.420	2.285E-3	3.810E-2
5.428	1.650E-3	3.816E-2
5.436	8.289E-4	3.817E-2
5.445	-3.612E-5	3.817E-2
5.453	-8.823E-4	3.811E-2
5.461	-1.587E-3	3.799E-2
5.470	-2.081E-3	3.788E-2
5.478	-2.337E-3	3.771E-2
5.487	-2.338E-3	3.752E-2
5.495	-2.032E-3	3.737E-2
5.503	-1.511E-3	3.727E-2
5.512	-8.434E-4	3.723E-2
5.520	-3.422E-5	3.724E-2
5.528	8.366E-4	3.731E-2
5.537	1.597E-3	3.748E-2
5.545	2.209E-3	3.771E-2
5.554	2.495E-3	3.798E-2
5.562	2.499E-3	3.825E-2
5.570	2.194E-3	3.848E-2
5.579	1.586E-3	3.867E-2
5.587	8.424E-4	3.880E-2
5.596	2.375E-5	3.882E-2
5.604	-7.287E-4	3.866E-2
5.612	-1.392E-3	3.843E-2
5.621	-1.858E-3	3.812E-2
5.629	-2.110E-3	3.773E-2
5.637	-2.110E-3	3.734E-2
5.646	-1.844E-3	3.700E-2
5.654	-1.403E-3	3.674E-2
5.663	-7.559E-4	3.660E-2
5.671	-3.273E-5	3.659E-2
5.679	6.977E-4	3.675E-2
5.688	1.382E-3	3.705E-2
5.696	1.906E-3	3.748E-2
5.704	2.201E-3	3.796E-2
5.713	2.236E-3	3.844E-2
5.721	2.001E-3	3.887E-2
5.730	1.534E-3	3.920E-2
5.738	9.066E-4	3.935E-2
5.746	2.178E-4	3.934E-2
5.755	-4.446E-4	3.912E-2
5.763	-1.010E-3	3.877E-2
5.771	-1.425E-3	3.828E-2
5.780	-1.649E-3	3.772E-2
5.788	-1.663E-3	3.712E-2
5.797	-1.487E-3	3.659E-2
5.805	-1.140E-3	3.623E-2
5.813	-6.488E-4	3.609E-2
5.822	-5.425E-5	3.609E-2
5.830	5.365E-4	3.633E-2
5.838	1.095E-3	3.676E-2
5.847	1.542E-3	3.734E-2
5.855	1.808E-3	3.798E-2
5.864	1.835E-3	3.863E-2
5.872	1.666E-3	3.919E-2
5.880	1.346E-3	3.958E-2
5.889	8.877E-4	3.979E-2
5.897	3.841E-4	3.979E-2
5.905	-1.080E-4	3.949E-2
5.914	-5.505E-4	3.901E-2
5.922	-9.246E-4	3.839E-2
5.931	-1.162E-3	3.769E-2
5.939	-1.206E-3	3.699E-2
5.947	-1.159E-3	3.637E-2
5.956	-9.382E-4	3.591E-2
5.964	-5.666E-4	3.570E-2
5.972	-1.725E-4	3.574E-2
5.981	2.293E-4	3.603E-2
5.989	6.468E-4	3.657E-2
5.998	9.731E-4	3.728E-2
6.006	1.186E-3	3.804E-2
6.014	1.321E-3	3.880E-2
6.023	1.316E-3	3.944E-2
6.031	1.127E-3	3.987E-2
6.039	8.824E-4	4.008E-2
6.048	5.900E-4	4.002E-2
6.056	2.346E-4	3.965E-2
6.065	-7.311E-5	3.906E-2
6.073	-3.426E-4	3.833E-2
6.081	-5.224E-4	3.757E-2
6.090	-6.914E-4	3.675E-2
6.098	-7.128E-4	3.610E-2
6.106	-6.870E-4	3.563E-2
6.115	-5.126E-4	3.545E-2
6.123	-3.028E-4	3.554E-2
6.132	-5.561E-5	3.592E-2
6.140	1.962E-4	3.652E-2
6.148	4.292E-4	3.731E-2
6.157	6.524E-4	3.814E-2
6.165	8.379E-4	3.895E-2
6.173	9.157E-4	3.958E-2
6.182	9.210E-4	4.004E-2
6.190	9.004E-4	4.023E-2
6.199	8.293E-4	4.012E-2
6.207	6.703E-4	3.972E-2
6.215	4.504E-4	3.910E-2
6.224	2.333E-4	3.831E-2
6.232	9.628E-6	3.751E-2
6.240	-1.823E-4	3.671E-2
6.249	-3.204E-4	3.606E-2
6.257	-4.811E-4	3.563E-2
6.266	-4.963E-4	3.546E-2
6.274	-5.183E-4	3.559E-2
6.282	-4.950E-4	3.601E-2
6.291	-3.926E-4	3.662E-2
6.299	-2.539E-4	3.742E-2
6.308	-4.062E-5	3.828E-2
6.316	1.981E-4	3.904E-2
6.324	4.316E-4	3.968E-2
6.333	6.608E-4	4.007E-2
6.341	8.687E-4	4.022E-2
6.349	9.668E-4	4.008E-2
6.358	1.049E-3	3.965E-2
6.366	9.610E-4	3.902E-2
6.375	8.486E-4	3.825E-2
6.383	6.307E-4	3.743E-2
6.391	3.688E-4	3.670E-2
6.400	4.066E-5	3.609E-2
6.408	-2.730E-4	3.570E-2
6.416	-5.277E-4	3.558E-2
6.425	-7.374E-4	3.575E-2
6.433	-8.913E-4	3.613E-2
6.442	-9.259E-4	3.672E-2
6.450	-7.703E-4	3.747E-2
6.458	-5.659E-4	3.825E-2
6.467	-2.679E-4	3.896E-2
6.475	1.294E-4	3.952E-2
6.483	4.978E-4	3.987E-2
6.492	8.886E-4	3.997E-2
6.500	1.192E-3	3.982E-2
6.509	1.390E-3	3.942E-2
6.517	1.491E-3	3.883E-2
6.525	1.364E-3	3.815E-2
6.534	1.132E-3	3.742E-2
6.542	7.901E-4	3.679E-2
6.550	3.009E-4	3.628E-2
6.559	-2.068E-4	3.597E-2
6.567	-6.814E-4	3.587E-2
6.576	-1.061E-3	3.605E-2
6.584	-1.355E-3	3.642E-2
6.592	-1.474E-3	3.693E-2
6.601	-1.420E-3	3.757E-2
6.609	-1.192E-3	3.822E-2
6.617	-7.795E-4	3.883E-2
6.626	-2.899E-4	3.930E-2
6.634	2.457E-4	3.956E-2
6.643	8.228E-4	3.961E-2
6.651	1.334E-3	3.948E-2
6.659	1.744E-3	3.915E-2
6.668	1.912E-3	3.865E-2
6.676	1.869E-3	3.808E-2
6.684	1.595E-3	3.751E-2
6.693	1.148E-3	3.700E-2
6.701	5.803E-4	3.661E-2
6.710	-3.782E-5	3.636E-2
6.718	-6.768E-4	3.635E-2
6.726	-1.213E-3	3.646E-2
6.735	-1.605E-3	3.678E-2
6.743	-1.768E-3	3.721E-2
6.751	-1.773E-3	3.769E-2
6.760	-1.578E-3	3.818E-2
6.768	-1.168E-3	3.863E-2
6.777	-5.704E-4	3.894E-2
6.785	1.302E-4	3.912E-2
6.793	8.312E-4	3.914E-2
6.802	1.479E-3	3.905E-2
6.810	1.969E-3	3.881E-2
6.818	2.244E-3	3.845E-2
6.827	2.255E-3	3.803E-2
6.835	2.006E-3	3.763E-2
6.844	1.515E-3	3.729E-2
6.852	8.185E-4	3.704E-2
6.860	8.025E-5	3.686E-2
6.869	-6.733E-4	3.683E-2
6.877	-1.318E-3	3.694E-2
6.885	-1.817E-3	3.713E-2
6.894	-2.053E-3	3.739E-2
6.902	-2.070E-3	3.770E-2
6.911	-1.846E-3	3.798E-2
6.919	-1.393E-3	3.823E-2
6.927	-7.408E-4	3.841E-2
6.936	4.346E-7	3.852E-2
6.944	7.713E-4	3.851E-2
6.952	1.509E-3	3.844E-2
6.961	2.067E-3	3.833E-2
6.969	2.435E-3	3.817E-2
6.978	2.459E-3	3.797E-2
6.986	2.196E-3	3.778E-2
6.994	1.605E-3	3.761E-2
7.003	8.804E-4	3.751E-2
7.011	5.903E-5	3.745E-2
7.020	-7.121E-4	3.745E-2
7.028	-1.400E-3	3.746E-2
7.036	-1.896E-3	3.750E-2
7.045	-2.137E-3	3.756E-2
7.053	-2.132E-3	3.766E-2
7.061	-1.907E-3	3.774E-2
7.070	-1.448E-3	3.779E-2
7.078	-7.995E-4	3.786E-2
7.087	-2.438E-6	3.792E-2
7.095	7.950E-4	3.796E-2
7.103	1.556E-3	3.797E-2
7.112	2.120E-3	3.798E-2
7.120	2.482E-3	3.799E-2
7.128	2.505E-3	3.798E-2
7.137	2.246E-3	3.799E-2
7.145	1.682E-3	3.804E-2
7.154	9.336E-4	3.802E-2
7.162	1.331E-4	3.800E-2
7.170	-6.352E-4	3.796E-2
7.179	-1.347E-3	3.791E-2
7.187	-1.850E-3	3.779E-2
7.195	-2.127E-3	3.767E-2
7.204	-2.134E-3	3.754E-2
7.212	-1.906E-3	3.743E-2
7.221	-1.456E-3	3.731E-2
7.229	-8.382E-4	3.726E-2
7.237	-9.168E-5	3.727E-2
7.246	7.011E-4	3.731E-2
7.254	1.418E-3	3.745E-2
7.262	2.005E-3	3.764E-2
7.271	2.313E-3	3.790E-2
7.279	2.369E-3	3.815E-2
7.288	2.089E-3	3.838E-2
7.296	1.594E-3	3.857E-2
7.304	9.148E-4	3.867E-2
7.313	1.846E-4	3.867E-2
7.321	-5.388E-4	3.861E-2
7.329	-1.179E-3	3.842E-2
7.338	-1.650E-3	3.815E-2
7.346	-1.899E-3	3.780E-2
7.355	-1.912E-3	3.747E-2
7.363	-1.704E-3	3.717E-2
7.371	-1.349E-3	3.695E-2
7.380	-7.788E-4	3.680E-2
7.388	-9.066E-5	3.679E-2
7.396	6.191E-4	3.687E-2
7.405	1.292E-3	3.709E-2
7.413	1.811E-3	3.745E-2
7.422	2.088E-3	3.787E-2
7.430	2.132E-3	3.833E-2
7.438	1.948E-3	3.872E-2
7.447	1.523E-3	3.901E-2
7.455	9.380E-4	3.921E-2
7.463	2.969E-4	3.921E-2
7.472	-3.278E-4	3.906E-2
7.480	-8.936E-4	3.876E-2
7.489	-1.307E-3	3.837E-2
7.497	-1.597E-3	3.786E-2
7.505	-1.662E-3	3.735E-2
7.514	-1.474E-3	3.687E-2
7.522	-1.184E-3	3.651E-2
7.530	-7.169E-4	3.631E-2
7.539	-1.869E-4	3.632E-2
7.547	3.998E-4	3.650E-2
7.556	9.235E-4	3.683E-2
7.564	1.364E-3	3.731E-2
7.572	1.627E-3	3.786E-2
7.581	1.753E-3	3.847E-2
7.589	1.601E-3	3.899E-2
7.597	1.334E-3	3.937E-2
7.606	8.964E-4	3.959E-2
7.614	4.278E-4	3.959E-2
7.623	-5.103E-5	3.937E-2
7.631	-4.976E-4	3.898E-2
7.639	-8.571E-4	3.841E-2
7.648	-1.115E-3	3.777E-2
7.656	-1.210E-3	3.711E-2
7.664	-1.159E-3	3.653E-2
7.673	-9.620E-4	3.611E-2
7.681	-6.344E-4	3.587E-2
7.690	-2.657E-4	3.587E-2
7.698	1.689E-4	3.610E-2
7.706	5.957E-4	3.656E-2
7.715	9.124E-4	3.716E-2
7.723	1.136E-3	3.788E-2
7.732	1.299E-3	3.858E-2
7.740	1.300E-3	3.920E-2
7.748	1.133E-3	3.963E-2
7.757	8.890E-4	3.987E-2
7.765	6.082E-4	3.984E-2
7.773	2.458E-4	3.957E-2
7.782	-5.133E-5	3.910E-2
7.790	-3.130E-4	3.845E-2
7.799	-5.093E-4	3.770E-2
7.807	-6.852E-4	3.697E-2
7.815	-7.098E-4	3.634E-2
7.824	-6.795E-4	3.588E-2
7.832	-5.118E-4	3.565E-2
7.840	-2.968E-4	3.568E-2
7.849	-5.456E-5	3.595E-2
7.857	1.982E-4	3.644E-2
7.866	4.232E-4	3.712E-2
7.874	6.453E-4	3.785E-2
7.882	8.091E-4	3.863E-2
7.891	8.683E-4	3.929E-2
7.899	8.838E-4	3.977E-2
7.907	8.819E-4	4.001E-2
7.916	7.267E-4	3.997E-2
7.924	6.054E-4	3.966E-2
7.933	4.194E-4	3.913E-2
7.941	2.056E-4	3.843E-2
7.949	-4.016E-6	3.764E-2
7.958	-1.839E-4	3.690E-2
7.966	-2.971E-4	3.623E-2
7.974	-4.474E-4	3.582E-2
7.983	-5.019E-4	3.563E-2
7.991	-5.004E-4	3.568E-2
8.000	-4.605E-4	3.601E-2
8.008	-3.101E-4	3.657E-2
8.016	-1.695E-4	3.728E-2
8.025	-1.870E-5	3.804E-2
8.033	1.920E-4	3.877E-2
8.041	4.041E-4	3.940E-2
8.050	6.279E-4	3.982E-2
8.058	8.031E-4	4.001E-2
8.067	8.613E-4	3.995E-2
8.075	8.811E-4	3.961E-2
8.083	8.655E-4	3.909E-2
8.092	7.330E-4	3.839E-2
8.100	5.518E-4	3.764E-2
8.108	2.764E-4	3.690E-2
8.117	-1.061E-5	3.629E-2
8.125	-2.765E-4	3.589E-2
8.134	-5.126E-4	3.572E-2
8.142	-7.027E-4	3.580E-2
8.150	-7.740E-4	3.614E-2
8.159	-7.685E-4	3.667E-2
8.167	-7.399E-4	3.734E-2
8.175	-5.286E-4	3.804E-2
8.184	-2.764E-4	3.870E-2
8.192	4.251E-5	3.926E-2
8.201	3.985E-4	3.965E-2
8.209	7.200E-4	3.981E-2
8.217	1.056E-3	3.970E-2
8.226	1.268E-3	3.938E-2
8.234	1.324E-3	3.887E-2
8.242	1.303E-3	3.824E-2
8.251	1.115E-3	3.753E-2
8.259	8.129E-4	3.689E-2
8.268	4.139E-4	3.635E-2
8.276	-1.950E-5	3.603E-2
8.284	-4.471E-4	3.593E-2
8.293	-7.743E-4	3.603E-2
8.301	-1.035E-3	3.634E-2
8.309	-1.174E-3	3.684E-2
8.318	-1.177E-3	3.742E-2
8.326	-9.675E-4	3.805E-2
8.335	-6.795E-4	3.861E-2
8.343	-2.641E-4	3.909E-2
8.351	2.213E-4	3.938E-2
8.360	7.127E-4	3.950E-2
8.368	1.167E-3	3.939E-2
8.377	1.553E-3	3.910E-2
8.385	1.763E-3	3.865E-2
8.393	1.783E-3	3.813E-2
8.402	1.585E-3	3.758E-2
8.410	1.187E-3	3.705E-2
8.418	6.667E-4	3.663E-2
8.427	1.005E-4	3.638E-2
8.435	-4.841E-4	3.631E-2
8.444	-9.846E-4	3.641E-2
8.452	-1.374E-3	3.663E-2
8.460	-1.597E-3	3.702E-2
8.469	-1.613E-3	3.749E-2
8.477	-1.440E-3	3.796E-2
8.485	-1.061E-3	3.841E-2
8.494	-5.729E-4	3.874E-2
8.502	2.237E-5	3.893E-2
8.511	6.519E-4	3.898E-2
8.519	1.252E-3	3.889E-2
8.527	1.739E-3	3.866E-2
8.536	2.023E-3	3.834E-2
8.544	2.051E-3	3.797E-2
8.552	1.838E-3	3.757E-2
8.561	1.416E-3	3.724E-2
8.569	8.231E-4	3.698E-2
8.578	1.684E-4	3.682E-2
8.586	-5.043E-4	3.678E-2
8.594	-1.114E-3	3.683E-2
8.603	-1.568E-3	3.702E-2
8.611	-1.859E-3	3.728E-2
8.619	-1.897E-3	3.756E-2
8.628	-1.683E-3	3.785E-2
8.636	-1.315E-3	3.815E-2
8.645	-7.543E-4	3.837E-2
8.653	-7.606E-5	3.848E-2
8.661	6.392E-4	3.851E-2
8.670	1.334E-3	3.846E-2
8.678	1.865E-3	3.833E-2
8.686	2.223E-3	3.817E-2
8.695	2.281E-3	3.797E-2
8.703	2.066E-3	3.776E-2
8.712	1.613E-3	3.757E-2
8.720	9.464E-4	3.745E-2
8.728	2.244E-4	3.738E-2
8.737	-5.060E-4	3.738E-2
8.745	-1.163E-3	3.742E-2
8.753	-1.650E-3	3.745E-2
8.762	-1.910E-3	3.755E-2
8.770	-1.948E-3	3.767E-2
8.779	-1.795E-3	3.775E-2
8.787	-1.417E-3	3.786E-2
8.795	-8.558E-4	3.794E-2
8.804	-1.593E-4	3.798E-2
8.812	5.805E-4	3.799E-2
8.820	1.317E-3	3.799E-2
8.829	1.884E-3	3.798E-2
8.837	2.258E-3	3.798E-2
8.846	2.311E-3	3.798E-2
8.854	2.109E-3	3.797E-2
8.862	1.646E-3	3.797E-2
8.871	9.768E-4	3.797E-2
8.879	2.342E-4	3.796E-2
8.887	-5.018E-4	3.793E-2
8.896	-1.168E-3	3.788E-2
8.904	-1.653E-3	3.779E-2
8.913	-1.921E-3	3.771E-2
8.921	-1.949E-3	3.759E-2
8.929	-1.813E-3	3.749E-2
8.938	-1.435E-3	3.743E-2
8.946	-8.989E-4	3.739E-2
8.954	-2.194E-4	3.741E-2
8.963	5.018E-4	3.747E-2
8.971	1.201E-3	3.755E-2
8.980	1.776E-3	3.769E-2
8.988	2.115E-3	3.789E-2
8.996	2.234E-3	3.808E-2
9.005	2.040E-3	3.831E-2
9.013	1.609E-3	3.846E-2
9.021	1.001E-3	3.857E-2
9.030	2.785E-4	3.859E-2
9.038	-4.231E-4	3.860E-2
9.047	-1.025E-3	3.841E-2
9.055	-1.464E-3	3.818E-2
9.063	-1.713E-3	3.792E-2
9.072	-1.830E-3	3.763E-2
9.080	-1.673E-3	3.735E-2
9.089	-1.355E-3	3.710E-2
9.097	-8.392E-4	3.695E-2
9.105	-2.394E-4	3.691E-2
9.114	4.287E-4	3.695E-2
9.122	1.078E-3	3.717E-2
9.130	1.579E-3	3.747E-2
9.139	1.909E-3	3.782E-2
9.147	2.016E-3	3.819E-2
9.156	1.835E-3	3.855E-2
9.164	1.524E-3	3.886E-2
9.172	9.930E-4	3.905E-2
9.181	3.973E-4	3.910E-2
9.189	-2.171E-4	3.901E-2
9.197	-7.420E-4	3.879E-2
9.206	-1.188E-3	3.844E-2
9.214	-1.439E-3	3.798E-2
9.223	-1.503E-3	3.751E-2
9.231	-1.414E-3	3.707E-2
9.239	-1.156E-3	3.672E-2
9.248	-7.256E-4	3.653E-2
9.256	-2.245E-4	3.649E-2
9.264	3.194E-4	3.660E-2
9.273	8.441E-4	3.687E-2
9.281	1.302E-3	3.727E-2
9.290	1.582E-3	3.778E-2
9.298	1.698E-3	3.830E-2
9.306	1.579E-3	3.877E-2
9.315	1.338E-3	3.917E-2
9.323	9.252E-4	3.938E-2
9.331	4.646E-4	3.943E-2
9.340	-1.301E-5	3.929E-2
9.348	-4.567E-4	3.894E-2
9.357	-7.669E-4	3.846E-2
9.365	-9.989E-4	3.789E-2
9.373	-1.149E-3	3.731E-2
9.382	-1.105E-3	3.676E-2
9.390	-9.593E-4	3.635E-2
9.398	-6.634E-4	3.608E-2
9.407	-2.884E-4	3.606E-2
9.415	1.451E-4	3.623E-2
9.424	5.256E-4	3.660E-2
9.432	8.642E-4	3.712E-2
9.440	1.108E-3	3.774E-2
9.449	1.235E-3	3.839E-2
9.457	1.204E-3	3.897E-2
9.465	1.088E-3	3.940E-2
9.474	8.592E-4	3.964E-2
9.482	5.903E-4	3.966E-2
9.491	2.384E-4	3.944E-2
9.499	-6.157E-5	3.902E-2
9.507	-3.126E-4	3.846E-2
9.516	-5.114E-4	3.780E-2
9.524	-6.837E-4	3.712E-2
9.532	-7.213E-4	3.652E-2
9.541	-6.784E-4	3.608E-2
9.549	-5.193E-4	3.582E-2
9.558	-3.023E-4	3.582E-2
9.566	-5.802E-5	3.606E-2
9.574	1.908E-4	3.650E-2
9.583	4.215E-4	3.708E-2
9.591	6.430E-4	3.778E-2
9.599	7.791E-4	3.847E-2
9.608	8.632E-4	3.911E-2
9.616	8.752E-4	3.956E-2
9.625	8.514E-4	3.982E-2
9.633	6.973E-4	3.982E-2
9.641	5.614E-4	3.957E-2
9.650	3.763E-4	3.912E-2
9.658	1.914E-4	3.848E-2
9.666	-2.155E-5	3.776E-2
9.675	-1.891E-4	3.706E-2
9.683	-2.931E-4	3.644E-2
9.692	-3.994E-4	3.596E-2
9.700	-4.690E-4	3.571E-2
9.708	-4.721E-4	3.569E-2
9.717	-3.531E-4	3.596E-2
9.725	-2.907E-4	3.641E-2
9.733	-9.653E-5	3.704E-2
9.742	5.513E-5	3.774E-2
9.750	2.031E-4	3.845E-2
9.759	4.030E-4	3.907E-2
9.767	6.011E-4	3.954E-2
9.775	7.032E-4	3.979E-2
9.784	8.275E-4	3.978E-2
9.792	8.572E-4	3.951E-2
9.801	8.313E-4	3.905E-2
9.809	6.786E-4	3.843E-2
9.817	5.079E-4	3.773E-2
9.826	3.016E-4	3.703E-2
9.834	5.575E-5	3.646E-2
9.842	-1.998E-4	3.607E-2
9.851	-4.142E-4	3.586E-2
9.859	-5.586E-4	3.587E-2
9.868	-6.765E-4	3.619E-2
9.876	-7.141E-4	3.663E-2
9.884	-6.286E-4	3.723E-2
9.893	-5.125E-4	3.791E-2
9.901	-2.826E-4	3.857E-2
9.909	-1.144E-5	3.915E-2
9.918	3.234E-4	3.953E-2
9.926	6.081E-4	3.973E-2
9.935	8.678E-4	3.969E-2
9.943	1.089E-3	3.944E-2
9.951	1.144E-3	3.897E-2
9.960	1.138E-3	3.837E-2
9.968	9.686E-4	3.773E-2
9.976	6.860E-4	3.708E-2
9.985	3.733E-4	3.657E-2
9.993	-1.420E-5	3.621E-2
10.002	-3.562E-4	3.605E-2
10.010	-7.323E-4	3.611E-2
10.018	-9.725E-4	3.639E-2
10.027	-1.074E-3	3.681E-2
10.035	-1.101E-3	3.733E-2
10.043	-9.858E-4	3.791E-2
10.052	-7.088E-4	3.848E-2
10.060	-3.266E-4	3.894E-2
10.069	1.439E-4	3.926E-2
10.077	6.041E-4	3.940E-2
10.085	1.039E-3	3.933E-2
10.094	1.326E-3	3.910E-2
10.102	1.550E-3	3.870E-2
10.110	1.572E-3	3.819E-2
10.119	1.408E-3	3.767E-2
10.127	1.112E-3	3.716E-2
10.136	6.645E-4	3.678E-2
10.144	1.773E-4	3.652E-2
10.152	-3.192E-4	3.641E-2
10.161	-7.632E-4	3.644E-2
10.169	-1.164E-3	3.666E-2
10.177	-1.389E-3	3.701E-2
10.186	-1.426E-3	3.745E-2
10.194	-1.255E-3	3.792E-2
10.203	-9.683E-4	3.835E-2
10.211	-5.178E-4	3.871E-2
10.219	-2.555E-6	3.892E-2
10.228	5.835E-4	3.902E-2
10.236	1.140E-3	3.896E-2
10.244	1.580E-3	3.877E-2
10.253	1.844E-3	3.848E-2
10.261	1.911E-3	3.811E-2
10.270	1.788E-3	3.772E-2
10.278	1.423E-3	3.737E-2
10.286	8.822E-4	3.706E-2
10.295	2.737E-4	3.688E-2
10.303	-3.379E-4	3.680E-2
10.311	-9.044E-4	3.684E-2
10.320	-1.362E-3	3.702E-2
10.328	-1.646E-3	3.726E-2
10.337	-1.678E-3	3.754E-2
10.345	-1.576E-3	3.782E-2
10.353	-1.237E-3	3.809E-2
10.362	-7.401E-4	3.834E-2
10.370	-1.503E-4	3.847E-2
10.378	4.887E-4	3.850E-2
10.387	1.126E-3	3.847E-2
10.395	1.636E-3	3.836E-2
10.404	2.008E-3	3.820E-2
10.412	2.074E-3	3.798E-2
10.420	1.980E-3	3.777E-2
10.429	1.592E-3	3.757E-2
10.437	1.017E-3	3.743E-2
10.445	3.226E-4	3.734E-2
10.454	-3.709E-4	3.728E-2
10.462	-9.976E-4	3.729E-2
10.471	-1.459E-3	3.734E-2
10.479	-1.712E-3	3.746E-2
10.487	-1.848E-3	3.756E-2
10.496	-1.679E-3	3.768E-2
10.504	-1.383E-3	3.779E-2
10.513	-8.882E-4	3.788E-2
10.521	-2.546E-4	3.795E-2
10.529	4.420E-4	3.796E-2
10.538	1.119E-3	3.799E-2
10.546	1.674E-3	3.798E-2
10.554	2.035E-3	3.795E-2
10.563	2.178E-3	3.795E-2
10.571	2.015E-3	3.794E-2
10.580	1.616E-3	3.795E-2
10.588	1.058E-3	3.791E-2
10.596	3.881E-4	3.791E-2
10.605	-2.850E-4	3.791E-2
10.613	-9.295E-4	3.786E-2
10.621	-1.423E-3	3.779E-2
10.630	-1.699E-3	3.773E-2
10.638	-1.843E-3	3.768E-2
10.647	-1.682E-3	3.761E-2
10.655	-1.389E-3	3.756E-2
10.663	-8.980E-4	3.750E-2
10.672	-2.722E-4	3.750E-2
10.680	4.222E-4	3.750E-2
10.688	1.090E-3	3.760E-2
10.697	1.632E-3	3.769E-2
10.705	2.025E-3	3.783E-2
10.714	2.106E-3	3.800E-2
10.722	2.015E-3	3.817E-2
10.730	1.622E-3	3.831E-2
10.739	1.095E-3	3.842E-2
10.747	4.450E-4	3.843E-2
10.755	-2.170E-4	3.840E-2
10.764	-7.931E-4	3.828E-2
10.772	-1.251E-3	3.810E-2
10.781	-1.591E-3	3.790E-2
10.789	-1.664E-3	3.767E-2
10.797	-1.597E-3	3.745E-2
10.806	-1.272E-3	3.723E-2
10.814	-8.007E-4	3.709E-2
10.822	-2.359E-4	3.703E-2
10.831	3.872E-4	3.705E-2
10.839	9.885E-4	3.723E-2
10.848	1.514E-3	3.747E-2
10.856	1.836E-3	3.775E-2
10.864	1.976E-3	3.809E-2
10.873	1.855E-3	3.842E-2
10.881	1.568E-3	3.868E-2
10.889	1.106E-3	3.887E-2
10.898	5.209E-4	3.892E-2
10.906	-5.872E-5	3.886E-2
10.915	-5.671E-4	3.866E-2
10.923	-9.846E-4	3.838E-2
10.931	-1.259E-3	3.798E-2
10.940	-1.381E-3	3.757E-2
10.948	-1.339E-3	3.717E-2
10.956	-1.103E-3	3.686E-2
10.965	-7.237E-4	3.663E-2
10.973	-2.615E-4	3.656E-2
10.982	2.491E-4	3.661E-2
10.990	7.565E-4	3.685E-2
10.998	1.170E-3	3.721E-2
11.007	1.496E-3	3.766E-2
11.015	1.570E-3	3.814E-2
11.023	1.548E-3	3.861E-2
11.032	1.325E-3	3.898E-2
11.040	9.523E-4	3.919E-2
11.049	5.058E-4	3.927E-2
11.057	3.427E-5	3.917E-2
11.065	-3.973E-4	3.889E-2
11.074	-7.578E-4	3.848E-2
11.082	-9.940E-4	3.797E-2
11.090	-1.118E-3	3.745E-2
11.099	-1.099E-3	3.694E-2
11.107	-9.616E-4	3.655E-2
11.116	-6.852E-4	3.631E-2
11.124	-3.224E-4	3.624E-2
11.132	8.566E-5	3.636E-2
11.141	4.360E-4	3.665E-2
11.149	8.146E-4	3.710E-2
11.157	1.083E-3	3.765E-2
11.166	1.177E-3	3.823E-2
11.174	1.167E-3	3.878E-2
11.183	1.087E-3	3.923E-2
11.191	8.631E-4	3.954E-2
11.199	6.031E-4	3.959E-2
11.208	2.536E-4	3.945E-2
11.216	-5.147E-5	3.909E-2
11.225	-3.000E-4	3.861E-2
11.233	-5.068E-4	3.802E-2
11.241	-6.696E-4	3.737E-2
11.250	-7.024E-4	3.681E-2
11.258	-6.695E-4	3.635E-2
11.266	-5.188E-4	3.609E-2
11.275	-2.994E-4	3.604E-2
11.283	-5.903E-5	3.618E-2
11.292	1.897E-4	3.655E-2
11.300	4.205E-4	3.708E-2
11.308	6.401E-4	3.772E-2
11.317	7.715E-4	3.836E-2
11.325	8.575E-4	3.894E-2
11.333	8.672E-4	3.938E-2
11.342	8.284E-4	3.965E-2
11.350	6.780E-4	3.964E-2
11.359	5.011E-4	3.949E-2
11.367	3.481E-4	3.911E-2
11.375	1.875E-4	3.859E-2
11.384	-1.527E-5	3.795E-2
11.392	-1.895E-4	3.727E-2
11.400	-2.830E-4	3.666E-2
11.409	-3.339E-4	3.619E-2
11.417	-3.390E-4	3.592E-2
11.426	-2.829E-4	3.588E-2
11.434	-2.364E-4	3.608E-2
11.442	-1.084E-4	3.649E-2
11.451	1.221E-5	3.707E-2
11.459	1.959E-4	3.773E-2
11.467	3.413E-4	3.838E-2
11.476	4.472E-4	3.896E-2
11.484	6.193E-4	3.940E-2
11.493	6.863E-4	3.963E-2
11.501	7.412E-4	3.962E-2
11.509	7.208E-4	3.942E-2
11.518	6.650E-4	3.900E-2
11.526	6.086E-4	3.845E-2
11.534	4.347E-4	3.783E-2
11.543	2.424E-4	3.715E-2
11.551	5.126E-5	3.659E-2
11.560	-1.236E-4	3.616E-2
11.568	-3.168E-4	3.593E-2
11.576	-4.933E-4	3.592E-2
11.585	-5.333E-4	3.613E-2
11.593	-5.286E-4	3.653E-2
11.601	-5.015E-4	3.710E-2
11.610	-3.560E-4	3.773E-2
11.618	-2.110E-4	3.836E-2
11.627	1.676E-5	3.889E-2
11.635	2.866E-4	3.931E-2
11.643	5.387E-4	3.953E-2
11.652	7.550E-4	3.955E-2
11.660	8.966E-4	3.933E-2
11.668	1.019E-3	3.893E-2
11.677	9.592E-4	3.840E-2
11.685	8.237E-4	3.781E-2
11.694	6.227E-4	3.720E-2
11.702	3.684E-4	3.669E-2
11.710	3.174E-5	3.635E-2
11.719	-2.973E-4	3.615E-2
11.727	-5.522E-4	3.617E-2
11.735	-7.585E-4	3.636E-2
11.744	-9.314E-4	3.674E-2
11.752	-9.482E-4	3.726E-2
11.761	-7.745E-4	3.783E-2
11.769	-5.580E-4	3.836E-2
11.777	-2.621E-4	3.884E-2
11.786	1.535E-4	3.917E-2
11.794	5.166E-4	3.933E-2
11.802	8.879E-4	3.932E-2
11.811	1.183E-3	3.910E-2
11.819	1.364E-3	3.874E-2
11.828	1.403E-3	3.826E-2
11.836	1.321E-3	3.775E-2
11.844	1.088E-3	3.726E-2
11.853	6.823E-4	3.684E-2
11.861	2.266E-4	3.655E-2
11.870	-2.407E-4	3.643E-2
11.878	-6.676E-4	3.643E-2
11.886	-9.952E-4	3.661E-2
11.895	-1.210E-3	3.689E-2
11.903	-1.242E-3	3.730E-2
11.911	-1.180E-3	3.775E-2
11.920	-9.373E-4	3.818E-2
11.928	-5.257E-4	3.854E-2
11.937	-4.762E-5	3.883E-2
11.945	4.517E-4	3.894E-2
11.953	9.297E-4	3.890E-2
11.962	1.362E-3	3.872E-2
11.970	1.628E-3	3.843E-2
11.978	1.774E-3	3.808E-2
11.987	1.630E-3	3.773E-2
11.995	1.346E-3	3.738E-2
12.004	8.952E-4	3.711E-2
12.012	3.690E-4	3.690E-2
12.020	-2.046E-4	3.679E-2
12.029	-7.216E-4	3.683E-2
12.037	-1.171E-3	3.698E-2
12.045	-1.432E-3	3.722E-2
12.054	-1.500E-3	3.750E-2
12.062	-1.418E-3	3.779E-2
12.071	-1.164E-3	3.806E-2
12.079	-7.148E-4	3.827E-2
12.087	-1.989E-4	3.843E-2
12.096	3.999E-4	3.848E-2
12.104	9.717E-4	3.846E-2
12.112	1.488E-3	3.835E-2
12.121	1.801E-3	3.819E-2
12.129	1.970E-3	3.797E-2
12.138	1.838E-3	3.776E-2
12.146	1.555E-3	3.755E-2
12.154	1.058E-3	3.740E-2
12.163	4.582E-4	3.730E-2
12.171	-1.844E-4	3.728E-2
12.179	-7.485E-4	3.728E-2
12.188	-1.220E-3	3.732E-2
12.196	-1.541E-3	3.744E-2
12.205	-1.666E-3	3.756E-2
12.213	-1.612E-3	3.769E-2
12.221	-1.307E-3	3.782E-2
12.230	-8.893E-4	3.792E-2
12.238	-3.044E-4	3.798E-2
12.246	3.241E-4	3.801E-2
12.255	9.231E-4	3.800E-2
12.263	1.505E-3	3.798E-2
12.272	1.848E-3	3.797E-2
12.280	2.028E-3	3.792E-2
12.288	1.937E-3	3.789E-2
12.297	1.580E-3	3.787E-2
12.305	1.099E-3	3.786E-2
12.313	4.619E-4	3.785E-2
12.322	-1.931E-4	3.787E-2
12.330	-7.686E-4	3.785E-2
12.339	-1.241E-3	3.779E-2
12.347	-1.596E-3	3.774E-2
12.355	-1.681E-3	3.771E-2
12.364	-1.640E-3	3.768E-2
12.372	-1.373E-3	3.769E-2
12.380	-9.267E-4	3.769E-2
12.389	-3.354E-4	3.764E-2
12.397	2.919E-4	3.768E-2
12.406	9.059E-4	3.773E-2
12.414	1.444E-3	3.777E-2
12.422	1.801E-3	3.791E-2
12.431	2.007E-3	3.801E-2
12.439	1.888E-3	3.815E-2
12.447	1.578E-3	3.824E-2
12.456	1.111E-3	3.831E-2
12.464	4.992E-4	3.838E-2
12.473	-1.092E-4	3.838E-2
12.481	-6.863E-4	3.827E-2
12.489	-1.174E-3	3.813E-2
12.498	-1.455E-3	3.795E-2
12.506	-1.618E-3	3.773E-2
12.514	-1.514E-3	3.752E-2
12.523	-1.282E-3	3.733E-2
12.531	-9.261E-4	3.721E-2
12.540	-3.877E-4	3.713E-2
12.548	1.896E-4	3.713E-2
12.556	7.711E-4	3.725E-2
12.565	1.278E-3	3.744E-2
12.573	1.614E-3	3.770E-2
12.582	1.779E-3	3.798E-2
12.590	1.763E-3	3.826E-2
12.598	1.516E-3	3.848E-2
12.607	1.095E-3	3.865E-2
12.615	5.665E-4	3.873E-2
12.623	-2.831E-5	3.867E-2
12.632	-5.200E-4	3.852E-2
12.640	-9.604E-4	3.825E-2
12.649	-1.220E-3	3.793E-2
12.657	-1.383E-3	3.757E-2
12.665	-1.371E-3	3.723E-2
12.674	-1.154E-3	3.695E-2
12.682	-7.667E-4	3.674E-2
12.690	-3.155E-4	3.668E-2
12.699	1.914E-4	3.670E-2
12.707	6.680E-4	3.689E-2
12.716	1.112E-3	3.718E-2
12.724	1.386E-3	3.758E-2
12.732	1.568E-3	3.798E-2
12.741	1.558E-3	3.840E-2
12.749	1.348E-3	3.877E-2
12.757	1.011E-3	3.902E-2
12.766	5.955E-4	3.913E-2
12.774	1.637E-4	3.908E-2
12.783	-2.729E-4	3.886E-2
12.791	-6.406E-4	3.850E-2
12.799	-9.324E-4	3.803E-2
12.808	-1.018E-3	3.755E-2
12.816	-9.939E-4	3.707E-2
12.824	-8.901E-4	3.668E-2
12.833	-6.497E-4	3.641E-2
12.841	-2.949E-4	3.630E-2
12.850	9.354E-5	3.638E-2
12.858	4.252E-4	3.661E-2
12.866	7.888E-4	3.701E-2
12.875	1.048E-3	3.749E-2
12.883	1.148E-3	3.802E-2
12.891	1.143E-3	3.853E-2
12.900	1.091E-3	3.898E-2
12.908	8.728E-4	3.926E-2
12.917	6.200E-4	3.937E-2
12.925	2.748E-4	3.928E-2
12.933	-4.682E-5	3.900E-2
12.942	-2.910E-4	3.861E-2
12.950	-5.090E-4	3.805E-2
12.958	-6.627E-4	3.747E-2
12.967	-7.160E-4	3.696E-2
12.975	-6.674E-4	3.653E-2
12.984	-5.223E-4	3.626E-2
12.992	-3.040E-4	3.615E-2
13.000	-6.026E-5	3.628E-2
13.009	1.891E-4	3.658E-2
13.017	4.207E-4	3.704E-2
13.025	6.392E-4	3.758E-2
13.034	7.773E-4	3.819E-2
13.042	8.534E-4	3.876E-2
13.051	8.633E-4	3.918E-2
13.059	8.136E-4	3.946E-2
13.067	6.711E-4	3.956E-2
13.076	4.767E-4	3.943E-2
13.084	2.896E-4	3.909E-2
13.092	1.303E-4	3.861E-2
13.101	-4.367E-5	3.803E-2
13.109	-2.197E-4	3.739E-2
13.118	-2.853E-4	3.685E-2
13.126	-3.154E-4	3.638E-2
13.134	-3.077E-4	3.610E-2
13.143	-2.626E-4	3.606E-2
13.151	-2.277E-4	3.617E-2
13.159	-6.872E-5	3.653E-2
13.168	2.669E-5	3.703E-2
13.176	1.990E-4	3.762E-2
13.185	3.496E-4	3.826E-2
13.193	4.635E-4	3.882E-2
13.201	6.153E-4	3.930E-2
13.210	6.724E-4	3.956E-2
13.218	6.889E-4	3.960E-2
13.226	6.780E-4	3.945E-2
13.235	6.445E-4	3.908E-2
13.243	5.285E-4	3.858E-2
13.252	4.060E-4	3.798E-2
13.260	2.161E-4	3.734E-2
13.268	5.166E-5	3.680E-2
13.277	-9.386E-5	3.637E-2
13.285	-2.632E-4	3.612E-2
13.294	-3.460E-4	3.608E-2
13.302	-3.477E-4	3.626E-2
13.310	-4.437E-4	3.662E-2
13.319	-4.420E-4	3.710E-2
13.327	-3.030E-4	3.769E-2
13.335	-1.034E-4	3.827E-2
13.344	1.213E-4	3.881E-2
13.352	3.566E-4	3.924E-2
13.361	5.998E-4	3.949E-2
13.369	8.019E-4	3.954E-2
13.377	9.048E-4	3.936E-2
13.386	9.456E-4	3.902E-2
13.394	9.182E-4	3.853E-2
13.402	8.583E-4	3.798E-2
13.411	6.616E-4	3.741E-2
13.419	4.166E-4	3.690E-2
13.428	1.532E-4	3.653E-2
13.436	-1.486E-4	3.633E-2
13.444	-4.618E-4	3.632E-2
13.453	-6.829E-4	3.650E-2
13.461	-7.503E-4	3.684E-2
13.469	-7.496E-4	3.730E-2
13.478	-7.162E-4	3.781E-2
13.486	-5.142E-4	3.831E-2
13.495	-2.619E-4	3.880E-2
13.503	1.033E-4	3.914E-2
13.511	4.166E-4	3.932E-2
13.520	7.637E-4	3.933E-2
13.528	1.072E-3	3.914E-2
13.536	1.240E-3	3.885E-2
13.545	1.303E-3	3.842E-2
13.553	1.198E-3	3.793E-2
13.562	9.793E-4	3.745E-2
13.570	6.372E-4	3.703E-2
13.578	2.315E-4	3.674E-2
13.587	-1.688E-4	3.658E-2
13.595	-5.553E-4	3.658E-2
13.603	-8.664E-4	3.676E-2
13.612	-1.095E-3	3.704E-2
13.620	-1.173E-3	3.745E-2
13.629	-1.124E-3	3.787E-2
13.637	-9.279E-4	3.829E-2
13.645	-5.761E-4	3.863E-2
13.654	-1.386E-4	3.889E-2
13.662	2.964E-4	3.901E-2
13.670	7.435E-4	3.904E-2
13.679	1.124E-3	3.890E-2
13.687	1.403E-3	3.863E-2
13.696	1.533E-3	3.828E-2
13.704	1.508E-3	3.792E-2
13.712	1.285E-3	3.755E-2
13.721	8.790E-4	3.723E-2
13.729	4.081E-4	3.702E-2
13.737	-8.384E-5	3.691E-2
13.746	-5.589E-4	3.697E-2
13.754	-9.653E-4	3.707E-2
13.763	-1.225E-3	3.729E-2
13.771	-1.377E-3	3.755E-2
13.779	-1.313E-3	3.784E-2
13.788	-1.112E-3	3.815E-2
13.796	-7.314E-4	3.839E-2
13.804	-2.604E-4	3.857E-2
13.813	2.751E-4	3.865E-2
13.821	8.382E-4	3.865E-2
13.830	1.322E-3	3.853E-2
13.838	1.651E-3	3.841E-2
13.846	1.800E-3	3.820E-2
13.855	1.773E-3	3.796E-2
13.863	1.520E-3	3.773E-2
13.871	1.085E-3	3.754E-2
13.880	5.291E-4	3.743E-2
13.888	-5.016E-5	3.737E-2
13.897	-5.953E-4	3.733E-2
13.905	-1.078E-3	3.738E-2
13.913	-1.427E-3	3.751E-2
13.922	-1.583E-3	3.766E-2
13.930	-1.516E-3	3.779E-2
13.938	-1.268E-3	3.793E-2
13.947	-8.807E-4	3.802E-2
13.955	-3.775E-4	3.812E-2
13.964	1.878E-4	3.817E-2
13.972	7.875E-4	3.817E-2
13.980	1.305E-3	3.816E-2
13.989	1.702E-3	3.810E-2
13.997	1.824E-3	3.804E-2
14.006	1.788E-3	3.796E-2
14.014	1.546E-3	3.792E-2
14.022	1.098E-3	3.788E-2
14.031	5.229E-4	3.781E-2
14.039	-9.958E-5	3.775E-2
14.047	-6.363E-4	3.774E-2
14.056	-1.131E-3	3.772E-2
14.064	-1.457E-3	3.772E-2
14.073	-1.619E-3	3.772E-2
14.081	-1.575E-3	3.770E-2
14.089	-1.307E-3	3.770E-2
14.098	-9.631E-4	3.770E-2
14.106	-4.455E-4	3.770E-2
14.114	1.564E-4	3.771E-2
14.123	7.348E-4	3.772E-2
14.131	1.286E-3	3.778E-2
14.140	1.657E-3	3.789E-2
14.148	1.812E-3	3.797E-2
14.156	1.789E-3	3.804E-2
14.165	1.550E-3	3.814E-2
14.173	1.116E-3	3.820E-2
14.181	5.788E-4	3.820E-2
14.190	-7.701E-6	3.820E-2
14.198	-5.340E-4	3.816E-2
14.207	-9.897E-4	3.803E-2
14.215	-1.328E-3	3.790E-2
14.223	-1.458E-3	3.772E-2
14.232	-1.440E-3	3.754E-2
14.240	-1.207E-3	3.739E-2
14.248	-8.405E-4	3.729E-2
14.257	-3.671E-4	3.724E-2
14.265	1.670E-4	3.725E-2
14.274	6.988E-4	3.732E-2
14.282	1.187E-3	3.747E-2
14.290	1.556E-3	3.770E-2
14.299	1.757E-3	3.794E-2
14.307	1.727E-3	3.818E-2
14.315	1.470E-3	3.841E-2
14.324	1.083E-3	3.859E-2
14.332	5.965E-4	3.865E-2
14.341	7.196E-5	3.864E-2
14.349	-4.492E-4	3.852E-2
14.357	-8.579E-4	3.829E-2
14.366	-1.194E-3	3.800E-2
14.374	-1.326E-3	3.770E-2
14.382	-1.334E-3	3.739E-2
14.391	-1.168E-3	3.712E-2
14.399	-8.021E-4	3.693E-2
14.408	-3.974E-4	3.682E-2
14.416	6.132E-5	3.683E-2
14.424	5.264E-4	3.700E-2
14.433	9.307E-4	3.724E-2
14.441	1.279E-3	3.757E-2
14.449	1.439E-3	3.794E-2
14.458	1.405E-3	3.831E-2
14.466	1.257E-3	3.865E-2
14.475	9.098E-4	3.889E-2
14.483	5.104E-4	3.899E-2
14.491	7.537E-5	3.894E-2
14.500	-3.421E-4	3.875E-2
14.508	-6.792E-4	3.844E-2
14.516	-9.348E-4	3.803E-2
14.525	-1.081E-3	3.760E-2
14.533	-1.112E-3	3.716E-2
14.542	-9.878E-4	3.682E-2
14.550	-7.464E-4	3.657E-2
14.558	-4.070E-4	3.646E-2
14.567	-5.133E-5	3.653E-2
14.575	3.440E-4	3.673E-2
14.583	6.498E-4	3.707E-2
14.592	9.161E-4	3.751E-2
14.600	1.076E-3	3.799E-2
14.609	1.106E-3	3.843E-2
14.617	1.063E-3	3.884E-2
14.625	8.538E-4	3.913E-2
14.634	6.100E-4	3.926E-2
14.642	2.694E-4	3.924E-2
14.651	-3.878E-5	3.900E-2
14.659	-2.952E-4	3.864E-2
14.667	-5.115E-4	3.818E-2
14.676	-6.538E-4	3.766E-2
14.684	-7.206E-4	3.715E-2
14.692	-6.696E-4	3.676E-2
14.701	-5.252E-4	3.647E-2
14.709	-3.046E-4	3.637E-2
14.718	-6.239E-5	3.641E-2
14.726	1.867E-4	3.663E-2
14.734	4.190E-4	3.704E-2
14.743	6.403E-4	3.755E-2
14.751	7.850E-4	3.811E-2
14.759	8.487E-4	3.864E-2
14.768	8.608E-4	3.907E-2
14.776	7.847E-4	3.935E-2
14.785	6.323E-4	3.946E-2
14.793	4.346E-4	3.938E-2
14.801	2.444E-4	3.910E-2
14.810	6.003E-5	3.868E-2
14.818	-9.028E-5	3.816E-2
14.826	-2.589E-4	3.758E-2
14.835	-3.043E-4	3.703E-2
14.843	-3.336E-4	3.658E-2
14.852	-3.110E-4	3.630E-2
14.860	-2.583E-4	3.619E-2
14.868	-1.942E-4	3.629E-2
14.877	-4.967E-5	3.657E-2
14.885	7.716E-5	3.702E-2
14.893	1.963E-4	3.757E-2
14.902	3.693E-4	3.815E-2
14.910	4.549E-4	3.869E-2
14.919	5.918E-4	3.911E-2
14.927	6.530E-4	3.939E-2
14.935	6.637E-4	3.948E-2
14.944	6.520E-4	3.937E-2
14.952	6.259E-4	3.907E-2
14.960	4.569E-4	3.862E-2
14.969	3.791E-4	3.809E-2
14.977	2.162E-4	3.752E-2
14.986	5.101E-5	3.699E-2
14.994	-6.316E-5	3.656E-2
15.002	-2.353E-4	3.629E-2
15.011	-2.827E-4	3.621E-2
15.019	-3.188E-4	3.633E-2
15.027	-3.036E-4	3.661E-2
15.036	-2.614E-4	3.706E-2
15.044	-2.019E-4	3.760E-2
15.053	-3.530E-5	3.816E-2
15.061	1.703E-4	3.868E-2
15.069	3.576E-4	3.909E-2
15.078	5.382E-4	3.933E-2
15.086	6.744E-4	3.938E-2
15.094	8.361E-4	3.927E-2
15.103	8.926E-4	3.896E-2
15.111	8.915E-4	3.848E-2
15.120	8.102E-4	3.796E-2
15.128	6.595E-4	3.744E-2
15.136	4.348E-4	3.697E-2
15.145	1.996E-4	3.658E-2
15.153	-5.363E-5	3.635E-2
15.161	-2.804E-4	3.631E-2
15.170	-4.752E-4	3.646E-2
15.178	-6.074E-4	3.677E-2
15.187	-6.759E-4	3.721E-2
15.195	-5.685E-4	3.772E-2
15.203	-4.510E-4	3.821E-2
15.212	-2.249E-4	3.866E-2
15.220	8.331E-5	3.902E-2
15.228	3.897E-4	3.921E-2
15.237	6.663E-4	3.924E-2
15.245	9.108E-4	3.912E-2
15.254	1.110E-3	3.884E-2
15.262	1.146E-3	3.842E-2
15.270	1.111E-3	3.796E-2
15.279	9.054E-4	3.750E-2
15.287	6.462E-4	3.708E-2
15.295	3.036E-4	3.677E-2
15.304	-7.056E-5	3.659E-2
15.312	-4.390E-4	3.658E-2
15.321	-7.341E-4	3.671E-2
15.329	-9.495E-4	3.700E-2
15.337	-9.925E-4	3.734E-2
15.346	-9.739E-4	3.774E-2
15.354	-7.487E-4	3.816E-2
15.363	-4.859E-4	3.852E-2
15.371	-9.101E-5	3.878E-2
15.379	3.095E-4	3.893E-2
15.388	6.924E-4	3.892E-2
15.396	1.092E-3	3.882E-2
15.404	1.341E-3	3.860E-2
15.413	1.455E-3	3.826E-2
15.421	1.396E-3	3.791E-2
15.430	1.188E-3	3.755E-2
15.438	8.556E-4	3.725E-2
15.446	4.283E-4	3.702E-2
15.455	-4.127E-5	3.690E-2
15.463	-4.858E-4	3.686E-2
15.471	-8.583E-4	3.698E-2
15.480	-1.157E-3	3.718E-2
15.488	-1.244E-3	3.747E-2
15.497	-1.220E-3	3.775E-2
15.505	-1.003E-3	3.803E-2
15.513	-7.073E-4	3.827E-2
15.522	-2.615E-4	3.844E-2
15.530	2.249E-4	3.855E-2
15.538	7.102E-4	3.857E-2
15.547	1.152E-3	3.848E-2
15.555	1.512E-3	3.832E-2
15.564	1.651E-3	3.813E-2
15.572	1.622E-3	3.792E-2
15.580	1.383E-3	3.769E-2
15.589	1.045E-3	3.750E-2
15.597	5.619E-4	3.737E-2
15.605	-7.087E-6	3.728E-2
15.614	-5.133E-4	3.728E-2
15.622	-9.605E-4	3.730E-2
15.631	-1.232E-3	3.744E-2
15.639	-1.413E-3	3.758E-2
15.647	-1.402E-3	3.772E-2
15.656	-1.196E-3	3.790E-2
15.664	-8.096E-4	3.801E-2
15.672	-3.391E-4	3.812E-2
15.681	2.070E-4	3.818E-2
15.689	7.379E-4	3.818E-2
15.698	1.221E-3	3.816E-2
15.706	1.572E-3	3.810E-2
15.714	1.786E-3	3.800E-2
15.723	1.795E-3	3.794E-2
15.731	1.566E-3	3.787E-2
15.739	1.144E-3	3.778E-2
15.748	6.496E-4	3.773E-2
15.756	5.748E-5	3.771E-2
15.765	-4.848E-4	3.771E-2
15.773	-9.516E-4	3.771E-2
15.781	-1.250E-3	3.771E-2
15.790	-1.423E-3	3.772E-2
15.798	-1.417E-3	3.772E-2
15.806	-1.203E-3	3.772E-2
15.815	-8.625E-4	3.773E-2
15.823	-4.052E-4	3.773E-2
15.832	1.547E-4	3.775E-2
15.840	6.943E-4	3.777E-2
15.848	1.188E-3	3.781E-2
15.857	1.566E-3	3.787E-2
15.865	1.784E-3	3.794E-2
15.873	1.794E-3	3.797E-2
15.882	1.564E-3	3.803E-2
15.890	1.159E-3	3.809E-2
15.899	6.588E-4	3.814E-2
15.907	1.173E-4	3.815E-2
15.915	-4.105E-4	3.810E-2
15.924	-8.900E-4	3.802E-2
15.932	-1.211E-3	3.791E-2
15.940	-1.395E-3	3.776E-2
15.949	-1.398E-3	3.765E-2
15.957	-1.205E-3	3.751E-2
15.966	-8.614E-4	3.743E-2
15.974	-4.341E-4	3.742E-2
15.982	8.697E-5	3.742E-2
15.991	6.040E-4	3.748E-2
15.999	1.098E-3	3.757E-2
16.007	1.442E-3	3.773E-2
16.016	1.598E-3	3.794E-2
16.024	1.595E-3	3.815E-2
16.033	1.405E-3	3.835E-2
16.041	1.076E-3	3.848E-2
16.049	6.267E-4	3.857E-2
16.058	1.552E-4	3.859E-2
16.066	-3.176E-4	3.848E-2
16.075	-7.313E-4	3.830E-2
16.083	-1.014E-3	3.810E-2
16.091	-1.189E-3	3.783E-2
16.100	-1.192E-3	3.753E-2
16.108	-1.010E-3	3.728E-2
16.116	-7.235E-4	3.708E-2
16.125	-3.254E-4	3.699E-2
16.133	1.396E-4	3.700E-2
16.142	6.062E-4	3.709E-2
16.150	1.002E-3	3.729E-2
16.158	1.324E-3	3.756E-2
16.167	1.469E-3	3.790E-2
16.175	1.433E-3	3.822E-2
16.183	1.320E-3	3.850E-2
16.192	1.046E-3	3.872E-2
16.200	6.736E-4	3.884E-2
16.209	2.429E-4	3.885E-2
16.217	-1.680E-4	3.870E-2
16.225	-5.210E-4	3.844E-2
16.234	-7.478E-4	3.810E-2
16.242	-9.508E-4	3.773E-2
16.250	-9.598E-4	3.735E-2
16.259	-8.299E-4	3.700E-2
16.267	-6.654E-4	3.676E-2
16.276	-3.359E-4	3.663E-2
16.284	1.568E-6	3.661E-2
16.292	3.931E-4	3.679E-2
16.301	7.042E-4	3.707E-2
16.309	9.496E-4	3.744E-2
16.317	1.113E-3	3.790E-2
16.326	1.133E-3	3.834E-2
16.334	1.093E-3	3.872E-2
16.343	8.780E-4	3.897E-2
16.351	6.334E-4	3.910E-2
16.359	3.440E-4	3.909E-2
16.368	-1.643E-5	3.890E-2
16.376	-2.839E-4	3.857E-2
16.384	-5.092E-4	3.817E-2
16.393	-6.303E-4	3.770E-2
16.401	-7.094E-4	3.723E-2
16.410	-6.609E-4	3.683E-2
16.418	-5.305E-4	3.655E-2
16.426	-3.086E-4	3.640E-2
16.435	-6.807E-5	3.642E-2
16.443	1.865E-4	3.662E-2
16.451	4.174E-4	3.697E-2
16.460	6.394E-4	3.745E-2
16.468	7.838E-4	3.795E-2
16.477	8.500E-4	3.844E-2
16.485	8.560E-4	3.885E-2
16.493	7.541E-4	3.915E-2
16.502	6.225E-4	3.929E-2
16.510	4.271E-4	3.925E-2
16.518	2.230E-4	3.905E-2
16.527	2.953E-5	3.867E-2
16.535	-1.070E-4	3.819E-2
16.544	-2.605E-4	3.767E-2
16.552	-2.970E-4	3.715E-2
16.560	-3.224E-4	3.675E-2
16.569	-2.880E-4	3.647E-2
16.577	-2.494E-4	3.636E-2
16.585	-1.291E-4	3.640E-2
16.594	-3.877E-5	3.662E-2
16.602	1.435E-4	3.703E-2
16.611	2.376E-4	3.753E-2
16.619	4.044E-4	3.803E-2
16.627	4.746E-4	3.853E-2
16.636	5.961E-4	3.899E-2
16.644	6.419E-4	3.927E-2
16.652	6.465E-4	3.938E-2
16.661	6.221E-4	3.931E-2
16.669	5.310E-4	3.905E-2
16.678	4.227E-4	3.866E-2
16.686	2.803E-4	3.816E-2
16.694	1.793E-4	3.761E-2
16.703	-2.530E-6	3.711E-2
16.711	-6.709E-5	3.668E-2
16.719	-2.073E-4	3.641E-2
16.728	-2.703E-4	3.632E-2
16.736	-2.812E-4	3.639E-2
16.745	-2.750E-4	3.665E-2
16.753	-2.626E-4	3.704E-2
16.761	-1.155E-4	3.754E-2
16.770	-1.035E-5	3.805E-2
16.778	1.864E-4	3.852E-2
16.787	3.459E-4	3.891E-2
16.795	4.427E-4	3.917E-2
16.803	6.242E-4	3.923E-2
16.812	6.873E-4	3.918E-2
16.820	7.424E-4	3.889E-2
16.828	7.091E-4	3.849E-2
16.837	6.367E-4	3.800E-2
16.845	4.834E-4	3.748E-2
16.854	3.175E-4	3.701E-2
16.862	1.165E-4	3.662E-2
16.870	-9.067E-5	3.639E-2
16.879	-2.866E-4	3.633E-2
16.887	-4.747E-4	3.642E-2
16.895	-5.284E-4	3.667E-2
16.904	-5.213E-4	3.705E-2
16.912	-5.119E-4	3.752E-2
16.921	-3.368E-4	3.799E-2
16.929	-1.401E-4	3.843E-2
16.937	9.797E-5	3.880E-2
16.946	3.650E-4	3.903E-2
16.954	6.368E-4	3.909E-2
16.962	8.703E-4	3.901E-2
16.971	1.045E-3	3.879E-2
16.979	1.124E-3	3.843E-2
16.988	1.093E-3	3.799E-2
16.996	9.076E-4	3.752E-2
17.004	6.624E-4	3.710E-2
17.013	3.815E-4	3.678E-2
17.021	1.792E-5	3.660E-2
17.029	-2.749E-4	3.656E-2
17.038	-5.331E-4	3.666E-2
17.046	-7.169E-4	3.688E-2
17.055	-7.944E-4	3.722E-2
17.063	-7.505E-4	3.763E-2
17.071	-6.411E-4	3.804E-2
17.080	-4.200E-4	3.839E-2
17.088	-6.923E-5	3.867E-2
17.096	2.639E-4	3.885E-2
17.105	6.527E-4	3.886E-2
17.113	9.614E-4	3.881E-2
17.122	1.192E-3	3.859E-2
17.130	1.337E-3	3.830E-2
17.138	1.338E-3	3.794E-2
17.147	1.137E-3	3.757E-2
17.155	8.694E-4	3.725E-2
17.163	4.677E-4	3.702E-2
17.172	4.415E-5	3.688E-2
17.180	-3.508E-4	3.685E-2
17.189	-7.429E-4	3.695E-2
17.197	-9.859E-4	3.714E-2
17.205	-1.144E-3	3.739E-2
17.214	-1.145E-3	3.770E-2
17.222	-9.828E-4	3.799E-2
17.230	-6.994E-4	3.823E-2
17.239	-2.978E-4	3.842E-2
17.247	1.693E-4	3.854E-2
17.256	6.342E-4	3.858E-2
17.264	1.071E-3	3.851E-2
17.272	1.356E-3	3.835E-2
17.281	1.557E-3	3.815E-2
17.289	1.568E-3	3.793E-2
17.297	1.366E-3	3.770E-2
17.306	1.060E-3	3.750E-2
17.314	6.279E-4	3.734E-2
17.323	1.544E-4	3.726E-2
17.331	-3.156E-4	3.725E-2
17.339	-7.219E-4	3.730E-2
17.348	-1.033E-3	3.742E-2
17.356	-1.184E-3	3.757E-2
17.364	-1.185E-3	3.773E-2
17.373	-1.017E-3	3.791E-2
17.381	-7.021E-4	3.802E-2
17.390	-2.892E-4	3.815E-2
17.398	1.982E-4	3.820E-2
17.406	6.920E-4	3.820E-2
17.415	1.152E-3	3.820E-2
17.423	1.522E-3	3.811E-2
17.431	1.681E-3	3.799E-2
17.440	1.659E-3	3.792E-2
17.448	1.510E-3	3.781E-2
17.457	1.155E-3	3.771E-2
17.465	6.773E-4	3.769E-2
17.473	1.744E-4	3.767E-2
17.482	-3.204E-4	3.767E-2
17.490	-7.521E-4	3.768E-2
17.499	-1.112E-3	3.770E-2
17.507	-1.266E-3	3.772E-2
17.515	-1.255E-3	3.773E-2
17.524	-1.119E-3	3.773E-2
17.532	-7.704E-4	3.777E-2
17.540	-3.333E-4	3.778E-2
17.549	1.789E-4	3.779E-2
17.557	6.864E-4	3.780E-2
17.566	1.151E-3	3.782E-2
17.574	1.529E-3	3.779E-2
17.582	1.710E-3	3.786E-2
17.591	1.679E-3	3.793E-2
17.599	1.531E-3	3.794E-2
17.607	1.170E-3	3.798E-2
17.616	6.922E-4	3.799E-2
17.624	1.922E-4	3.798E-2
17.633	-3.047E-4	3.796E-2
17.641	-7.260E-4	3.792E-2
17.649	-1.068E-3	3.785E-2
17.658	-1.238E-3	3.774E-2
17.666	-1.240E-3	3.765E-2
17.674	-1.116E-3	3.755E-2
17.683	-7.914E-4	3.747E-2
17.691	-3.734E-4	3.744E-2
17.700	8.010E-5	3.745E-2
17.708	5.791E-4	3.749E-2
17.716	1.056E-3	3.757E-2
17.725	1.372E-3	3.770E-2
17.733	1.583E-3	3.789E-2
17.741	1.592E-3	3.804E-2
17.750	1.411E-3	3.820E-2
17.758	1.114E-3	3.833E-2
17.767	6.737E-4	3.842E-2
17.775	2.088E-4	3.842E-2
17.783	-2.591E-4	3.838E-2
17.792	-6.745E-4	3.823E-2
17.800	-9.735E-4	3.802E-2
17.808	-1.159E-3	3.778E-2
17.817	-1.182E-3	3.754E-2
17.825	-1.008E-3	3.730E-2
17.834	-7.449E-4	3.712E-2
17.842	-3.879E-4	3.702E-2
17.850	9.684E-6	3.702E-2
17.859	4.485E-4	3.708E-2
17.867	8.597E-4	3.726E-2
17.875	1.161E-3	3.750E-2
17.884	1.347E-3	3.778E-2
17.892	1.358E-3	3.806E-2
17.901	1.288E-3	3.833E-2
17.909	1.042E-3	3.856E-2
17.917	6.702E-4	3.869E-2
17.926	2.587E-4	3.869E-2
17.934	-1.142E-4	3.859E-2
17.942	-4.809E-4	3.841E-2
17.951	-7.224E-4	3.812E-2
17.959	-9.164E-4	3.778E-2
17.968	-9.544E-4	3.744E-2
17.976	-8.114E-4	3.713E-2
17.984	-6.810E-4	3.687E-2
17.993	-3.642E-4	3.672E-2
18.001	-5.481E-5	3.675E-2
18.009	3.461E-4	3.686E-2
18.018	6.273E-4	3.709E-2
18.026	8.851E-4	3.743E-2
18.035	1.091E-3	3.784E-2
18.043	1.103E-3	3.825E-2
18.051	1.087E-3	3.859E-2
18.060	8.779E-4	3.885E-2
18.068	6.426E-4	3.900E-2
18.076	3.609E-4	3.904E-2
18.085	2.530E-5	3.889E-2
18.093	-2.585E-4	3.862E-2
18.102	-4.837E-4	3.824E-2
18.110	-5.748E-4	3.780E-2
18.118	-6.582E-4	3.737E-2
18.127	-5.956E-4	3.697E-2
18.135	-5.166E-4	3.670E-2
18.144	-2.948E-4	3.658E-2
18.152	-5.520E-5	3.658E-2
18.160	1.916E-4	3.676E-2
18.169	4.234E-4	3.704E-2
18.177	6.469E-4	3.746E-2
18.185	8.136E-4	3.793E-2
18.194	8.828E-4	3.840E-2
18.202	8.839E-4	3.881E-2
18.211	7.983E-4	3.909E-2
18.219	6.332E-4	3.924E-2
18.227	4.306E-4	3.924E-2
18.236	2.192E-4	3.909E-2
18.244	1.493E-5	3.873E-2
18.252	-1.115E-4	3.828E-2
18.261	-2.585E-4	3.778E-2
18.269	-2.943E-4	3.729E-2
18.278	-3.059E-4	3.687E-2
18.286	-2.723E-4	3.656E-2
18.294	-2.388E-4	3.642E-2
18.303	-8.547E-5	3.644E-2
18.311	1.289E-5	3.661E-2
18.319	1.974E-4	3.696E-2
18.328	2.989E-4	3.743E-2
18.336	4.178E-4	3.794E-2
18.345	4.935E-4	3.842E-2
18.353	5.690E-4	3.885E-2
18.361	6.051E-4	3.913E-2
18.370	6.103E-4	3.927E-2
18.378	5.370E-4	3.923E-2
18.386	4.232E-4	3.904E-2
18.395	3.724E-4	3.868E-2
18.403	2.106E-4	3.821E-2
18.412	1.451E-4	3.770E-2
18.420	-1.284E-5	3.724E-2
18.428	-6.338E-5	3.682E-2
18.437	-1.780E-4	3.655E-2
18.445	-2.518E-4	3.641E-2
18.453	-2.592E-4	3.644E-2
18.462	-2.552E-4	3.665E-2
18.470	-1.968E-4	3.701E-2
18.479	-7.785E-5	3.748E-2
18.487	4.784E-6	3.798E-2
18.495	1.742E-4	3.845E-2
18.504	2.904E-4	3.886E-2
18.512	4.091E-4	3.912E-2
18.520	5.533E-4	3.923E-2
18.529	6.097E-4	3.918E-2
18.537	6.454E-4	3.892E-2
18.546	6.416E-4	3.856E-2
18.554	6.066E-4	3.812E-2
18.562	4.428E-4	3.765E-2
18.571	2.993E-4	3.721E-2
18.579	1.524E-4	3.684E-2
18.587	-5.462E-5	3.657E-2
18.596	-2.498E-4	3.651E-2
18.604	-3.447E-4	3.656E-2
18.613	-4.665E-4	3.680E-2
18.621	-4.891E-4	3.715E-2
18.629	-4.568E-4	3.759E-2
18.638	-3.019E-4	3.803E-2
18.646	-1.054E-4	3.846E-2
18.654	1.332E-4	3.882E-2
18.663	3.727E-4	3.905E-2
18.671	6.198E-4	3.913E-2
18.680	8.390E-4	3.906E-2
18.688	9.413E-4	3.885E-2
18.696	9.859E-4	3.849E-2
18.705	9.468E-4	3.806E-2
18.713	8.476E-4	3.760E-2
18.721	6.383E-4	3.724E-2
18.730	3.846E-4	3.693E-2
18.738	8.744E-5	3.675E-2
18.747	-2.433E-4	3.669E-2
18.755	-4.908E-4	3.679E-2
18.763	-6.823E-4	3.702E-2
18.772	-7.386E-4	3.732E-2
18.780	-7.335E-4	3.770E-2
18.788	-6.067E-4	3.806E-2
18.797	-4.380E-4	3.841E-2
18.805	-1.331E-4	3.868E-2
18.814	1.716E-4	3.887E-2
18.822	5.112E-4	3.891E-2
18.830	8.318E-4	3.884E-2
18.839	1.089E-3	3.864E-2
18.847	1.173E-3	3.837E-2
18.856	1.162E-3	3.800E-2
18.864	1.077E-3	3.767E-2
18.872	8.350E-4	3.735E-2
18.881	4.720E-4	3.708E-2
18.889	1.302E-4	3.696E-2
18.897	-2.661E-4	3.692E-2
18.906	-5.684E-4	3.701E-2
18.914	-7.846E-4	3.720E-2
18.923	-9.475E-4	3.746E-2
18.931	-9.557E-4	3.774E-2
18.939	-7.971E-4	3.801E-2
18.948	-5.433E-4	3.827E-2
18.956	-2.235E-4	3.844E-2
18.964	1.942E-4	3.857E-2
18.973	6.069E-4	3.861E-2
18.981	9.720E-4	3.856E-2
18.990	1.295E-3	3.842E-2
18.998	1.429E-3	3.821E-2
19.006	1.417E-3	3.797E-2
19.015	1.317E-3	3.772E-2
19.023	1.022E-3	3.750E-2
19.031	6.216E-4	3.733E-2
19.040	1.810E-4	3.725E-2
19.048	-2.682E-4	3.724E-2
19.057	-6.742E-4	3.728E-2
19.065	-9.674E-4	3.741E-2
19.073	-1.152E-3	3.756E-2
19.082	-1.176E-3	3.773E-2
19.090	-1.004E-3	3.791E-2
19.098	-7.358E-4	3.804E-2
19.107	-3.487E-4	3.816E-2
19.115	5.360E-5	3.821E-2
19.124	5.067E-4	3.822E-2
19.132	9.243E-4	3.820E-2
19.140	1.304E-3	3.813E-2
19.149	1.527E-3	3.801E-2
19.157	1.564E-3	3.792E-2
19.165	1.377E-3	3.778E-2
19.174	1.102E-3	3.769E-2
19.182	6.660E-4	3.764E-2
19.191	2.003E-4	3.759E-2
19.199	-2.766E-4	3.755E-2
19.207	-6.991E-4	3.755E-2
19.216	-1.004E-3	3.754E-2
19.224	-1.192E-3	3.762E-2
19.232	-1.202E-3	3.770E-2
19.241	-1.090E-3	3.774E-2
19.249	-7.848E-4	3.778E-2
19.258	-4.151E-4	3.781E-2
19.266	2.372E-5	3.779E-2
19.274	5.089E-4	3.779E-2
19.283	9.463E-4	3.782E-2
19.291	1.321E-3	3.780E-2
19.299	1.552E-3	3.780E-2
19.308	1.573E-3	3.779E-2
19.316	1.400E-3	3.778E-2
19.325	1.114E-3	3.777E-2
19.333	6.827E-4	3.778E-2
19.341	2.092E-4	3.777E-2
19.350	-2.651E-4	3.775E-2
19.358	-6.927E-4	3.771E-2
19.366	-9.943E-4	3.767E-2
19.375	-1.197E-3	3.759E-2
19.383	-1.199E-3	3.750E-2
19.392	-1.080E-3	3.746E-2
19.400	-7.871E-4	3.741E-2
19.408	-4.426E-4	3.738E-2
19.417	-3.450E-6	3.742E-2
19.425	4.594E-4	3.745E-2
19.433	8.958E-4	3.754E-2
19.442	1.289E-3	3.766E-2
19.450	1.484E-3	3.778E-2
19.459	1.521E-3	3.794E-2
19.467	1.360E-3	3.807E-2
19.475	1.102E-3	3.821E-2
19.484	6.874E-4	3.825E-2
19.492	2.357E-4	3.826E-2
19.500	-2.173E-4	3.821E-2
19.509	-5.741E-4	3.812E-2
19.517	-8.960E-4	3.796E-2
19.526	-1.067E-3	3.777E-2
19.534	-1.114E-3	3.756E-2
19.542	-1.017E-3	3.736E-2
19.551	-7.562E-4	3.722E-2
19.559	-4.328E-4	3.711E-2
19.568	-3.571E-5	3.708E-2
19.576	4.023E-4	3.710E-2
19.584	8.360E-4	3.726E-2
19.593	1.127E-3	3.749E-2
19.601	1.335E-3	3.772E-2
19.609	1.345E-3	3.797E-2
19.618	1.292E-3	3.821E-2
19.626	1.060E-3	3.841E-2
19.635	6.931E-4	3.853E-2
19.643	3.146E-4	3.853E-2
19.651	-6.420E-5	3.848E-2
19.660	-4.350E-4	3.831E-2
19.668	-7.082E-4	3.810E-2
19.676	-8.630E-4	3.782E-2
19.685	-9.375E-4	3.748E-2
19.693	-7.974E-4	3.721E-2
19.702	-6.414E-4	3.700E-2
19.710	-3.460E-4	3.687E-2
19.718	-3.274E-5	3.682E-2
19.727	3.407E-4	3.693E-2
19.735	6.368E-4	3.716E-2
19.743	8.805E-4	3.747E-2
19.752	1.098E-3	3.780E-2
19.760	1.122E-3	3.815E-2
19.769	1.096E-3	3.847E-2
19.777	8.892E-4	3.870E-2
19.785	6.526E-4	3.886E-2
19.794	3.769E-4	3.887E-2
19.802	5.134E-5	3.877E-2
19.810	-2.483E-4	3.856E-2
19.819	-4.779E-4	3.823E-2
19.827	-5.646E-4	3.785E-2
19.836	-6.136E-4	3.748E-2
19.844	-5.878E-4	3.710E-2
19.852	-5.210E-4	3.681E-2
19.861	-2.996E-4	3.667E-2
19.869	-5.956E-5	3.662E-2
19.877	1.900E-4	3.676E-2
19.886	4.251E-4	3.703E-2
19.894	6.490E-4	3.740E-2
19.903	7.813E-4	3.782E-2
19.911	8.549E-4	3.822E-2
19.919	8.585E-4	3.859E-2
19.928	7.402E-4	3.889E-2
19.936	6.198E-4	3.906E-2
19.944	4.172E-4	3.907E-2
19.953	2.045E-4	3.890E-2
19.961	-2.729E-6	3.863E-2
19.970	-1.558E-4	3.825E-2
19.978	-2.911E-4	3.779E-2
19.986	-3.315E-4	3.732E-2
19.995	-3.152E-4	3.693E-2
20.003	-2.851E-4	3.665E-2
20.011	-2.397E-4	3.651E-2
20.020	-7.226E-5	3.653E-2
20.028	3.095E-5	3.670E-2
20.037	1.970E-4	3.702E-2
20.045	3.556E-4	3.745E-2
20.053	4.487E-4	3.791E-2
20.062	5.601E-4	3.838E-2
20.070	6.066E-4	3.878E-2
20.078	6.276E-4	3.908E-2
20.087	6.095E-4	3.920E-2
20.095	6.083E-4	3.917E-2
20.104	4.494E-4	3.896E-2
20.112	3.532E-4	3.863E-2
20.120	2.354E-4	3.821E-2
20.129	1.372E-4	3.775E-2
20.137	9.846E-6	3.728E-2
20.145	-4.600E-5	3.687E-2
20.154	-1.004E-4	3.658E-2
20.162	-1.160E-4	3.646E-2
20.171	-1.766E-4	3.652E-2
20.179	-1.391E-4	3.670E-2
20.187	-8.150E-5	3.705E-2
20.196	-2.385E-5	3.748E-2
20.204	1.351E-4	3.795E-2
20.212	2.163E-4	3.841E-2
20.221	3.716E-4	3.880E-2
20.229	4.497E-4	3.908E-2
20.238	5.484E-4	3.918E-2
20.246	5.602E-4	3.915E-2
20.254	5.992E-4	3.891E-2
20.263	6.054E-4	3.858E-2
20.271	5.161E-4	3.818E-2
20.280	4.091E-4	3.772E-2
20.288	2.406E-4	3.727E-2
20.296	1.241E-4	3.689E-2
20.305	-3.552E-5	3.662E-2
20.313	-1.931E-4	3.652E-2
20.321	-2.865E-4	3.657E-2
20.330	-3.369E-4	3.677E-2
20.338	-3.390E-4	3.709E-2
20.347	-2.749E-4	3.750E-2
20.355	-1.972E-4	3.795E-2
20.363	-3.988E-5	3.837E-2
20.372	1.632E-4	3.871E-2
20.380	3.658E-4	3.892E-2
20.388	5.777E-4	3.903E-2
20.397	6.854E-4	3.902E-2
20.405	8.533E-4	3.882E-2
20.414	8.919E-4	3.849E-2
20.422	8.844E-4	3.809E-2
20.430	7.441E-4	3.771E-2
20.439	5.846E-4	3.730E-2
20.447	3.711E-4	3.699E-2
20.455		3.678E-2
20.464		3.673E-2
20.472		3.679E-2
20.481		3.699E-2
20.489		3.727E-2
20.497		3.763E-2
20.506		3.802E-2
20.514		3.837E-2
20.522		3.865E-2
20.531		3.885E-2
20.539		3.890E-2
20.548		3.885E-2
20.556		3.866E-2
20.564		3.839E-2
