#multi:
	mass A	mass B	
t	x	x	
0.000	-4.469E-3	3.140E-2
0.008	-4.466E-3	3.141E-2
0.017	-4.466E-3	3.141E-2
0.025	-4.463E-3	3.141E-2
0.034	-4.460E-3	3.140E-2
0.042	-4.455E-3	3.140E-2
0.050	-4.417E-3	3.140E-2
0.059	-4.319E-3	3.140E-2
0.067	-4.193E-3	3.140E-2
0.075	-4.040E-3	3.140E-2
0.084	-3.839E-3	3.140E-2
0.092	-3.547E-3	3.142E-2
0.101	-3.147E-3	3.145E-2
0.109	-2.475E-3	3.147E-2
0.117	-1.484E-3	3.151E-2
0.126	-3.277E-4	3.160E-2
0.134	9.367E-4	3.171E-2
0.142	2.048E-3	3.187E-2
0.151	2.877E-3	3.208E-2
0.159	3.355E-3	3.234E-2
0.168	3.347E-3	3.262E-2
0.176	3.000E-3	3.287E-2
0.184	2.325E-3	3.305E-2
0.193	1.255E-3	3.315E-2
0.201	1.369E-4	3.316E-2
0.209	-1.011E-3	3.295E-2
0.218	-1.980E-3	3.261E-2
0.226	-2.602E-3	3.213E-2
0.235	-2.954E-3	3.159E-2
0.243	-2.881E-3	3.105E-2
0.251	-2.407E-3	3.053E-2
0.260	-1.711E-3	3.018E-2
0.268	-7.691E-4	3.006E-2
0.276	2.430E-4	3.016E-2
0.285	1.174E-3	3.053E-2
0.293	1.988E-3	3.113E-2
0.302	2.475E-3	3.188E-2
0.310	2.631E-3	3.270E-2
0.318	2.515E-3	3.346E-2
0.327	2.057E-3	3.407E-2
0.335	1.383E-3	3.445E-2
0.343	6.680E-4	3.451E-2
0.352	-1.516E-4	3.431E-2
0.360	-8.760E-4	3.381E-2
0.369	-1.379E-3	3.307E-2
0.377	-1.785E-3	3.213E-2
0.385	-1.891E-3	3.113E-2
0.394	-1.754E-3	3.021E-2
0.402	-1.463E-3	2.951E-2
0.410	-9.945E-4	2.912E-2
0.419	-4.289E-4	2.912E-2
0.427	1.018E-4	2.957E-2
0.436	6.011E-4	3.036E-2
0.444	9.826E-4	3.139E-2
0.452	1.220E-3	3.252E-2
0.461	1.357E-3	3.363E-2
0.469	1.326E-3	3.451E-2
0.477	1.143E-3	3.509E-2
0.486	9.495E-4	3.528E-2
0.494	6.630E-4	3.514E-2
0.503	3.723E-4	3.460E-2
0.511	1.144E-4	3.375E-2
0.519	-1.752E-4	3.269E-2
0.528	-3.548E-4	3.147E-2
0.536	-5.342E-4	3.033E-2
0.544	-7.086E-4	2.940E-2
0.553	-7.594E-4	2.882E-2
0.561	-8.282E-4	2.873E-2
0.570	-8.252E-4	2.910E-2
0.578	-8.157E-4	2.987E-2
0.586	-7.107E-4	3.092E-2
0.595	-5.427E-4	3.206E-2
0.603	-2.615E-4	3.320E-2
0.611	4.503E-5	3.413E-2
0.620	4.391E-4	3.483E-2
0.628	8.064E-4	3.514E-2
0.637	1.088E-3	3.508E-2
0.645	1.357E-3	3.466E-2
0.653	1.474E-3	3.393E-2
0.662	1.475E-3	3.298E-2
0.670	1.254E-3	3.187E-2
0.678	8.597E-4	3.083E-2
0.687	3.481E-4	2.997E-2
0.695	-2.493E-4	2.940E-2
0.704	-9.147E-4	2.920E-2
0.712	-1.468E-3	2.938E-2
0.720	-1.869E-3	2.993E-2
0.729	-2.133E-3	3.073E-2
0.737	-2.133E-3	3.163E-2
0.746	-1.786E-3	3.254E-2
0.754	-1.268E-3	3.331E-2
0.762	-5.164E-4	3.387E-2
0.771	3.097E-4	3.421E-2
0.779	1.134E-3	3.421E-2
0.787	1.887E-3	3.401E-2
0.796	2.419E-3	3.355E-2
0.804	2.665E-3	3.292E-2
0.813	2.652E-3	3.222E-2
0.821	2.171E-3	3.156E-2
0.829	1.456E-3	3.098E-2
0.838	5.435E-4	3.055E-2
0.846	-5.055E-4	3.034E-2
0.854	-1.488E-3	3.033E-2
0.863	-2.292E-3	3.055E-2
0.871	-2.876E-3	3.091E-2
0.880	-3.042E-3	3.134E-2
0.888	-2.841E-3	3.182E-2
0.896	-2.309E-3	3.223E-2
0.905	-1.453E-3	3.257E-2
0.913	-3.935E-4	3.279E-2
0.921	7.540E-4	3.288E-2
0.930	1.857E-3	3.286E-2
0.938	2.696E-3	3.276E-2
0.947	3.159E-3	3.260E-2
0.955	3.281E-3	3.242E-2
0.963	2.935E-3	3.225E-2
0.972	2.239E-3	3.212E-2
0.980	1.219E-3	3.200E-2
0.988	2.391E-5	3.192E-2
0.997	-1.083E-3	3.181E-2
1.005	-2.064E-3	3.172E-2
1.014	-2.853E-3	3.161E-2
1.022	-3.195E-3	3.148E-2
1.030	-3.149E-3	3.137E-2
1.039	-2.702E-3	3.126E-2
1.047	-1.867E-3	3.120E-2
1.055	-8.833E-4	3.120E-2
1.064	2.512E-4	3.122E-2
1.072	1.405E-3	3.142E-2
1.081	2.312E-3	3.168E-2
1.089	2.956E-3	3.203E-2
1.097	3.189E-3	3.245E-2
1.106	2.977E-3	3.285E-2
1.114	2.449E-3	3.319E-2
1.122	1.658E-3	3.342E-2
1.131	6.499E-4	3.347E-2
1.139	-3.734E-4	3.334E-2
1.148	-1.306E-3	3.302E-2
1.156	-2.052E-3	3.255E-2
1.164	-2.455E-3	3.196E-2
1.173	-2.596E-3	3.130E-2
1.181	-2.419E-3	3.069E-2
1.189	-1.881E-3	3.021E-2
1.198	-1.191E-3	2.990E-2
1.206	-3.243E-4	2.986E-2
1.215	5.405E-4	3.009E-2
1.223	1.273E-3	3.062E-2
1.231	1.864E-3	3.139E-2
1.240	2.198E-3	3.226E-2
1.248	2.199E-3	3.313E-2
1.256	2.015E-3	3.387E-2
1.265	1.563E-3	3.440E-2
1.273	9.852E-4	3.463E-2
1.282	3.755E-4	3.457E-2
1.290	-2.824E-4	3.417E-2
1.298	-8.232E-4	3.350E-2
1.307	-1.209E-3	3.262E-2
1.315	-1.446E-3	3.162E-2
1.323	-1.461E-3	3.061E-2
1.332	-1.347E-3	2.979E-2
1.340	-1.077E-3	2.918E-2
1.349	-7.061E-4	2.897E-2
1.357	-3.106E-4	2.920E-2
1.365	5.417E-5	2.981E-2
1.374	4.018E-4	3.079E-2
1.382	6.544E-4	3.186E-2
1.390	8.188E-4	3.295E-2
1.399	9.552E-4	3.392E-2
1.407	9.798E-4	3.463E-2
1.416	9.909E-4	3.501E-2
1.424	8.738E-4	3.504E-2
1.432	7.048E-4	3.473E-2
1.441	5.697E-4	3.408E-2
1.449	3.877E-4	3.317E-2
1.458	1.539E-4	3.207E-2
1.466	-6.767E-5	3.095E-2
1.474	-3.009E-4	2.998E-2
1.483	-5.450E-4	2.926E-2
1.491	-7.530E-4	2.893E-2
1.499	-9.338E-4	2.906E-2
1.508	-1.051E-3	2.960E-2
1.516	-1.047E-3	3.050E-2
1.525	-1.003E-3	3.153E-2
1.533	-7.622E-4	3.263E-2
1.541	-4.055E-4	3.356E-2
1.550	3.089E-5	3.427E-2
1.558	5.223E-4	3.474E-2
1.566	1.002E-3	3.489E-2
1.575	1.402E-3	3.466E-2
1.583	1.700E-3	3.412E-2
1.592	1.820E-3	3.336E-2
1.600	1.722E-3	3.245E-2
1.608	1.437E-3	3.149E-2
1.617	9.583E-4	3.061E-2
1.625	3.299E-4	2.998E-2
1.633	-3.607E-4	2.965E-2
1.642	-1.087E-3	2.963E-2
1.650	-1.669E-3	2.995E-2
1.659	-2.075E-3	3.055E-2
1.667	-2.227E-3	3.126E-2
1.675	-2.096E-3	3.202E-2
1.684	-1.661E-3	3.277E-2
1.692	-1.018E-3	3.332E-2
1.700	-1.636E-4	3.371E-2
1.709	7.638E-4	3.388E-2
1.717	1.586E-3	3.384E-2
1.726	2.270E-3	3.356E-2
1.734	2.685E-3	3.310E-2
1.742	2.786E-3	3.254E-2
1.751	2.576E-3	3.198E-2
1.759	2.022E-3	3.149E-2
1.767	1.146E-3	3.107E-2
1.776	1.175E-4	3.086E-2
1.784	-9.033E-4	3.080E-2
1.793	-1.837E-3	3.084E-2
1.801	-2.566E-3	3.105E-2
1.809	-2.950E-3	3.129E-2
1.818	-2.917E-3	3.162E-2
1.826	-2.541E-3	3.190E-2
1.834	-1.868E-3	3.214E-2
1.843	-9.006E-4	3.233E-2
1.851	2.105E-4	3.245E-2
1.860	1.274E-3	3.250E-2
1.868	2.237E-3	3.255E-2
1.876	2.882E-3	3.255E-2
1.885	3.169E-3	3.253E-2
1.893	3.073E-3	3.252E-2
1.901	2.564E-3	3.251E-2
1.910	1.737E-3	3.250E-2
1.918	7.041E-4	3.245E-2
1.927	-3.746E-4	3.234E-2
1.935	-1.407E-3	3.220E-2
1.943	-2.271E-3	3.199E-2
1.952	-2.803E-3	3.178E-2
1.960	-2.967E-3	3.155E-2
1.968	-2.732E-3	3.133E-2
1.977	-2.170E-3	3.115E-2
1.985	-1.305E-3	3.103E-2
1.994	-2.894E-4	3.101E-2
2.002	7.154E-4	3.112E-2
2.010	1.711E-3	3.140E-2
2.019	2.420E-3	3.178E-2
2.027	2.819E-3	3.227E-2
2.035	2.861E-3	3.280E-2
2.044	2.583E-3	3.325E-2
2.052	2.005E-3	3.359E-2
2.061	1.199E-3	3.378E-2
2.069	2.885E-4	3.376E-2
2.077	-5.656E-4	3.349E-2
2.086	-1.329E-3	3.304E-2
2.094	-1.891E-3	3.243E-2
2.103	-2.175E-3	3.171E-2
2.111	-2.178E-3	3.098E-2
2.119	-1.881E-3	3.032E-2
2.128	-1.347E-3	2.986E-2
2.136	-6.719E-4	2.965E-2
2.144	8.484E-5	2.976E-2
2.153	7.866E-4	3.021E-2
2.161	1.348E-3	3.090E-2
2.170	1.726E-3	3.178E-2
2.178	1.898E-3	3.272E-2
2.186	1.907E-3	3.353E-2
2.195	1.652E-3	3.416E-2
2.203	1.271E-3	3.457E-2
2.211	7.787E-4	3.465E-2
2.220	3.105E-4	3.442E-2
2.228	-1.603E-4	3.388E-2
2.237	-5.600E-4	3.310E-2
2.245	-8.279E-4	3.212E-2
2.253	-9.907E-4	3.111E-2
2.262	-1.005E-3	3.017E-2
2.270	-9.016E-4	2.948E-2
2.278	-7.059E-4	2.911E-2
2.287	-4.924E-4	2.911E-2
2.295	-2.502E-4	2.958E-2
2.304	-4.028E-5	3.036E-2
2.312	1.976E-4	3.135E-2
2.320	3.933E-4	3.244E-2
2.329	5.589E-4	3.345E-2
2.337	7.302E-4	3.430E-2
2.345	8.083E-4	3.484E-2
2.354	8.223E-4	3.501E-2
2.362	8.493E-4	3.487E-2
2.371	8.400E-4	3.439E-2
2.379	7.838E-4	3.360E-2
2.387	6.081E-4	3.265E-2
2.396	3.795E-4	3.157E-2
2.404	1.182E-4	3.052E-2
2.412	-1.758E-4	2.973E-2
2.421	-5.234E-4	2.925E-2
2.429	-8.209E-4	2.920E-2
2.438	-1.070E-3	2.951E-2
2.446	-1.235E-3	3.018E-2
2.454	-1.242E-3	3.109E-2
2.463	-1.136E-3	3.207E-2
2.471	-8.126E-4	3.300E-2
2.479	-3.597E-4	3.376E-2
2.488	1.442E-4	3.431E-2
2.496	7.032E-4	3.459E-2
2.505	1.261E-3	3.458E-2
2.513	1.698E-3	3.421E-2
2.521	1.969E-3	3.361E-2
2.530	1.992E-3	3.286E-2
2.538	1.815E-3	3.198E-2
2.546	1.417E-3	3.118E-2
2.555	8.167E-4	3.050E-2
2.563	7.192E-5	3.007E-2
2.572	-7.019E-4	2.992E-2
2.580	-1.436E-3	3.008E-2
2.588	-1.979E-3	3.046E-2
2.597	-2.271E-3	3.101E-2
2.605	-2.248E-3	3.163E-2
2.613	-1.971E-3	3.227E-2
2.622	-1.418E-3	3.282E-2
2.630	-6.650E-4	3.323E-2
2.639	2.614E-4	3.346E-2
2.647	1.208E-3	3.348E-2
2.655	2.010E-3	3.335E-2
2.664	2.596E-3	3.311E-2
2.672	2.891E-3	3.272E-2
2.680	2.860E-3	3.230E-2
2.689	2.431E-3	3.189E-2
2.697	1.712E-3	3.154E-2
2.706	7.632E-4	3.133E-2
2.714	-2.720E-4	3.122E-2
2.722	-1.290E-3	3.121E-2
2.731	-2.103E-3	3.121E-2
2.739	-2.650E-3	3.134E-2
2.747	-2.862E-3	3.149E-2
2.756	-2.679E-3	3.165E-2
2.764	-2.142E-3	3.180E-2
2.773	-1.350E-3	3.194E-2
2.781	-3.116E-4	3.204E-2
2.789	7.595E-4	3.213E-2
2.798	1.758E-3	3.217E-2
2.806	2.527E-3	3.227E-2
2.815	3.010E-3	3.237E-2
2.823	3.102E-3	3.246E-2
2.831	2.840E-3	3.259E-2
2.840	2.205E-3	3.264E-2
2.848	1.331E-3	3.263E-2
2.856	2.904E-4	3.261E-2
2.865	-7.310E-4	3.247E-2
2.873	-1.642E-3	3.228E-2
2.882	-2.320E-3	3.199E-2
2.890	-2.668E-3	3.167E-2
2.898	-2.655E-3	3.132E-2
2.907	-2.291E-3	3.102E-2
2.915	-1.628E-3	3.076E-2
2.923	-7.718E-4	3.065E-2
2.932	1.545E-4	3.068E-2
2.940	1.072E-3	3.096E-2
2.949	1.852E-3	3.135E-2
2.957	2.376E-3	3.187E-2
2.965	2.600E-3	3.247E-2
2.974	2.494E-3	3.304E-2
2.982	2.090E-3	3.350E-2
2.990	1.495E-3	3.380E-2
2.999	7.469E-4	3.389E-2
3.007	-3.504E-5	3.376E-2
3.016	-7.857E-4	3.339E-2
3.024	-1.358E-3	3.283E-2
3.032	-1.710E-3	3.210E-2
3.041	-1.816E-3	3.134E-2
3.049	-1.702E-3	3.060E-2
3.057	-1.385E-3	3.003E-2
3.066	-9.043E-4	2.966E-2
3.074	-3.197E-4	2.962E-2
3.083	2.792E-4	2.987E-2
3.091	8.186E-4	3.047E-2
3.099	1.226E-3	3.130E-2
3.108	1.500E-3	3.224E-2
3.116	1.532E-3	3.316E-2
3.124	1.492E-3	3.391E-2
3.133	1.260E-3	3.444E-2
3.141	9.570E-4	3.466E-2
3.150	6.027E-4	3.459E-2
3.158	2.444E-4	3.418E-2
3.166	-8.040E-5	3.352E-2
3.175	-3.640E-4	3.263E-2
3.183	-5.580E-4	3.161E-2
3.191	-6.410E-4	3.064E-2
3.200	-6.297E-4	2.982E-2
3.208	-6.195E-4	2.928E-2
3.217	-5.556E-4	2.913E-2
3.225	-4.159E-4	2.936E-2
3.233	-2.665E-4	2.997E-2
3.242	-1.283E-4	3.088E-2
3.250	6.964E-5	3.189E-2
3.258	2.834E-4	3.293E-2
3.267	4.838E-4	3.379E-2
3.275	7.201E-4	3.441E-2
3.284	9.063E-4	3.474E-2
3.292	1.041E-3	3.476E-2
3.300	1.147E-3	3.448E-2
3.309	1.181E-3	3.385E-2
3.317	1.196E-3	3.303E-2
3.325	1.012E-3	3.206E-2
3.334	7.317E-4	3.110E-2
3.342	3.874E-4	3.022E-2
3.351	-3.930E-5	2.963E-2
3.359	-4.967E-4	2.937E-2
3.367	-8.695E-4	2.949E-2
3.376	-1.160E-3	2.997E-2
3.384	-1.347E-3	3.070E-2
3.392	-1.321E-3	3.156E-2
3.401	-1.083E-3	3.248E-2
3.409	-6.940E-4	3.325E-2
3.418	-1.966E-4	3.382E-2
3.426	4.156E-4	3.419E-2
3.434	1.033E-3	3.426E-2
3.443	1.599E-3	3.408E-2
3.451	1.985E-3	3.368E-2
3.459	2.194E-3	3.308E-2
3.468	2.184E-3	3.235E-2
3.476	1.849E-3	3.163E-2
3.485	1.332E-3	3.099E-2
3.493	5.853E-4	3.051E-2
3.501	-2.393E-4	3.027E-2
3.510	-1.051E-3	3.027E-2
3.518	-1.723E-3	3.049E-2
3.527	-2.180E-3	3.087E-2
3.535	-2.367E-3	3.137E-2
3.543	-2.247E-3	3.189E-2
3.552	-1.816E-3	3.235E-2
3.560	-1.113E-3	3.276E-2
3.568	-2.548E-4	3.302E-2
3.577	6.707E-4	3.313E-2
3.585	1.532E-3	3.315E-2
3.594	2.254E-3	3.301E-2
3.602	2.717E-3	3.278E-2
3.610	2.836E-3	3.249E-2
3.619	2.621E-3	3.221E-2
3.627	2.061E-3	3.198E-2
3.635	1.199E-3	3.180E-2
3.644	2.134E-4	3.167E-2
3.652	-8.038E-4	3.162E-2
3.661	-1.701E-3	3.161E-2
3.669	-2.366E-3	3.161E-2
3.677	-2.714E-3	3.161E-2
3.686	-2.701E-3	3.163E-2
3.694	-2.400E-3	3.165E-2
3.702	-1.748E-3	3.169E-2
3.711	-8.762E-4	3.175E-2
3.719	1.487E-4	3.183E-2
3.728	1.124E-3	3.195E-2
3.736	1.964E-3	3.206E-2
3.744	2.581E-3	3.225E-2
3.753	2.865E-3	3.247E-2
3.761	2.801E-3	3.271E-2
3.769	2.384E-3	3.290E-2
3.778	1.633E-3	3.303E-2
3.786	7.708E-4	3.306E-2
3.795	-1.849E-4	3.298E-2
3.803	-1.085E-3	3.277E-2
3.811	-1.792E-3	3.247E-2
3.820	-2.234E-3	3.208E-2
3.828	-2.395E-3	3.163E-2
3.836	-2.234E-3	3.121E-2
3.845	-1.771E-3	3.083E-2
3.853	-1.096E-3	3.062E-2
3.862	-2.733E-4	3.059E-2
3.870	5.666E-4	3.071E-2
3.878	1.304E-3	3.108E-2
3.887	1.879E-3	3.162E-2
3.895	2.231E-3	3.225E-2
3.903	2.219E-3	3.292E-2
3.912	2.075E-3	3.351E-2
3.920	1.651E-3	3.392E-2
3.929	1.082E-3	3.413E-2
3.937	4.040E-4	3.413E-2
3.945	-2.787E-4	3.386E-2
3.954	-8.511E-4	3.338E-2
3.962	-1.267E-3	3.273E-2
3.970	-1.492E-3	3.194E-2
3.979	-1.499E-3	3.112E-2
3.987	-1.344E-3	3.041E-2
3.996	-1.022E-3	2.987E-2
4.004	-5.893E-4	2.963E-2
4.012	-1.306E-4	2.974E-2
4.021	3.404E-4	3.022E-2
4.029	7.368E-4	3.097E-2
4.037	1.014E-3	3.184E-2
4.046	1.204E-3	3.277E-2
4.054	1.218E-3	3.364E-2
4.063	1.218E-3	3.428E-2
4.071	1.036E-3	3.468E-2
4.079	8.005E-4	3.472E-2
4.088	5.566E-4	3.448E-2
4.096	3.156E-4	3.393E-2
4.104	7.641E-5	3.316E-2
4.113	-1.243E-4	3.223E-2
4.121	-2.908E-4	3.124E-2
4.130	-4.033E-4	3.032E-2
4.138	-4.357E-4	2.964E-2
4.146	-4.615E-4	2.929E-2
4.155	-5.554E-4	2.935E-2
4.163	-5.621E-4	2.977E-2
4.171	-5.405E-4	3.050E-2
4.180	-3.836E-4	3.141E-2
4.188	-1.964E-4	3.237E-2
4.197	4.285E-5	3.326E-2
4.205	3.236E-4	3.396E-2
4.213	5.980E-4	3.442E-2
4.222	8.667E-4	3.458E-2
4.230	1.074E-3	3.443E-2
4.239	1.242E-3	3.398E-2
4.247	1.255E-3	3.330E-2
4.255	1.249E-3	3.244E-2
4.264	9.974E-4	3.156E-2
4.272	6.477E-4	3.072E-2
4.280	1.893E-4	3.006E-2
4.289	-3.021E-4	2.968E-2
4.297	-8.181E-4	2.965E-2
4.306	-1.238E-3	2.987E-2
4.314	-1.527E-3	3.040E-2
4.322	-1.651E-3	3.113E-2
4.331	-1.559E-3	3.190E-2
4.339	-1.246E-3	3.264E-2
4.347	-7.695E-4	3.322E-2
4.356	-1.388E-4	3.366E-2
4.364	5.461E-4	3.387E-2
4.373	1.233E-3	3.388E-2
4.381	1.800E-3	3.360E-2
4.389	2.123E-3	3.318E-2
4.398	2.264E-3	3.262E-2
4.406	2.084E-3	3.199E-2
4.414	1.669E-3	3.143E-2
4.423	9.928E-4	3.098E-2
4.431	2.012E-4	3.068E-2
4.440	-6.679E-4	3.057E-2
4.448	-1.417E-3	3.063E-2
4.456	-2.013E-3	3.091E-2
4.465	-2.372E-3	3.124E-2
4.473	-2.392E-3	3.163E-2
4.481	-2.164E-3	3.200E-2
4.490	-1.612E-3	3.236E-2
4.498	-8.404E-4	3.261E-2
4.507	7.928E-5	3.276E-2
4.515	1.012E-3	3.277E-2
4.523	1.851E-3	3.278E-2
4.532	2.456E-3	3.265E-2
4.540	2.759E-3	3.248E-2
4.548	2.782E-3	3.233E-2
4.557	2.373E-3	3.216E-2
4.565	1.680E-3	3.202E-2
4.574	7.784E-4	3.192E-2
4.582	-2.054E-4	3.184E-2
4.590	-1.116E-3	3.176E-2
4.599	-1.873E-3	3.173E-2
4.607	-2.399E-3	3.162E-2
4.615	-2.602E-3	3.155E-2
4.624	-2.468E-3	3.149E-2
4.632	-1.978E-3	3.142E-2
4.641	-1.242E-3	3.140E-2
4.649	-3.411E-4	3.140E-2
4.657	6.091E-4	3.147E-2
4.666	1.482E-3	3.164E-2
4.674	2.158E-3	3.187E-2
4.682	2.589E-3	3.215E-2
4.691	2.684E-3	3.245E-2
4.699	2.433E-3	3.277E-2
4.708	1.917E-3	3.301E-2
4.716	1.144E-3	3.312E-2
4.724	2.684E-4	3.315E-2
4.733	-5.608E-4	3.302E-2
4.741	-1.315E-3	3.273E-2
4.749	-1.830E-3	3.231E-2
4.758	-2.107E-3	3.181E-2
4.766	-2.137E-3	3.131E-2
4.775	-1.872E-3	3.085E-2
4.783	-1.388E-3	3.051E-2
4.791	-7.347E-4	3.032E-2
4.800	-4.501E-6	3.033E-2
4.808	6.758E-4	3.061E-2
4.816	1.270E-3	3.114E-2
4.825	1.693E-3	3.179E-2
4.833	1.887E-3	3.251E-2
4.842	1.903E-3	3.319E-2
4.850	1.624E-3	3.372E-2
4.858	1.206E-3	3.405E-2
4.867	6.931E-4	3.419E-2
4.875	1.460E-4	3.403E-2
4.883	-3.789E-4	3.361E-2
4.892	-7.866E-4	3.301E-2
4.900	-1.077E-3	3.225E-2
4.909	-1.200E-3	3.142E-2
4.917	-1.215E-3	3.062E-2
4.925	-1.030E-3	3.002E-2
4.934	-7.605E-4	2.963E-2
4.942	-3.988E-4	2.958E-2
4.951	-6.147E-5	2.987E-2
4.959	2.690E-4	3.048E-2
4.967	5.480E-4	3.132E-2
4.976	7.549E-4	3.225E-2
4.984	8.688E-4	3.315E-2
4.992	8.594E-4	3.387E-2
5.001	8.462E-4	3.439E-2
5.009	8.146E-4	3.460E-2
5.018	6.685E-4	3.452E-2
5.026	5.058E-4	3.416E-2
5.034	3.569E-4	3.350E-2
5.043	1.746E-4	3.266E-2
5.051	-6.168E-6	3.173E-2
5.059	-1.826E-4	3.079E-2
5.068	-3.521E-4	3.003E-2
5.076	-5.212E-4	2.955E-2
5.085	-6.421E-4	2.942E-2
5.093	-7.440E-4	2.962E-2
5.101	-7.649E-4	3.018E-2
5.110	-7.740E-4	3.098E-2
5.118	-6.516E-4	3.185E-2
5.126	-4.214E-4	3.275E-2
5.135	-1.216E-4	3.349E-2
5.143	2.225E-4	3.402E-2
5.152	5.786E-4	3.430E-2
5.160	9.338E-4	3.432E-2
5.168	1.234E-3	3.406E-2
5.177	1.424E-3	3.354E-2
5.185	1.444E-3	3.282E-2
5.193	1.357E-3	3.200E-2
5.202	1.033E-3	3.122E-2
5.210	5.946E-4	3.052E-2
5.219	5.430E-5	3.006E-2
5.227	-5.084E-4	2.986E-2
5.235	-1.058E-3	2.997E-2
5.244	-1.479E-3	3.033E-2
5.252	-1.715E-3	3.089E-2
5.260	-1.721E-3	3.154E-2
5.269	-1.544E-3	3.223E-2
5.277	-1.130E-3	3.282E-2
5.286	-5.280E-4	3.326E-2
5.294	1.869E-4	3.352E-2
5.302	9.039E-4	3.356E-2
5.311	1.537E-3	3.345E-2
5.319	2.030E-3	3.316E-2
5.327	2.286E-3	3.275E-2
5.336	2.253E-3	3.226E-2
5.344	1.932E-3	3.179E-2
5.353	1.378E-3	3.139E-2
5.361	6.396E-4	3.108E-2
5.369	-2.120E-4	3.094E-2
5.378	-1.024E-3	3.093E-2
5.386	-1.736E-3	3.103E-2
5.394	-2.218E-3	3.122E-2
5.403	-2.410E-3	3.146E-2
5.411	-2.300E-3	3.172E-2
5.420	-1.916E-3	3.196E-2
5.428	-1.265E-3	3.216E-2
5.436	-4.085E-4	3.232E-2
5.445	5.338E-4	3.238E-2
5.453	1.424E-3	3.238E-2
5.461	2.141E-3	3.238E-2
5.470	2.593E-3	3.234E-2
5.478	2.729E-3	3.232E-2
5.487	2.490E-3	3.226E-2
5.495	1.959E-3	3.227E-2
5.503	1.197E-3	3.223E-2
5.512	3.045E-4	3.214E-2
5.520	-6.028E-4	3.205E-2
5.528	-1.429E-3	3.194E-2
5.537	-2.063E-3	3.180E-2
5.545	-2.432E-3	3.164E-2
5.554	-2.428E-3	3.146E-2
5.562	-2.149E-3	3.128E-2
5.570	-1.603E-3	3.116E-2
5.579	-8.122E-4	3.113E-2
5.587	7.939E-5	3.115E-2
5.596	9.624E-4	3.130E-2
5.604	1.719E-3	3.157E-2
5.612	2.220E-3	3.192E-2
5.621	2.444E-3	3.230E-2
5.629	2.414E-3	3.268E-2
5.637	2.008E-3	3.304E-2
5.646	1.437E-3	3.326E-2
5.654	6.975E-4	3.332E-2
5.663	-6.401E-5	3.326E-2
5.671	-7.939E-4	3.300E-2
5.679	-1.384E-3	3.260E-2
5.688	-1.767E-3	3.208E-2
5.696	-1.917E-3	3.150E-2
5.704	-1.804E-3	3.093E-2
5.713	-1.451E-3	3.046E-2
5.721	-9.558E-4	3.014E-2
5.730	-3.544E-4	3.007E-2
5.738	2.911E-4	3.025E-2
5.746	8.665E-4	3.068E-2
5.755	1.296E-3	3.131E-2
5.763	1.555E-3	3.206E-2
5.771	1.581E-3	3.279E-2
5.780	1.501E-3	3.343E-2
5.788	1.236E-3	3.390E-2
5.797	8.422E-4	3.414E-2
5.805	3.982E-4	3.414E-2
5.813	-5.020E-5	3.385E-2
5.822	-4.557E-4	3.334E-2
5.830	-7.284E-4	3.261E-2
5.838	-9.323E-4	3.178E-2
5.847	-1.007E-3	3.096E-2
5.855	-1.008E-3	3.023E-2
5.864	-8.284E-4	2.973E-2
5.872	-6.166E-4	2.955E-2
5.880	-3.646E-4	2.968E-2
5.889	-1.213E-4	3.014E-2
5.897	1.106E-4	3.086E-2
5.905	3.111E-4	3.174E-2
5.914	4.894E-4	3.261E-2
5.922	6.050E-4	3.339E-2
5.931	6.460E-4	3.400E-2
5.939	6.426E-4	3.435E-2
5.947	6.514E-4	3.442E-2
5.956	6.362E-4	3.417E-2
5.964	6.012E-4	3.367E-2
5.972	4.685E-4	3.296E-2
5.981	3.431E-4	3.210E-2
5.989	1.503E-4	3.121E-2
5.998	-7.017E-5	3.041E-2
6.006	-3.203E-4	2.984E-2
6.014	-5.625E-4	2.956E-2
6.023	-7.855E-4	2.962E-2
6.031	-9.226E-4	3.000E-2
6.039	-9.972E-4	3.064E-2
6.048	-9.997E-4	3.145E-2
6.056	-8.323E-4	3.227E-2
6.065	-5.534E-4	3.304E-2
6.073	-1.805E-4	3.364E-2
6.081	2.659E-4	3.402E-2
6.090	7.239E-4	3.415E-2
6.098	1.121E-3	3.400E-2
6.106	1.409E-3	3.362E-2
6.115	1.579E-3	3.307E-2
6.123	1.548E-3	3.236E-2
6.132	1.308E-3	3.161E-2
6.140	9.026E-4	3.097E-2
6.148	3.571E-4	3.046E-2
6.157	-2.573E-4	3.019E-2
6.165	-8.873E-4	3.020E-2
6.173	-1.411E-3	3.039E-2
6.182	-1.767E-3	3.081E-2
6.190	-1.932E-3	3.132E-2
6.199	-1.897E-3	3.190E-2
6.207	-1.548E-3	3.242E-2
6.215	-1.010E-3	3.285E-2
6.224	-3.219E-4	3.316E-2
6.232	4.304E-4	3.330E-2
6.240	1.152E-3	3.329E-2
6.249	1.777E-3	3.309E-2
6.257	2.177E-3	3.279E-2
6.266	2.333E-3	3.241E-2
6.274	2.185E-3	3.201E-2
6.282	1.752E-3	3.168E-2
6.291	1.073E-3	3.140E-2
6.299	2.527E-4	3.122E-2
6.308	-5.860E-4	3.118E-2
6.316	-1.370E-3	3.118E-2
6.324	-1.948E-3	3.125E-2
6.333	-2.308E-3	3.140E-2
6.341	-2.346E-3	3.158E-2
6.349	-2.133E-3	3.174E-2
6.358	-1.619E-3	3.189E-2
6.366	-8.837E-4	3.200E-2
6.375	2.718E-5	3.211E-2
6.383	9.191E-4	3.214E-2
6.391	1.721E-3	3.219E-2
6.400	2.287E-3	3.219E-2
6.408	2.537E-3	3.227E-2
6.416	2.558E-3	3.232E-2
6.425	2.193E-3	3.237E-2
6.433	1.557E-3	3.237E-2
6.442	7.587E-4	3.237E-2
6.450	-1.077E-4	3.236E-2
6.458	-9.616E-4	3.220E-2
6.467	-1.655E-3	3.201E-2
6.475	-2.130E-3	3.180E-2
6.483	-2.312E-3	3.155E-2
6.492	-2.210E-3	3.132E-2
6.500	-1.786E-3	3.112E-2
6.509	-1.165E-3	3.099E-2
6.517	-3.994E-4	3.098E-2
6.525	4.215E-4	3.101E-2
6.534	1.148E-3	3.124E-2
6.542	1.768E-3	3.159E-2
6.550	2.111E-3	3.203E-2
6.559	2.180E-3	3.251E-2
6.567	2.019E-3	3.296E-2
6.576	1.580E-3	3.329E-2
6.584	9.914E-4	3.347E-2
6.592	3.003E-4	3.348E-2
6.601	-3.522E-4	3.329E-2
6.609	-9.387E-4	3.294E-2
6.617	-1.392E-3	3.245E-2
6.626	-1.652E-3	3.186E-2
6.634	-1.674E-3	3.123E-2
6.643	-1.508E-3	3.067E-2
6.651	-1.163E-3	3.026E-2
6.659	-6.849E-4	3.007E-2
6.668	-1.230E-4	3.011E-2
6.676	3.834E-4	3.042E-2
6.684	8.162E-4	3.098E-2
6.693	1.133E-3	3.168E-2
6.701	1.282E-3	3.244E-2
6.710	1.278E-3	3.316E-2
6.718	1.153E-3	3.373E-2
6.726	9.402E-4	3.409E-2
6.735	6.245E-4	3.421E-2
6.743	2.871E-4	3.403E-2
6.751	-4.550E-5	3.361E-2
6.760	-3.338E-4	3.299E-2
6.768	-5.575E-4	3.222E-2
6.777	-6.800E-4	3.140E-2
6.785	-6.563E-4	3.061E-2
6.793	-6.397E-4	3.003E-2
6.802	-5.746E-4	2.967E-2
6.810	-4.373E-4	2.965E-2
6.818	-2.910E-4	2.992E-2
6.827	-1.264E-4	3.055E-2
6.835	3.611E-5	3.134E-2
6.844	2.023E-4	3.222E-2
6.852	3.421E-4	3.305E-2
6.860	4.963E-4	3.371E-2
6.869	6.257E-4	3.416E-2
6.877	7.403E-4	3.435E-2
6.885	8.103E-4	3.427E-2
6.894	8.136E-4	3.393E-2
6.902	8.140E-4	3.331E-2
6.911	7.849E-4	3.255E-2
6.919	5.765E-4	3.170E-2
6.927	3.479E-4	3.090E-2
6.936	7.338E-5	3.026E-2
6.944	-2.617E-4	2.985E-2
6.952	-5.764E-4	2.976E-2
6.961	-8.467E-4	2.997E-2
6.969	-1.019E-3	3.047E-2
6.978	-1.045E-3	3.114E-2
6.986	-1.040E-3	3.188E-2
6.994	-7.889E-4	3.261E-2
7.003	-4.244E-4	3.323E-2
7.011	4.105E-5	3.368E-2
7.020	5.561E-4	3.391E-2
7.028	1.033E-3	3.391E-2
7.036	1.444E-3	3.368E-2
7.045	1.723E-3	3.324E-2
7.053	1.809E-3	3.267E-2
7.061	1.683E-3	3.206E-2
7.070	1.351E-3	3.143E-2
7.078	8.385E-4	3.094E-2
7.087	2.138E-4	3.058E-2
7.095	-4.518E-4	3.044E-2
7.103	-1.070E-3	3.052E-2
7.112	-1.537E-3	3.078E-2
7.120	-1.825E-3	3.116E-2
7.128	-1.824E-3	3.162E-2
7.137	-1.650E-3	3.208E-2
7.145	-1.234E-3	3.250E-2
7.154	-6.034E-4	3.282E-2
7.162	1.322E-4	3.300E-2
7.170	8.815E-4	3.302E-2
7.179	1.564E-3	3.301E-2
7.187	2.072E-3	3.280E-2
7.195	2.383E-3	3.255E-2
7.204	2.390E-3	3.226E-2
7.212	2.102E-3	3.198E-2
7.221	1.555E-3	3.178E-2
7.229	7.960E-4	3.163E-2
7.237	-5.323E-5	3.152E-2
7.246	-8.758E-4	3.154E-2
7.254	-1.554E-3	3.156E-2
7.262	-2.010E-3	3.158E-2
7.271	-2.202E-3	3.166E-2
7.279	-2.152E-3	3.173E-2
7.288	-1.736E-3	3.177E-2
7.296	-1.132E-3	3.184E-2
7.304	-3.003E-4	3.193E-2
7.313	5.483E-4	3.197E-2
7.321	1.372E-3	3.202E-2
7.329	1.983E-3	3.214E-2
7.338	2.390E-3	3.226E-2
7.346	2.497E-3	3.240E-2
7.355	2.307E-3	3.252E-2
7.363	1.859E-3	3.264E-2
7.371	1.188E-3	3.267E-2
7.380	3.960E-4	3.270E-2
7.388	-4.247E-4	3.261E-2
7.396	-1.142E-3	3.240E-2
7.405	-1.654E-3	3.212E-2
7.413	-1.963E-3	3.180E-2
7.422	-1.963E-3	3.146E-2
7.430	-1.735E-3	3.116E-2
7.438	-1.271E-3	3.093E-2
7.447	-6.275E-4	3.079E-2
7.455	1.185E-4	3.078E-2
7.463	8.169E-4	3.097E-2
7.472	1.435E-3	3.130E-2
7.480	1.864E-3	3.177E-2
7.489	2.068E-3	3.230E-2
7.497	2.098E-3	3.281E-2
7.505	1.813E-3	3.324E-2
7.514	1.327E-3	3.351E-2
7.522	7.627E-4	3.361E-2
7.530	1.706E-4	3.354E-2
7.539	-3.928E-4	3.324E-2
7.547	-8.472E-4	3.278E-2
7.556	-1.155E-3	3.218E-2
7.564	-1.281E-3	3.151E-2
7.572	-1.272E-3	3.086E-2
7.581	-1.026E-3	3.034E-2
7.589	-6.938E-4	3.002E-2
7.597	-3.047E-4	2.995E-2
7.606	1.321E-4	3.014E-2
7.614	5.339E-4	3.065E-2
7.623	8.446E-4	3.132E-2
7.631	1.048E-3	3.208E-2
7.639	1.089E-3	3.283E-2
7.648	1.075E-3	3.347E-2
7.656	9.693E-4	3.393E-2
7.664	7.938E-4	3.416E-2
7.673	5.581E-4	3.416E-2
7.681	3.111E-4	3.382E-2
7.690	8.447E-5	3.331E-2
7.698	-1.234E-4	3.260E-2
7.706	-3.004E-4	3.179E-2
7.715	-3.711E-4	3.099E-2
7.723	-3.919E-4	3.029E-2
7.732	-3.984E-4	2.982E-2
7.740	-4.032E-4	2.964E-2
7.748	-3.912E-4	2.979E-2
7.757	-3.627E-4	3.025E-2
7.765	-2.200E-4	3.094E-2
7.773	-7.460E-5	3.175E-2
7.782	9.054E-5	3.258E-2
7.790	2.719E-4	3.327E-2
7.799	4.927E-4	3.379E-2
7.807	7.169E-4	3.410E-2
7.815	8.972E-4	3.412E-2
7.824	1.010E-3	3.393E-2
7.832	1.062E-3	3.347E-2
7.840	1.050E-3	3.282E-2
7.849	9.611E-4	3.206E-2
7.857	7.524E-4	3.130E-2
7.866	4.612E-4	3.063E-2
7.874	1.186E-4	3.015E-2
7.882	-2.922E-4	2.995E-2
7.891	-6.437E-4	3.004E-2
7.899	-9.274E-4	3.036E-2
7.907	-1.136E-3	3.088E-2
7.916	-1.105E-3	3.154E-2
7.924	-9.839E-4	3.223E-2
7.933	-6.771E-4	3.286E-2
7.941	-2.261E-4	3.331E-2
7.949	3.238E-4	3.359E-2
7.958	8.635E-4	3.372E-2
7.966	1.349E-3	3.360E-2
7.974	1.720E-3	3.330E-2
7.983	1.941E-3	3.284E-2
7.991	1.940E-3	3.230E-2
8.000	1.723E-3	3.176E-2
8.008	1.274E-3	3.130E-2
8.016	6.861E-4	3.096E-2
8.025	-2.688E-5	3.075E-2
8.033	-7.331E-4	3.074E-2
8.041	-1.311E-3	3.084E-2
8.050	-1.711E-3	3.114E-2
8.058	-1.910E-3	3.148E-2
8.067	-1.913E-3	3.184E-2
8.075	-1.546E-3	3.219E-2
8.083	-1.008E-3	3.246E-2
8.092	-3.168E-4	3.269E-2
8.100	4.647E-4	3.281E-2
8.108	1.232E-3	3.280E-2
8.117	1.831E-3	3.271E-2
8.125	2.218E-3	3.257E-2
8.134	2.361E-3	3.238E-2
8.142	2.214E-3	3.218E-2
8.150	1.776E-3	3.199E-2
8.159	1.117E-3	3.189E-2
8.167	3.276E-4	3.177E-2
8.175	-4.952E-4	3.176E-2
8.184	-1.248E-3	3.173E-2
8.192	-1.825E-3	3.170E-2
8.201	-2.139E-3	3.167E-2
8.209	-2.157E-3	3.163E-2
8.217	-1.960E-3	3.163E-2
8.226	-1.455E-3	3.162E-2
8.234	-7.784E-4	3.162E-2
8.242	2.609E-5	3.163E-2
8.251	8.302E-4	3.172E-2
8.259	1.531E-3	3.185E-2
8.268	2.017E-3	3.202E-2
8.276	2.248E-3	3.225E-2
8.284	2.227E-3	3.248E-2
8.293	1.898E-3	3.269E-2
8.301	1.365E-3	3.284E-2
8.309	6.568E-4	3.286E-2
8.318	-1.144E-4	3.283E-2
8.326	-8.159E-4	3.264E-2
8.335	-1.398E-3	3.235E-2
8.343	-1.790E-3	3.199E-2
8.351	-1.933E-3	3.163E-2
8.360	-1.860E-3	3.123E-2
8.368	-1.528E-3	3.090E-2
8.376	-1.013E-3	3.068E-2
8.385	-3.722E-4	3.060E-2
8.393	2.863E-4	3.071E-2
8.402	8.923E-4	3.100E-2
8.410	1.332E-3	3.142E-2
8.418	1.619E-3	3.195E-2
8.427	1.693E-3	3.251E-2
8.435	1.599E-3	3.302E-2
8.444	1.276E-3	3.342E-2
8.452	8.326E-4	3.364E-2
8.460	3.476E-4	3.366E-2
8.469	-1.443E-4	3.347E-2
8.477	-5.922E-4	3.307E-2
8.485	-9.371E-4	3.251E-2
8.494	-1.129E-3	3.185E-2
8.502	-1.105E-3	3.117E-2
8.511	-1.053E-3	3.056E-2
8.519	-8.073E-4	3.010E-2
8.527	-5.155E-4	2.989E-2
8.536	-1.677E-4	2.997E-2
8.544	1.733E-4	3.033E-2
8.552	4.466E-4	3.091E-2
8.561	6.373E-4	3.163E-2
8.569	7.802E-4	3.241E-2
8.578	7.930E-4	3.309E-2
8.586	8.022E-4	3.362E-2
8.594	7.916E-4	3.398E-2
8.603	6.133E-4	3.407E-2
8.611	4.503E-4	3.392E-2
8.619	2.809E-4	3.350E-2
8.628	1.183E-4	3.289E-2
8.636	-4.461E-5	3.211E-2
8.645	-1.620E-4	3.131E-2
8.653	-2.866E-4	3.060E-2
8.661	-3.533E-4	3.006E-2
8.670	-4.591E-4	2.977E-2
8.678	-5.416E-4	2.978E-2
8.686	-5.605E-4	3.009E-2
8.695	-5.618E-4	3.064E-2
8.703	-5.460E-4	3.138E-2
8.712	-3.660E-4	3.216E-2
8.720	-1.645E-4	3.287E-2
8.728	8.599E-5	3.344E-2
8.737	3.548E-4	3.384E-2
8.745	6.125E-4	3.400E-2
8.753	8.342E-4	3.391E-2
8.762	1.015E-3	3.357E-2
8.770	1.053E-3	3.303E-2
8.779	1.049E-3	3.236E-2
8.787	8.777E-4	3.164E-2
8.795	5.889E-4	3.098E-2
8.804	2.155E-4	3.044E-2
8.812	-2.406E-4	3.012E-2
8.820	-6.902E-4	3.009E-2
8.829	-1.089E-3	3.025E-2
8.837	-1.336E-3	3.064E-2
8.846	-1.445E-3	3.119E-2
8.854	-1.443E-3	3.180E-2
8.862	-1.162E-3	3.238E-2
8.871	-7.870E-4	3.285E-2
8.879	-2.748E-4	3.320E-2
8.887	3.069E-4	3.337E-2
8.896	8.767E-4	3.339E-2
8.904	1.367E-3	3.323E-2
8.913	1.687E-3	3.289E-2
8.921	1.811E-3	3.245E-2
8.929	1.697E-3	3.201E-2
8.938	1.360E-3	3.160E-2
8.946	8.192E-4	3.124E-2
8.954	1.515E-4	3.100E-2
8.963	-5.438E-4	3.090E-2
8.971	-1.199E-3	3.093E-2
8.980	-1.713E-3	3.112E-2
8.988	-2.012E-3	3.137E-2
8.996	-2.003E-3	3.165E-2
9.005	-1.835E-3	3.191E-2
9.013	-1.447E-3	3.214E-2
9.021	-8.159E-4	3.233E-2
9.030	-8.618E-5	3.244E-2
9.038	6.788E-4	3.248E-2
9.047	1.358E-3	3.250E-2
9.055	1.871E-3	3.247E-2
9.063	2.174E-3	3.239E-2
9.072	2.178E-3	3.229E-2
9.080	1.891E-3	3.220E-2
9.089	1.352E-3	3.213E-2
9.097	6.307E-4	3.204E-2
9.105	-1.592E-4	3.202E-2
9.114	-9.049E-4	3.192E-2
9.122	-1.509E-3	3.184E-2
9.130	-1.935E-3	3.173E-2
9.139	-2.131E-3	3.164E-2
9.147	-2.054E-3	3.152E-2
9.156	-1.673E-3	3.147E-2
9.164	-1.110E-3	3.143E-2
9.172	-3.773E-4	3.142E-2
9.181	3.856E-4	3.142E-2
9.189	1.091E-3	3.160E-2
9.197	1.664E-3	3.180E-2
9.206	2.024E-3	3.208E-2
9.214	2.115E-3	3.236E-2
9.223	1.966E-3	3.263E-2
9.231	1.568E-3	3.284E-2
9.239	9.853E-4	3.296E-2
9.248	3.287E-4	3.297E-2
9.256	-3.511E-4	3.287E-2
9.264	-9.502E-4	3.261E-2
9.273	-1.414E-3	3.225E-2
9.281	-1.673E-3	3.184E-2
9.290	-1.689E-3	3.139E-2
9.298	-1.524E-3	3.097E-2
9.306	-1.143E-3	3.066E-2
9.315	-6.015E-4	3.050E-2
9.323	-3.002E-5	3.050E-2
9.331	5.125E-4	3.074E-2
9.340	9.930E-4	3.115E-2
9.348	1.337E-3	3.167E-2
9.357	1.492E-3	3.227E-2
9.365	1.491E-3	3.284E-2
9.373	1.301E-3	3.329E-2
9.382	1.002E-3	3.361E-2
9.390	5.964E-4	3.373E-2
9.398	1.671E-4	3.363E-2
9.407	-2.427E-4	3.331E-2
9.415	-5.819E-4	3.281E-2
9.424	-8.124E-4	3.217E-2
9.432	-8.959E-4	3.147E-2
9.440	-8.715E-4	3.080E-2
9.449	-7.848E-4	3.025E-2
9.457	-5.844E-4	2.995E-2
9.465	-3.484E-4	2.990E-2
9.474	-8.784E-5	3.010E-2
9.482	1.379E-4	3.058E-2
9.491	3.518E-4	3.123E-2
9.499	5.165E-4	3.196E-2
9.507	6.010E-4	3.268E-2
9.516	6.334E-4	3.332E-2
9.524	6.312E-4	3.373E-2
9.532	6.224E-4	3.395E-2
9.541	6.090E-4	3.394E-2
9.549	5.005E-4	3.361E-2
9.558	3.939E-4	3.311E-2
9.566	2.762E-4	3.243E-2
9.574	1.407E-4	3.166E-2
9.583	-2.577E-5	3.091E-2
9.591	-1.779E-4	3.030E-2
9.599	-3.402E-4	2.990E-2
9.608	-4.985E-4	2.977E-2
9.616	-5.886E-4	2.994E-2
9.625	-6.207E-4	3.037E-2
9.633	-6.202E-4	3.100E-2
9.641	-6.004E-4	3.172E-2
9.650	-3.978E-4	3.241E-2
9.658	-1.407E-4	3.302E-2
9.666	1.560E-4	3.346E-2
9.675	4.780E-4	3.373E-2
9.683	8.080E-4	3.373E-2
9.692	1.070E-3	3.354E-2
9.700	1.242E-3	3.312E-2
9.708	1.259E-3	3.260E-2
9.717	1.252E-3	3.195E-2
9.725	9.799E-4	3.130E-2
9.733	6.232E-4	3.079E-2
9.742	1.552E-4	3.040E-2
9.750	-3.322E-4	3.027E-2
9.759	-7.966E-4	3.032E-2
9.767	-1.177E-3	3.058E-2
9.775	-1.419E-3	3.099E-2
9.784	-1.441E-3	3.148E-2
9.792	-1.338E-3	3.198E-2
9.801	-1.003E-3	3.248E-2
9.809	-5.267E-4	3.285E-2
9.817	6.501E-5	3.307E-2
9.826	6.840E-4	3.310E-2
9.834	1.234E-3	3.304E-2
9.842	1.675E-3	3.281E-2
9.851	1.918E-3	3.251E-2
9.859	1.928E-3	3.214E-2
9.868	1.715E-3	3.178E-2
9.876	1.269E-3	3.147E-2
9.884	6.616E-4	3.123E-2
9.893	-5.603E-5	3.110E-2
9.901	-7.580E-4	3.112E-2
9.909	-1.360E-3	3.118E-2
9.918	-1.748E-3	3.132E-2
9.926	-1.934E-3	3.150E-2
9.935	-1.921E-3	3.168E-2
9.943	-1.566E-3	3.187E-2
9.951	-1.034E-3	3.203E-2
9.960	-3.449E-4	3.215E-2
9.968	3.964E-4	3.219E-2
9.976	1.118E-3	3.220E-2
9.985	1.703E-3	3.218E-2
9.993	2.090E-3	3.217E-2
10.002	2.226E-3	3.216E-2
10.010	2.081E-3	3.215E-2
10.018	1.703E-3	3.214E-2
10.027	1.095E-3	3.213E-2
10.035	3.538E-4	3.210E-2
10.043	-3.910E-4	3.200E-2
10.052	-1.053E-3	3.192E-2
10.060	-1.560E-3	3.180E-2
10.069	-1.846E-3	3.164E-2
10.077	-1.887E-3	3.147E-2
10.085	-1.715E-3	3.131E-2
10.094	-1.298E-3	3.121E-2
10.102	-6.731E-4	3.117E-2
10.110	4.172E-5	3.118E-2
10.119	7.500E-4	3.129E-2
10.127	1.363E-3	3.151E-2
10.136	1.763E-3	3.180E-2
10.144	1.972E-3	3.214E-2
10.152	1.963E-3	3.249E-2
10.161	1.680E-3	3.280E-2
10.169	1.237E-3	3.302E-2
10.177	6.555E-4	3.309E-2
10.186	2.985E-5	3.306E-2
10.194	-5.304E-4	3.282E-2
10.203	-1.007E-3	3.250E-2
10.211	-1.331E-3	3.206E-2
10.219	-1.446E-3	3.158E-2
10.228	-1.425E-3	3.113E-2
10.236	-1.155E-3	3.072E-2
10.244	-7.920E-4	3.045E-2
10.253	-3.216E-4	3.039E-2
10.261	1.607E-4	3.053E-2
10.270	6.093E-4	3.087E-2
10.278	9.690E-4	3.139E-2
10.286	1.209E-3	3.198E-2
10.295	1.260E-3	3.262E-2
10.303	1.254E-3	3.315E-2
10.311	1.029E-3	3.355E-2
10.320	7.506E-4	3.375E-2
10.328	4.232E-4	3.374E-2
10.337	8.260E-5	3.350E-2
10.345	-2.036E-4	3.308E-2
10.353	-4.199E-4	3.250E-2
10.362	-5.645E-4	3.183E-2
10.370	-6.129E-4	3.115E-2
10.378	-6.114E-4	3.054E-2
10.387	-5.375E-4	3.010E-2
10.395	-3.809E-4	2.991E-2
10.404	-2.143E-4	3.002E-2
10.412	-2.943E-5	3.037E-2
10.420	1.185E-4	3.097E-2
10.429	2.662E-4	3.166E-2
10.437	4.005E-4	3.239E-2
10.445	5.160E-4	3.304E-2
10.454	5.725E-4	3.352E-2
10.462	6.285E-4	3.381E-2
10.471	6.203E-4	3.391E-2
10.479	6.259E-4	3.375E-2
10.487	6.132E-4	3.335E-2
10.496	5.827E-4	3.279E-2
10.504	4.314E-4	3.209E-2
10.513	2.592E-4	3.138E-2
10.521	9.877E-5	3.073E-2
10.529	-1.199E-4	3.026E-2
10.538	-3.423E-4	3.002E-2
10.546	-5.558E-4	3.003E-2
10.554	-7.318E-4	3.032E-2
10.563	-7.790E-4	3.080E-2
10.571	-7.875E-4	3.142E-2
10.580	-7.023E-4	3.209E-2
10.588	-4.786E-4	3.271E-2
10.596	-1.895E-4	3.321E-2
10.605	1.801E-4	3.353E-2
10.613	5.701E-4	3.365E-2
10.621	9.117E-4	3.355E-2
10.630	1.165E-3	3.325E-2
10.638	1.329E-3	3.281E-2
10.647	1.313E-3	3.226E-2
10.655	1.141E-3	3.169E-2
10.663	8.030E-4	3.117E-2
10.672	3.686E-4	3.076E-2
10.680	-1.397E-4	3.053E-2
10.688	-6.515E-4	3.052E-2
10.697	-1.088E-3	3.063E-2
10.705	-1.418E-3	3.096E-2
10.714	-1.569E-3	3.136E-2
10.722	-1.540E-3	3.182E-2
10.730	-1.253E-3	3.224E-2
10.739	-8.339E-4	3.260E-2
10.747	-2.539E-4	3.283E-2
10.755	3.628E-4	3.295E-2
10.764	9.734E-4	3.297E-2
10.772	1.496E-3	3.284E-2
10.781	1.837E-3	3.261E-2
10.789	1.987E-3	3.233E-2
10.797	1.888E-3	3.204E-2
10.806	1.544E-3	3.178E-2
10.814	1.004E-3	3.159E-2
10.822	3.438E-4	3.146E-2
10.831	-3.532E-4	3.143E-2
10.839	-1.008E-3	3.141E-2
10.848	-1.511E-3	3.142E-2
10.856	-1.814E-3	3.151E-2
10.864	-1.796E-3	3.162E-2
10.873	-1.646E-3	3.171E-2
10.881	-1.252E-3	3.183E-2
10.889	-6.692E-4	3.191E-2
10.898	7.988E-5	3.192E-2
10.906	8.103E-4	3.201E-2
10.915	1.434E-3	3.205E-2
10.923	1.922E-3	3.212E-2
10.931	2.156E-3	3.217E-2
10.940	2.160E-3	3.224E-2
10.948	1.897E-3	3.231E-2
10.956	1.420E-3	3.237E-2
10.965	7.849E-4	3.236E-2
10.973	9.182E-5	3.235E-2
10.982	-5.899E-4	3.222E-2
10.990	-1.178E-3	3.208E-2
10.998	-1.569E-3	3.189E-2
11.007	-1.711E-3	3.165E-2
11.015	-1.644E-3	3.142E-2
11.023	-1.359E-3	3.121E-2
11.032	-8.474E-4	3.107E-2
11.040	-2.329E-4	3.107E-2
11.049	3.987E-4	3.110E-2
11.057	9.928E-4	3.135E-2
11.065	1.487E-3	3.164E-2
11.074	1.766E-3	3.200E-2
11.082	1.796E-3	3.241E-2
11.090	1.688E-3	3.278E-2
11.099	1.368E-3	3.306E-2
11.107	8.897E-4	3.323E-2
11.116	3.442E-4	3.323E-2
11.124	-1.877E-4	3.310E-2
11.132	-6.451E-4	3.280E-2
11.141	-1.007E-3	3.236E-2
11.149	-1.216E-3	3.186E-2
11.157	-1.233E-3	3.135E-2
11.166	-1.116E-3	3.089E-2
11.174	-8.259E-4	3.052E-2
11.183	-4.496E-4	3.034E-2
11.191	-3.060E-5	3.033E-2
11.199	3.596E-4	3.060E-2
11.208	6.920E-4	3.103E-2
11.216	9.651E-4	3.159E-2
11.225	1.118E-3	3.224E-2
11.233	1.088E-3	3.284E-2
11.241	1.016E-3	3.331E-2
11.250	8.269E-4	3.362E-2
11.258	5.856E-4	3.373E-2
11.266	3.309E-4	3.361E-2
11.275	9.051E-5	3.328E-2
11.283	-1.271E-4	3.278E-2
11.292	-3.075E-4	3.214E-2
11.300	-4.074E-4	3.144E-2
11.308	-4.018E-4	3.080E-2
11.317	-3.964E-4	3.028E-2
11.325	-3.820E-4	3.000E-2
11.333	-2.990E-4	3.001E-2
11.342	-2.844E-4	3.023E-2
11.350	-1.200E-4	3.070E-2
11.359	-2.340E-5	3.135E-2
11.367	1.054E-4	3.205E-2
11.375	2.237E-4	3.274E-2
11.384	3.383E-4	3.329E-2
11.392	4.654E-4	3.368E-2
11.400	5.874E-4	3.384E-2
11.409	6.598E-4	3.381E-2
11.417	6.886E-4	3.352E-2
11.426	7.317E-4	3.304E-2
11.434	7.380E-4	3.242E-2
11.442	5.782E-4	3.171E-2
11.451	3.825E-4	3.107E-2
11.459	1.349E-4	3.055E-2
11.467	-1.413E-4	3.023E-2
11.476	-4.100E-4	3.013E-2
11.484	-6.283E-4	3.029E-2
11.493	-7.985E-4	3.066E-2
11.501	-8.452E-4	3.119E-2
11.509	-8.291E-4	3.179E-2
11.518	-6.132E-4	3.239E-2
11.526	-3.339E-4	3.288E-2
11.534	4.939E-5	3.323E-2
11.543	4.735E-4	3.344E-2
11.551	8.935E-4	3.345E-2
11.560	1.232E-3	3.326E-2
11.568	1.475E-3	3.293E-2
11.576	1.550E-3	3.250E-2
11.585	1.510E-3	3.200E-2
11.593	1.214E-3	3.154E-2
11.601	8.087E-4	3.115E-2
11.610	2.968E-4	3.086E-2
11.618	-2.475E-4	3.077E-2
11.627	-7.809E-4	3.079E-2
11.635	-1.209E-3	3.100E-2
11.643	-1.474E-3	3.127E-2
11.652	-1.494E-3	3.162E-2
11.660	-1.401E-3	3.197E-2
11.668	-1.062E-3	3.229E-2
11.677	-5.461E-4	3.255E-2
11.685	4.353E-5	3.270E-2
11.694	6.885E-4	3.273E-2
11.702	1.296E-3	3.274E-2
11.710	1.727E-3	3.260E-2
11.719	1.961E-3	3.239E-2
11.727	1.959E-3	3.216E-2
11.735	1.731E-3	3.194E-2
11.744	1.284E-3	3.176E-2
11.752	6.842E-4	3.166E-2
11.761	-2.480E-5	3.159E-2
11.769	-7.174E-4	3.159E-2
11.777	-1.287E-3	3.159E-2
11.786	-1.677E-3	3.160E-2
11.794	-1.864E-3	3.162E-2
11.802	-1.849E-3	3.167E-2
11.811	-1.523E-3	3.170E-2
11.819	-1.013E-3	3.169E-2
11.828	-3.681E-4	3.174E-2
11.836	3.388E-4	3.175E-2
11.844	9.947E-4	3.190E-2
11.853	1.539E-3	3.197E-2
11.861	1.880E-3	3.208E-2
11.869	1.981E-3	3.220E-2
11.878	1.850E-3	3.232E-2
11.886	1.507E-3	3.242E-2
11.895	9.583E-4	3.244E-2
11.903	3.456E-4	3.249E-2
11.911	-3.109E-4	3.245E-2
11.920	-9.132E-4	3.230E-2
11.928	-1.325E-3	3.208E-2
11.937	-1.554E-3	3.182E-2
11.945	-1.538E-3	3.153E-2
11.953	-1.379E-3	3.127E-2
11.962	-1.049E-3	3.105E-2
11.970	-5.314E-4	3.092E-2
11.978	5.267E-5	3.093E-2
11.987	6.235E-4	3.109E-2
11.995	1.106E-3	3.139E-2
12.004	1.449E-3	3.174E-2
12.012	1.616E-3	3.216E-2
12.020	1.646E-3	3.257E-2
12.029	1.445E-3	3.295E-2
12.037	1.087E-3	3.321E-2
12.045	6.395E-4	3.330E-2
12.054	1.533E-4	3.326E-2
12.062	-3.034E-4	3.300E-2
12.071	-6.866E-4	3.261E-2
12.079	-8.874E-4	3.210E-2
12.087	-9.626E-4	3.158E-2
12.096	-9.839E-4	3.106E-2
12.104	-8.079E-4	3.064E-2
12.112	-5.521E-4	3.037E-2
12.121	-2.306E-4	3.030E-2
12.129	9.055E-5	3.045E-2
12.138	3.887E-4	3.081E-2
12.146	6.257E-4	3.135E-2
12.154	7.957E-4	3.198E-2
12.163	8.221E-4	3.261E-2
12.171	8.220E-4	3.315E-2
12.179	7.791E-4	3.354E-2
12.188	6.117E-4	3.373E-2
12.196	4.379E-4	3.372E-2
12.205	2.603E-4	3.347E-2
12.213	9.270E-5	3.303E-2
12.221	-8.101E-5	3.246E-2
12.230	-1.833E-4	3.181E-2
12.238	-2.177E-4	3.117E-2
12.246	-2.537E-4	3.059E-2
12.255	-3.068E-4	3.019E-2
12.263	-3.285E-4	3.007E-2
12.272	-3.366E-4	3.017E-2
12.280	-3.385E-4	3.055E-2
12.288	-3.205E-4	3.110E-2
12.297	-1.609E-4	3.176E-2
12.305	-4.663E-5	3.244E-2
12.313	1.133E-4	3.303E-2
12.322	2.918E-4	3.348E-2
12.330	4.864E-4	3.373E-2
12.339	6.412E-4	3.373E-2
12.347	7.720E-4	3.355E-2
12.355	8.174E-4	3.317E-2
12.364	8.172E-4	3.267E-2
12.372	8.062E-4	3.207E-2
12.380	5.774E-4	3.144E-2
12.389	3.448E-4	3.090E-2
12.397	3.678E-5	3.051E-2
12.406	-2.868E-4	3.032E-2
12.414	-5.873E-4	3.032E-2
12.422	-8.273E-4	3.060E-2
12.431	-1.004E-3	3.100E-2
12.439	-1.012E-3	3.151E-2
12.447	-9.249E-4	3.203E-2
12.456	-6.974E-4	3.255E-2
12.464	-3.433E-4	3.295E-2
12.473	9.200E-5	3.321E-2
12.481	5.548E-4	3.327E-2
12.489	9.801E-4	3.321E-2
12.498	1.323E-3	3.297E-2
12.506	1.493E-3	3.261E-2
12.514	1.494E-3	3.218E-2
12.523	1.321E-3	3.173E-2
12.531	9.800E-4	3.135E-2
12.540	4.943E-4	3.106E-2
12.548	-3.659E-5	3.094E-2
12.556	-6.095E-4	3.094E-2
12.565	-1.074E-3	3.102E-2
12.573		3.121E-2
12.582		3.147E-2
12.590		3.176E-2
12.598		3.206E-2
12.607		3.230E-2
12.615		3.246E-2
12.623		3.255E-2
12.632		3.256E-2
12.640		3.254E-2
12.649		3.238E-2
