#multi:
	mass A	mass B	
t	x	x	
0.000	-4.126E-3	4.085E-2
0.008	-4.165E-3	4.085E-2
0.017	-4.164E-3	4.085E-2
0.025	-4.162E-3	4.085E-2
0.034	-4.143E-3	4.084E-2
0.042	-4.049E-3	4.084E-2
0.050	-3.981E-3	4.084E-2
0.059	-3.853E-3	4.084E-2
0.067	-3.692E-3	4.085E-2
0.075	-3.474E-3	4.085E-2
0.084	-3.195E-3	4.086E-2
0.092	-2.813E-3	4.088E-2
0.101	-2.304E-3	4.089E-2
0.109	-1.669E-3	4.092E-2
0.117	-8.706E-4	4.093E-2
0.126	-2.523E-6	4.092E-2
0.134	8.681E-4	4.100E-2
0.142	1.585E-3	4.108E-2
0.151	2.102E-3	4.112E-2
0.159	2.330E-3	4.119E-2
0.168	2.250E-3	4.126E-2
0.176	1.796E-3	4.129E-2
0.184	1.079E-3	4.134E-2
0.193	2.182E-4	4.135E-2
0.201	-6.267E-4	4.132E-2
0.209	-1.431E-3	4.128E-2
0.218	-2.085E-3	4.114E-2
0.226	-2.524E-3	4.103E-2
0.235	-2.743E-3	4.087E-2
0.243	-2.677E-3	4.073E-2
0.251	-2.374E-3	4.061E-2
0.260	-1.831E-3	4.052E-2
0.268	-1.125E-3	4.049E-2
0.276	-2.691E-4	4.049E-2
0.285	5.626E-4	4.058E-2
0.293	1.345E-3	4.075E-2
0.302	1.914E-3	4.094E-2
0.310	2.231E-3	4.113E-2
0.318	2.189E-3	4.134E-2
0.327	1.851E-3	4.156E-2
0.335	1.276E-3	4.171E-2
0.343	4.953E-4	4.179E-2
0.352	-3.339E-4	4.178E-2
0.360	-1.148E-3	4.166E-2
0.369	-1.814E-3	4.148E-2
0.377	-2.315E-3	4.126E-2
0.385	-2.576E-3	4.095E-2
0.394	-2.567E-3	4.064E-2
0.402	-2.345E-3	4.037E-2
0.410	-1.884E-3	4.018E-2
0.419	-1.267E-3	4.007E-2
0.427	-5.089E-4	4.009E-2
0.436	2.959E-4	4.020E-2
0.444	1.035E-3	4.042E-2
0.452	1.618E-3	4.072E-2
0.461	2.009E-3	4.106E-2
0.469	2.059E-3	4.143E-2
0.477	1.860E-3	4.176E-2
0.486	1.420E-3	4.202E-2
0.494	7.506E-4	4.220E-2
0.503	1.410E-5	4.222E-2
0.511	-7.252E-4	4.208E-2
0.519	-1.395E-3	4.182E-2
0.528	-1.894E-3	4.148E-2
0.536	-2.251E-3	4.106E-2
0.544	-2.338E-3	4.062E-2
0.553	-2.232E-3	4.020E-2
0.561	-1.874E-3	3.991E-2
0.570	-1.359E-3	3.971E-2
0.578	-6.858E-4	3.968E-2
0.586	2.955E-5	3.979E-2
0.595	7.165E-4	4.007E-2
0.603	1.314E-3	4.049E-2
0.611	1.665E-3	4.094E-2
0.620	1.848E-3	4.143E-2
0.628	1.803E-3	4.186E-2
0.637	1.468E-3	4.224E-2
0.645	9.358E-4	4.248E-2
0.653	2.873E-4	4.251E-2
0.662	-3.876E-4	4.241E-2
0.670	-1.027E-3	4.211E-2
0.678	-1.563E-3	4.164E-2
0.687	-1.907E-3	4.111E-2
0.695	-2.090E-3	4.054E-2
0.704	-2.075E-3	4.003E-2
0.712	-1.835E-3	3.961E-2
0.720	-1.407E-3	3.937E-2
0.729	-8.687E-4	3.933E-2
0.737	-2.748E-4	3.943E-2
0.746	3.384E-4	3.975E-2
0.754	9.060E-4	4.022E-2
0.762	1.341E-3	4.079E-2
0.771	1.595E-3	4.141E-2
0.779	1.620E-3	4.197E-2
0.787	1.413E-3	4.246E-2
0.796	1.041E-3	4.276E-2
0.804	5.127E-4	4.286E-2
0.813	-1.184E-5	4.275E-2
0.821	-5.851E-4	4.241E-2
0.829	-1.113E-3	4.193E-2
0.838	-1.456E-3	4.132E-2
0.846	-1.725E-3	4.067E-2
0.854	-1.799E-3	4.002E-2
0.863	-1.697E-3	3.948E-2
0.871	-1.478E-3	3.917E-2
0.880	-1.106E-3	3.906E-2
0.888	-6.307E-4	3.917E-2
0.896	-1.313E-4	3.950E-2
0.905	3.344E-4	4.002E-2
0.913	7.585E-4	4.067E-2
0.921	1.022E-3	4.135E-2
0.930	1.148E-3	4.201E-2
0.938	1.109E-3	4.257E-2
0.947	9.142E-4	4.294E-2
0.955	5.808E-4	4.309E-2
0.963	1.463E-4	4.300E-2
0.972	-3.467E-4	4.266E-2
0.980	-7.714E-4	4.213E-2
0.988	-1.150E-3	4.146E-2
0.997	-1.412E-3	4.071E-2
1.005	-1.548E-3	3.999E-2
1.014	-1.557E-3	3.940E-2
1.022	-1.445E-3	3.901E-2
1.030	-1.182E-3	3.884E-2
1.039	-8.468E-4	3.894E-2
1.047	-4.606E-4	3.928E-2
1.055	-3.985E-5	3.981E-2
1.064	3.221E-4	4.056E-2
1.072	6.124E-4	4.132E-2
1.081	8.183E-4	4.203E-2
1.089	8.787E-4	4.265E-2
1.097	8.720E-4	4.310E-2
1.106	6.855E-4	4.329E-2
1.114	4.397E-4	4.325E-2
1.122	1.293E-4	4.290E-2
1.131	-2.470E-4	4.235E-2
1.139	-5.740E-4	4.163E-2
1.148	-8.797E-4	4.085E-2
1.156	-1.107E-3	4.009E-2
1.164	-1.217E-3	3.945E-2
1.173	-1.199E-3	3.899E-2
1.181	-1.147E-3	3.879E-2
1.189	-9.388E-4	3.883E-2
1.198	-6.964E-4	3.917E-2
1.206	-4.161E-4	3.971E-2
1.215	-5.276E-5	4.043E-2
1.223	2.324E-4	4.123E-2
1.231	4.748E-4	4.200E-2
1.240	6.892E-4	4.266E-2
1.248	7.430E-4	4.314E-2
1.256	7.358E-4	4.337E-2
1.265	6.831E-4	4.338E-2
1.273	4.731E-4	4.301E-2
1.282	2.391E-4	4.247E-2
1.290	-1.536E-5	4.177E-2
1.298	-3.184E-4	4.099E-2
1.307	-6.394E-4	4.023E-2
1.315	-8.767E-4	3.952E-2
1.323	-9.706E-4	3.901E-2
1.332	-1.089E-3	3.878E-2
1.340	-1.088E-3	3.879E-2
1.349	-9.611E-4	3.907E-2
1.357	-7.696E-4	3.959E-2
1.365	-5.699E-4	4.033E-2
1.374	-2.899E-4	4.113E-2
1.382	-1.066E-6	4.189E-2
1.390	2.707E-4	4.256E-2
1.399	4.992E-4	4.302E-2
1.407	6.758E-4	4.326E-2
1.416	7.307E-4	4.324E-2
1.424	7.270E-4	4.295E-2
1.432	6.216E-4	4.243E-2
1.441	3.599E-4	4.176E-2
1.449	6.525E-5	4.101E-2
1.458	-2.396E-4	4.026E-2
1.466	-5.357E-4	3.955E-2
1.474	-8.439E-4	3.903E-2
1.483	-1.067E-3	3.876E-2
1.491	-1.258E-3	3.877E-2
1.499	-1.320E-3	3.902E-2
1.508	-1.293E-3	3.951E-2
1.516	-1.107E-3	4.016E-2
1.525	-8.733E-4	4.093E-2
1.533	-5.853E-4	4.169E-2
1.541	-2.188E-4	4.236E-2
1.550	1.118E-4	4.284E-2
1.558	4.232E-4	4.316E-2
1.566	7.031E-4	4.319E-2
1.575	8.258E-4	4.295E-2
1.583	8.003E-4	4.248E-2
1.592	7.207E-4	4.184E-2
1.600	4.859E-4	4.112E-2
1.608	1.292E-4	4.038E-2
1.617	-2.327E-4	3.973E-2
1.625	-6.394E-4	3.922E-2
1.633	-9.934E-4	3.895E-2
1.642	-1.328E-3	3.894E-2
1.650	-1.544E-3	3.916E-2
1.659	-1.592E-3	3.960E-2
1.667	-1.552E-3	4.022E-2
1.675	-1.357E-3	4.090E-2
1.684	-1.014E-3	4.161E-2
1.692	-6.572E-4	4.225E-2
1.700	-1.988E-4	4.271E-2
1.709	2.413E-4	4.300E-2
1.717	6.277E-4	4.302E-2
1.726	9.228E-4	4.283E-2
1.734	1.095E-3	4.247E-2
1.742	1.059E-3	4.188E-2
1.751	8.769E-4	4.122E-2
1.759	5.476E-4	4.058E-2
1.767	1.096E-4	3.996E-2
1.776	-3.892E-4	3.948E-2
1.784	-8.775E-4	3.921E-2
1.793	-1.333E-3	3.917E-2
1.801	-1.631E-3	3.933E-2
1.809	-1.818E-3	3.968E-2
1.818	-1.846E-3	4.019E-2
1.826	-1.744E-3	4.081E-2
1.834	-1.448E-3	4.145E-2
1.843	-1.016E-3	4.204E-2
1.851	-5.175E-4	4.248E-2
1.860	3.152E-5	4.276E-2
1.868	5.395E-4	4.280E-2
1.876	9.966E-4	4.268E-2
1.885	1.277E-3	4.233E-2
1.893	1.399E-3	4.184E-2
1.901	1.287E-3	4.126E-2
1.910	9.820E-4	4.070E-2
1.918	5.212E-4	4.017E-2
1.927	-2.382E-5	3.974E-2
1.935	-6.095E-4	3.946E-2
1.943	-1.175E-3	3.941E-2
1.952	-1.621E-3	3.951E-2
1.960	-1.928E-3	3.979E-2
1.968	-2.084E-3	4.019E-2
1.977	-2.034E-3	4.070E-2
1.985	-1.797E-3	4.121E-2
1.994	-1.393E-3	4.174E-2
2.002	-8.404E-4	4.215E-2
2.010	-2.219E-4	4.242E-2
2.019	4.113E-4	4.251E-2
2.027	9.822E-4	4.243E-2
2.035	1.423E-3	4.220E-2
2.044	1.645E-3	4.182E-2
2.052	1.645E-3	4.135E-2
2.061	1.407E-3	4.088E-2
2.069	9.634E-4	4.043E-2
2.077	3.428E-4	4.007E-2
2.086	-3.284E-4	3.987E-2
2.094	-9.907E-4	3.979E-2
2.102	-1.600E-3	3.983E-2
2.111	-2.020E-3	4.007E-2
2.119	-2.262E-3	4.039E-2
2.128	-2.283E-3	4.079E-2
2.136	-2.095E-3	4.120E-2
2.144	-1.723E-3	4.157E-2
2.153	-1.180E-3	4.187E-2
2.161	-4.818E-4	4.207E-2
2.170	2.242E-4	4.214E-2
2.178	9.073E-4	4.211E-2
2.186	1.448E-3	4.194E-2
2.195	1.805E-3	4.168E-2
2.203	1.884E-3	4.137E-2
2.211	1.714E-3	4.103E-2
2.220	1.284E-3	4.069E-2
2.228	6.523E-4	4.041E-2
2.237	-3.402E-5	4.021E-2
2.245	-7.584E-4	4.014E-2
2.253	-1.435E-3	4.015E-2
2.262	-1.944E-3	4.031E-2
2.270	-2.310E-3	4.050E-2
2.278	-2.378E-3	4.080E-2
2.287	-2.278E-3	4.109E-2
2.295	-1.900E-3	4.135E-2
2.304	-1.368E-3	4.157E-2
2.312	-6.736E-4	4.174E-2
2.320	6.178E-5	4.180E-2
2.329	7.718E-4	4.179E-2
2.337	1.413E-3	4.172E-2
2.345	1.854E-3	4.157E-2
2.354	2.060E-3	4.136E-2
2.362	1.945E-3	4.112E-2
2.371	1.586E-3	4.092E-2
2.379	9.972E-4	4.074E-2
2.387	2.576E-4	4.064E-2
2.396	-5.000E-4	4.058E-2
2.404	-1.239E-3	4.059E-2
2.412	-1.852E-3	4.060E-2
2.421	-2.267E-3	4.071E-2
2.429	-2.465E-3	4.083E-2
2.438	-2.380E-3	4.095E-2
2.446	-2.100E-3	4.107E-2
2.454	-1.595E-3	4.118E-2
2.463	-9.159E-4	4.129E-2
2.471	-1.717E-4	4.134E-2
2.479	5.745E-4	4.134E-2
2.488	1.275E-3	4.133E-2
2.496	1.795E-3	4.131E-2
2.505	2.037E-3	4.130E-2
2.513	2.060E-3	4.118E-2
2.521	1.752E-3	4.109E-2
2.530	1.198E-3	4.106E-2
2.538	4.752E-4	4.103E-2
2.546	-2.846E-4	4.098E-2
2.555	-1.052E-3	4.097E-2
2.563	-1.704E-3	4.093E-2
2.572	-2.209E-3	4.087E-2
2.580	-2.473E-3	4.086E-2
2.588	-2.506E-3	4.086E-2
2.597	-2.288E-3	4.086E-2
2.605	-1.844E-3	4.086E-2
2.613	-1.212E-3	4.086E-2
2.622	-4.489E-4	4.089E-2
2.630	3.188E-4	4.092E-2
2.639	1.036E-3	4.097E-2
2.647	1.602E-3	4.102E-2
2.655	1.967E-3	4.110E-2
2.664	2.035E-3	4.119E-2
2.672	1.830E-3	4.126E-2
2.680	1.372E-3	4.133E-2
2.689	7.080E-4	4.134E-2
2.697	-2.724E-5	4.134E-2
2.706	-7.882E-4	4.131E-2
2.714	-1.484E-3	4.123E-2
2.722	-2.027E-3	4.111E-2
2.731	-2.344E-3	4.099E-2
2.739	-2.375E-3	4.085E-2
2.747	-2.259E-3	4.071E-2
2.756	-1.876E-3	4.058E-2
2.764	-1.331E-3	4.054E-2
2.773	-6.337E-4	4.056E-2
2.781	9.400E-5	4.059E-2
2.789	8.029E-4	4.069E-2
2.798	1.404E-3	4.085E-2
2.806	1.828E-3	4.106E-2
2.815	1.978E-3	4.129E-2
2.823	1.839E-3	4.150E-2
2.831	1.454E-3	4.168E-2
2.840	8.754E-4	4.180E-2
2.848	1.773E-4	4.181E-2
2.856	-5.060E-4	4.178E-2
2.865	-1.185E-3	4.165E-2
2.873	-1.728E-3	4.139E-2
2.882	-2.106E-3	4.112E-2
2.890	-2.286E-3	4.085E-2
2.898	-2.196E-3	4.058E-2
2.907	-1.909E-3	4.037E-2
2.915	-1.424E-3	4.019E-2
2.923	-8.067E-4	4.015E-2
2.932	-1.412E-4	4.017E-2
2.940	5.348E-4	4.035E-2
2.949	1.142E-3	4.060E-2
2.957	1.600E-3	4.089E-2
2.965	1.837E-3	4.125E-2
2.974	1.820E-3	4.159E-2
2.982	1.539E-3	4.187E-2
2.990	1.025E-3	4.205E-2
2.999	3.967E-4	4.216E-2
3.007	-2.735E-4	4.213E-2
3.016	-8.955E-4	4.193E-2
3.024	-1.432E-3	4.166E-2
3.032	-1.838E-3	4.128E-2
3.041	-2.064E-3	4.087E-2
3.049	-2.066E-3	4.045E-2
3.057	-1.853E-3	4.011E-2
3.066	-1.464E-3	3.989E-2
3.074	-9.587E-4	3.977E-2
3.083	-3.654E-4	3.975E-2
3.091	2.526E-4	3.996E-2
3.099	8.272E-4	4.026E-2
3.108	1.247E-3	4.065E-2
3.116	1.514E-3	4.111E-2
3.124	1.567E-3	4.157E-2
3.133	1.356E-3	4.197E-2
3.141	1.006E-3	4.226E-2
3.150	4.944E-4	4.241E-2
3.158	-6.219E-5	4.241E-2
3.166	-6.651E-4	4.223E-2
3.175	-1.181E-3	4.189E-2
3.183	-1.576E-3	4.140E-2
3.191	-1.835E-3	4.088E-2
3.200	-1.892E-3	4.038E-2
3.208	-1.782E-3	3.994E-2
3.217	-1.522E-3	3.961E-2
3.225	-1.136E-3	3.946E-2
3.233	-6.288E-4	3.947E-2
3.242	-9.318E-5	3.968E-2
3.250	4.006E-4	4.004E-2
3.258	8.070E-4	4.049E-2
3.267	1.115E-3	4.103E-2
3.275	1.256E-3	4.159E-2
3.284	1.189E-3	4.208E-2
3.292	9.535E-4	4.244E-2
3.300	5.772E-4	4.266E-2
3.309	9.701E-5	4.268E-2
3.317	-3.897E-4	4.249E-2
3.325	-8.553E-4	4.210E-2
3.334	-1.268E-3	4.157E-2
3.342	-1.563E-3	4.098E-2
3.351	-1.678E-3	4.041E-2
3.359	-1.649E-3	3.987E-2
3.367	-1.496E-3	3.947E-2
3.376	-1.213E-3	3.925E-2
3.384	-8.269E-4	3.924E-2
3.392	-3.921E-4	3.944E-2
3.401	3.995E-5	3.986E-2
3.409	4.367E-4	4.040E-2
3.418	7.589E-4	4.100E-2
3.426	9.373E-4	4.164E-2
3.434	9.889E-4	4.221E-2
3.443	8.910E-4	4.265E-2
3.451	6.688E-4	4.290E-2
3.459	3.649E-4	4.294E-2
3.468	-2.564E-5	4.274E-2
3.476	-4.041E-4	4.234E-2
3.485	-7.530E-4	4.177E-2
3.493	-1.029E-3	4.113E-2
3.501	-1.234E-3	4.045E-2
3.510	-1.355E-3	3.986E-2
3.518	-1.318E-3	3.942E-2
3.527	-1.182E-3	3.916E-2
3.535	-9.332E-4	3.913E-2
3.543	-6.112E-4	3.932E-2
3.552	-2.657E-4	3.971E-2
3.560	6.042E-5	4.028E-2
3.568	3.505E-4	4.094E-2
3.577	5.734E-4	4.161E-2
3.585	7.000E-4	4.221E-2
3.594	7.380E-4	4.271E-2
3.602	6.504E-4	4.299E-2
3.610	4.866E-4	4.303E-2
3.619	2.375E-4	4.285E-2
3.627	-3.007E-5	4.248E-2
3.635	-3.010E-4	4.191E-2
3.644	-6.385E-4	4.127E-2
3.652	-8.694E-4	4.057E-2
3.661	-1.010E-3	3.993E-2
3.669	-1.116E-3	3.942E-2
3.677	-1.108E-3	3.912E-2
3.686	-1.033E-3	3.905E-2
3.694	-8.742E-4	3.921E-2
3.702	-6.495E-4	3.962E-2
3.711	-3.769E-4	4.021E-2
3.719	-1.438E-4	4.087E-2
3.728	8.698E-5	4.155E-2
3.736	3.001E-4	4.220E-2
3.744	4.701E-4	4.273E-2
3.753	5.220E-4	4.303E-2
3.761	5.190E-4	4.312E-2
3.769	4.185E-4	4.297E-2
3.778	2.404E-4	4.261E-2
3.786	1.582E-5	4.206E-2
3.795	-2.215E-4	4.137E-2
3.803	-4.833E-4	4.065E-2
3.811	-6.994E-4	3.998E-2
3.820	-8.719E-4	3.943E-2
3.828	-9.773E-4	3.910E-2
3.836	-9.727E-4	3.898E-2
3.845	-9.494E-4	3.910E-2
3.853	-8.715E-4	3.946E-2
3.862	-6.950E-4	4.001E-2
3.870	-4.610E-4	4.069E-2
3.878	-2.142E-4	4.136E-2
3.887	4.894E-5	4.202E-2
3.895	2.785E-4	4.257E-2
3.903	4.664E-4	4.291E-2
3.912	6.478E-4	4.302E-2
3.920	6.841E-4	4.290E-2
3.929	6.674E-4	4.255E-2
3.937	5.076E-4	4.202E-2
3.945	2.750E-4	4.136E-2
3.954	2.195E-5	4.065E-2
3.962	-2.455E-4	4.000E-2
3.970	-5.012E-4	3.945E-2
3.979	-7.263E-4	3.909E-2
3.987	-9.177E-4	3.897E-2
3.996	-1.047E-3	3.907E-2
4.004	-1.102E-3	3.940E-2
4.012	-9.725E-4	3.993E-2
4.021	-8.506E-4	4.059E-2
4.029	-6.183E-4	4.127E-2
4.037	-2.957E-4	4.189E-2
4.046	-1.575E-5	4.241E-2
4.054	2.828E-4	4.279E-2
4.063	5.615E-4	4.293E-2
4.071	7.266E-4	4.285E-2
4.079	8.571E-4	4.256E-2
4.088	7.892E-4	4.206E-2
4.096	6.070E-4	4.146E-2
4.104	3.367E-4	4.082E-2
4.113	1.891E-5	4.017E-2
4.121	-3.450E-4	3.966E-2
4.130	-7.019E-4	3.930E-2
4.138	-1.016E-3	3.915E-2
4.146	-1.290E-3	3.923E-2
4.155	-1.412E-3	3.951E-2
4.163	-1.420E-3	3.997E-2
4.171	-1.322E-3	4.056E-2
4.180	-1.096E-3	4.119E-2
4.188	-8.106E-4	4.177E-2
4.197	-4.271E-4	4.227E-2
4.205	-1.362E-5	4.263E-2
4.213	3.820E-4	4.280E-2
4.222	7.033E-4	4.276E-2
4.230	9.290E-4	4.247E-2
4.239	1.027E-3	4.204E-2
4.247	9.546E-4	4.150E-2
4.255	7.405E-4	4.091E-2
4.264	3.919E-4	4.033E-2
4.272	-3.304E-5	3.986E-2
4.280	-4.728E-4	3.951E-2
4.289	-9.000E-4	3.938E-2
4.297	-1.270E-3	3.943E-2
4.306	-1.545E-3	3.967E-2
4.314	-1.673E-3	4.007E-2
4.322	-1.649E-3	4.060E-2
4.331	-1.442E-3	4.114E-2
4.339	-1.111E-3	4.167E-2
4.347	-6.925E-4	4.214E-2
4.356	-2.125E-4	4.249E-2
4.364	2.801E-4	4.266E-2
4.373	7.307E-4	4.267E-2
4.381	1.110E-3	4.245E-2
4.389	1.322E-3	4.208E-2
4.398	1.326E-3	4.160E-2
4.406	1.130E-3	4.108E-2
4.414	7.990E-4	4.059E-2
4.423	3.141E-4	4.015E-2
4.431	-2.130E-4	3.986E-2
4.440	-7.210E-4	3.971E-2
4.448	-1.191E-3	3.972E-2
4.456	-1.572E-3	3.990E-2
4.465	-1.808E-3	4.018E-2
4.473	-1.865E-3	4.061E-2
4.481	-1.710E-3	4.108E-2
4.490	-1.449E-3	4.154E-2
4.498	-9.878E-4	4.191E-2
4.507	-4.552E-4	4.223E-2
4.515	1.096E-4	4.237E-2
4.523	6.586E-4	4.241E-2
4.532	1.139E-3	4.227E-2
4.540	1.434E-3	4.199E-2
4.548	1.588E-3	4.162E-2
4.557	1.458E-3	4.118E-2
4.565	1.157E-3	4.077E-2
4.574	6.953E-4	4.042E-2
4.582	1.060E-4	4.015E-2
4.590	-4.947E-4	3.999E-2
4.599	-1.078E-3	3.997E-2
4.607	-1.562E-3	4.009E-2
4.615	-1.875E-3	4.034E-2
4.624	-2.026E-3	4.064E-2
4.632	-2.013E-3	4.100E-2
4.641	-1.697E-3	4.135E-2
4.649	-1.330E-3	4.164E-2
4.657	-7.546E-4	4.184E-2
4.666	-1.366E-4	4.198E-2
4.674	4.882E-4	4.201E-2
4.682	1.042E-3	4.194E-2
4.691	1.444E-3	4.176E-2
4.699	1.639E-3	4.150E-2
4.708	1.625E-3	4.121E-2
4.716	1.382E-3	4.092E-2
4.724	9.325E-4	4.066E-2
4.733	3.183E-4	4.044E-2
4.741	-3.446E-4	4.033E-2
4.749	-9.839E-4	4.033E-2
4.758	-1.533E-3	4.039E-2
4.766	-1.916E-3	4.054E-2
4.775	-2.117E-3	4.073E-2
4.783	-2.107E-3	4.093E-2
4.791	-1.878E-3	4.114E-2
4.800	-1.497E-3	4.135E-2
4.808	-9.416E-4	4.152E-2
4.816	-2.989E-4	4.161E-2
4.825	3.249E-4	4.162E-2
4.833	9.583E-4	4.159E-2
4.842	1.448E-3	4.149E-2
4.850	1.752E-3	4.134E-2
4.858	1.804E-3	4.115E-2
4.867	1.604E-3	4.100E-2
4.875	1.180E-3	4.085E-2
4.883	5.687E-4	4.073E-2
4.892	-1.228E-4	4.065E-2
4.900	-8.192E-4	4.061E-2
4.909	-1.418E-3	4.062E-2
4.917	-1.877E-3	4.067E-2
4.925	-2.127E-3	4.075E-2
4.934	-2.225E-3	4.087E-2
4.942	-2.085E-3	4.098E-2
4.951	-1.704E-3	4.109E-2
4.959	-1.206E-3	4.116E-2
4.967	-5.582E-4	4.123E-2
4.976	1.088E-4	4.130E-2
4.984	7.584E-4	4.130E-2
4.992	1.330E-3	4.131E-2
5.001	1.672E-3	4.129E-2
5.009	1.810E-3	4.122E-2
5.018	1.683E-3	4.117E-2
5.026	1.306E-3	4.111E-2
5.034	7.200E-4	4.109E-2
5.043	5.588E-5	4.109E-2
5.051	-6.428E-4	4.107E-2
5.059	-1.297E-3	4.102E-2
5.068	-1.821E-3	4.099E-2
5.076	-2.140E-3	4.099E-2
5.085	-2.282E-3	4.096E-2
5.093	-2.169E-3	4.092E-2
5.101	-1.902E-3	4.090E-2
5.110	-1.410E-3	4.087E-2
5.118	-7.746E-4	4.087E-2
5.126	-1.067E-4	4.087E-2
5.135	5.338E-4	4.092E-2
5.143	1.146E-3	4.099E-2
5.152	1.585E-3	4.108E-2
5.160	1.817E-3	4.115E-2
5.168	1.773E-3	4.125E-2
5.177	1.429E-3	4.134E-2
5.185	9.378E-4	4.136E-2
5.193	2.861E-4	4.137E-2
5.202	-4.048E-4	4.136E-2
5.210	-1.055E-3	4.131E-2
5.219	-1.604E-3	4.119E-2
5.227	-1.978E-3	4.106E-2
5.235	-2.183E-3	4.091E-2
5.244	-2.196E-3	4.077E-2
5.252	-1.994E-3	4.065E-2
5.260	-1.574E-3	4.055E-2
5.269	-1.008E-3	4.050E-2
5.277	-3.865E-4	4.048E-2
5.286	2.666E-4	4.056E-2
5.294	8.904E-4	4.068E-2
5.302	1.371E-3	4.086E-2
5.311	1.627E-3	4.107E-2
5.319	1.650E-3	4.130E-2
5.327	1.437E-3	4.149E-2
5.336	1.003E-3	4.162E-2
5.344	4.224E-4	4.172E-2
5.353	-2.103E-4	4.174E-2
5.361	-8.371E-4	4.166E-2
5.369	-1.385E-3	4.148E-2
5.378	-1.787E-3	4.128E-2
5.386	-2.036E-3	4.104E-2
5.394	-2.085E-3	4.076E-2
5.403	-1.909E-3	4.054E-2
5.411	-1.570E-3	4.038E-2
5.420	-1.087E-3	4.023E-2
5.428	-4.932E-4	4.020E-2
5.436	1.263E-4	4.031E-2
5.445	6.946E-4	4.048E-2
5.453	1.177E-3	4.075E-2
5.461	1.471E-3	4.108E-2
5.470	1.581E-3	4.139E-2
5.478	1.427E-3	4.168E-2
5.487	1.121E-3	4.194E-2
5.495	6.404E-4	4.208E-2
5.503	6.922E-5	4.208E-2
5.512	-5.042E-4	4.200E-2
5.520	-1.034E-3	4.178E-2
5.528	-1.455E-3	4.149E-2
5.537	-1.784E-3	4.113E-2
5.545	-1.885E-3	4.076E-2
5.554	-1.810E-3	4.040E-2
5.562	-1.558E-3	4.013E-2
5.570	-1.164E-3	3.995E-2
5.579	-6.440E-4	3.991E-2
5.587	-9.886E-5	3.999E-2
5.595	4.169E-4	4.020E-2
5.604	9.050E-4	4.055E-2
5.612	1.214E-3	4.097E-2
5.621	1.377E-3	4.140E-2
5.629	1.359E-3	4.179E-2
5.637	1.138E-3	4.209E-2
5.646	7.355E-4	4.229E-2
5.654	2.689E-4	4.233E-2
5.663	-2.416E-4	4.224E-2
5.671	-7.086E-4	4.199E-2
5.679	-1.145E-3	4.162E-2
5.688	-1.416E-3	4.117E-2
5.696	-1.597E-3	4.069E-2
5.704	-1.600E-3	4.022E-2
5.713	-1.409E-3	3.987E-2
5.721	-1.127E-3	3.966E-2
5.730	-7.075E-4	3.960E-2
5.738	-2.413E-4	3.971E-2
5.746	2.281E-4	3.994E-2
5.755	6.586E-4	4.034E-2
5.763	9.660E-4	4.083E-2
5.771	1.175E-3	4.135E-2
5.780	1.185E-3	4.182E-2
5.788	1.073E-3	4.222E-2
5.797	7.765E-4	4.248E-2
5.805	4.282E-4	4.257E-2
5.813	8.871E-6	4.247E-2
5.822	-4.202E-4	4.222E-2
5.830	-8.076E-4	4.180E-2
5.838	-1.137E-3	4.130E-2
5.847	-1.333E-3	4.077E-2
5.855	-1.398E-3	4.027E-2
5.864	-1.340E-3	3.987E-2
5.872	-1.161E-3	3.955E-2
5.880	-8.688E-4	3.944E-2
5.889	-4.946E-4	3.950E-2
5.897	-1.069E-4	3.977E-2
5.905	2.289E-4	4.017E-2
5.914	5.433E-4	4.070E-2
5.922	7.555E-4	4.127E-2
5.931	8.959E-4	4.184E-2
5.939	9.091E-4	4.228E-2
5.947	7.174E-4	4.259E-2
5.956	4.863E-4	4.270E-2
5.964	2.083E-4	4.265E-2
5.972	-1.445E-4	4.238E-2
5.981	-4.840E-4	4.198E-2
5.989	-7.267E-4	4.143E-2
5.998	-9.325E-4	4.082E-2
6.006	-1.103E-3	4.024E-2
6.014	-1.148E-3	3.974E-2
6.023	-1.043E-3	3.941E-2
6.031	-9.166E-4	3.925E-2
6.039	-6.817E-4	3.931E-2
6.048	-4.040E-4	3.957E-2
6.056	-8.628E-5	3.997E-2
6.065	1.754E-4	4.054E-2
6.073	4.239E-4	4.117E-2
6.081	6.128E-4	4.176E-2
6.090	6.625E-4	4.228E-2
6.098	6.703E-4	4.264E-2
6.106	5.444E-4	4.281E-2
6.115	3.764E-4	4.274E-2
6.123	1.137E-4	4.249E-2
6.132	-1.616E-4	4.203E-2
6.140	-4.355E-4	4.146E-2
6.148	-6.663E-4	4.085E-2
6.157	-8.309E-4	4.025E-2
6.165	-9.637E-4	3.971E-2
6.173	-9.632E-4	3.934E-2
6.182	-9.405E-4	3.914E-2
6.190	-8.091E-4	3.918E-2
6.199	-6.812E-4	3.948E-2
6.207	-4.569E-4	3.990E-2
6.215	-2.255E-4	4.047E-2
6.224	1.128E-5	4.110E-2
6.232	2.202E-4	4.174E-2
6.240	4.186E-4	4.227E-2
6.249	4.987E-4	4.267E-2
6.257	5.314E-4	4.287E-2
6.266	4.761E-4	4.288E-2
6.274	3.670E-4	4.265E-2
6.282	1.933E-4	4.222E-2
6.291	-1.261E-5	4.166E-2
6.299	-2.345E-4	4.098E-2
6.307	-4.519E-4	4.039E-2
6.316	-6.548E-4	3.986E-2
6.324	-7.533E-4	3.946E-2
6.333	-8.885E-4	3.925E-2
6.341	-8.944E-4	3.924E-2
6.349	-8.950E-4	3.948E-2
6.358	-7.143E-4	3.991E-2
6.366	-5.217E-4	4.045E-2
6.375	-3.101E-4	4.108E-2
6.383	-1.013E-4	4.171E-2
6.391	9.534E-5	4.226E-2
6.400	2.712E-4	4.267E-2
6.408	4.425E-4	4.288E-2
6.416	5.488E-4	4.290E-2
6.425	5.368E-4	4.270E-2
6.433	4.683E-4	4.228E-2
6.442	3.107E-4	4.174E-2
6.450	1.088E-4	4.111E-2
6.458	-1.432E-4	4.048E-2
6.467	-4.236E-4	3.994E-2
6.475	-6.651E-4	3.952E-2
6.483	-8.672E-4	3.928E-2
6.492	-1.011E-3	3.927E-2
6.500	-1.070E-3	3.946E-2
6.509	-1.088E-3	3.985E-2
6.517	-1.037E-3	4.039E-2
6.525	-8.626E-4	4.097E-2
6.534	-6.330E-4	4.159E-2
6.542	-3.412E-4	4.212E-2
6.550	-4.411E-5	4.250E-2
6.559	2.524E-4	4.272E-2
6.567	4.853E-4	4.273E-2
6.576	5.941E-4	4.255E-2
6.584	6.515E-4	4.220E-2
6.592	5.857E-4	4.171E-2
6.601	4.218E-4	4.113E-2
6.609	1.802E-4	4.055E-2
6.617	-1.050E-4	4.004E-2
6.626	-4.538E-4	3.969E-2
6.634	-7.606E-4	3.945E-2
6.643	-1.060E-3	3.944E-2
6.651	-1.296E-3	3.959E-2
6.659	-1.349E-3	3.995E-2
6.668	-1.339E-3	4.041E-2
6.676	-1.179E-3	4.093E-2
6.684	-9.305E-4	4.146E-2
6.693	-6.163E-4	4.199E-2
6.701	-2.497E-4	4.239E-2
6.710	1.246E-4	4.264E-2
6.718	4.657E-4	4.270E-2
6.726	7.363E-4	4.254E-2
6.735	8.856E-4	4.224E-2
6.743	9.160E-4	4.180E-2
6.751	8.362E-4	4.128E-2
6.760	5.457E-4	4.074E-2
6.768	1.922E-4	4.023E-2
6.777	-1.924E-4	3.988E-2
6.785	-6.063E-4	3.966E-2
6.793	-9.751E-4	3.963E-2
6.802	-1.270E-3	3.973E-2
6.810	-1.473E-3	4.001E-2
6.818	-1.530E-3	4.040E-2
6.827	-1.497E-3	4.087E-2
6.835	-1.302E-3	4.134E-2
6.844	-9.510E-4	4.179E-2
6.852	-5.192E-4	4.215E-2
6.860	-4.426E-5	4.239E-2
6.869	4.087E-4	4.247E-2
6.877	8.138E-4	4.235E-2
6.885	1.055E-3	4.207E-2
6.894	1.139E-3	4.172E-2
6.902	1.106E-3	4.129E-2
6.911	9.000E-4	4.083E-2
6.919	5.385E-4	4.041E-2
6.927	8.067E-5	4.010E-2
6.936	-4.078E-4	3.991E-2
6.944	-8.839E-4	3.986E-2
6.952	-1.289E-3	3.994E-2
6.961	-1.590E-3	4.017E-2
6.969	-1.709E-3	4.047E-2
6.978	-1.726E-3	4.087E-2
6.986	-1.550E-3	4.127E-2
6.994	-1.245E-3	4.162E-2
7.003	-8.252E-4	4.190E-2
7.011	-3.308E-4	4.211E-2
7.020	1.922E-4	4.216E-2
7.028	6.935E-4	4.211E-2
7.036	1.063E-3	4.192E-2
7.045	1.242E-3	4.164E-2
7.053	1.235E-3	4.130E-2
7.061	1.046E-3	4.092E-2
7.070	7.073E-4	4.059E-2
7.078	2.287E-4	4.034E-2
7.087	-3.073E-4	4.016E-2
7.095	-8.665E-4	4.011E-2
7.103	-1.346E-3	4.016E-2
7.112	-1.735E-3	4.033E-2
7.120	-1.939E-3	4.058E-2
7.128	-1.984E-3	4.087E-2
7.137	-1.850E-3	4.115E-2
7.145	-1.567E-3	4.142E-2
7.154	-1.110E-3	4.163E-2
7.162	-5.712E-4	4.178E-2
7.170	3.085E-6	4.182E-2
7.179	5.377E-4	4.181E-2
7.187	9.947E-4	4.169E-2
7.195	1.298E-3	4.152E-2
7.204	1.394E-3	4.130E-2
7.212	1.252E-3	4.105E-2
7.221	9.311E-4	4.082E-2
7.229	4.471E-4	4.061E-2
7.237	-1.280E-4	4.046E-2
7.246	-7.067E-4	4.040E-2
7.254	-1.261E-3	4.041E-2
7.262	-1.714E-3	4.048E-2
7.271	-2.021E-3	4.063E-2
7.279	-2.083E-3	4.082E-2
7.288	-2.021E-3	4.103E-2
7.296	-1.759E-3	4.122E-2
7.304	-1.342E-3	4.138E-2
7.313	-7.690E-4	4.150E-2
7.321	-1.872E-4	4.154E-2
7.329	4.244E-4	4.154E-2
7.338	9.603E-4	4.151E-2
7.346	1.353E-3	4.139E-2
7.355	1.510E-3	4.128E-2
7.363	1.442E-3	4.111E-2
7.371	1.157E-3	4.099E-2
7.380	6.874E-4	4.088E-2
7.388	1.090E-4	4.081E-2
7.396	-5.096E-4	4.076E-2
7.405	-1.077E-3	4.079E-2
7.413	-1.587E-3	4.083E-2
7.422	-1.917E-3	4.087E-2
7.430	-2.069E-3	4.092E-2
7.438	-2.056E-3	4.102E-2
7.447	-1.807E-3	4.110E-2
7.455	-1.403E-3	4.114E-2
7.463	-8.706E-4	4.118E-2
7.472	-2.513E-4	4.120E-2
7.480	3.896E-4	4.125E-2
7.489	9.327E-4	4.128E-2
7.497	1.360E-3	4.129E-2
7.505	1.605E-3	4.127E-2
7.514	1.615E-3	4.124E-2
7.522	1.386E-3	4.124E-2
7.530	9.677E-4	4.126E-2
7.539	4.111E-4	4.122E-2
7.547	-2.092E-4	4.122E-2
7.556	-8.283E-4	4.122E-2
7.564	-1.363E-3	4.120E-2
7.572	-1.765E-3	4.120E-2
7.581	-1.988E-3	4.115E-2
7.589	-2.018E-3	4.108E-2
7.597	-1.867E-3	4.104E-2
7.606	-1.492E-3	4.104E-2
7.614	-1.020E-3	4.104E-2
7.623	-4.492E-4	4.105E-2
7.631	1.886E-4	4.106E-2
7.639	7.674E-4	4.111E-2
7.648	1.228E-3	4.119E-2
7.656	1.508E-3	4.125E-2
7.664	1.564E-3	4.135E-2
7.673	1.366E-3	4.141E-2
7.681	1.008E-3	4.146E-2
7.690	4.888E-4	4.152E-2
7.698	-1.062E-4	4.155E-2
7.706	-7.167E-4	4.153E-2
7.715	-1.263E-3	4.145E-2
7.723	-1.699E-3	4.133E-2
7.732	-1.997E-3	4.119E-2
7.740	-2.030E-3	4.102E-2
7.748	-1.973E-3	4.089E-2
7.757	-1.670E-3	4.078E-2
7.765	-1.208E-3	4.070E-2
7.773	-6.439E-4	4.066E-2
7.782	-4.754E-5	4.067E-2
7.790	5.310E-4	4.078E-2
7.799	1.015E-3	4.091E-2
7.807	1.347E-3	4.109E-2
7.815	1.477E-3	4.129E-2
7.824	1.380E-3	4.148E-2
7.832	1.097E-3	4.164E-2
7.840	6.052E-4	4.175E-2
7.849	4.071E-5	4.177E-2
7.857	-5.181E-4	4.177E-2
7.866	-1.032E-3	4.163E-2
7.874	-1.502E-3	4.142E-2
7.882	-1.798E-3	4.116E-2
7.891	-1.935E-3	4.090E-2
7.899	-1.906E-3	4.065E-2
7.907	-1.652E-3	4.043E-2
7.916	-1.269E-3	4.029E-2
7.924	-7.861E-4	4.024E-2
7.933	-2.639E-4	4.025E-2
7.941	2.973E-4	4.038E-2
7.949	7.733E-4	4.061E-2
7.958	1.121E-3	4.086E-2
7.966	1.317E-3	4.115E-2
7.974	1.262E-3	4.143E-2
7.983	1.022E-3	4.166E-2
7.991	6.600E-4	4.182E-2
8.000	2.043E-4	4.188E-2
8.008	-3.079E-4	4.185E-2
8.016	-8.388E-4	4.171E-2
8.025	-1.291E-3	4.150E-2
8.033	-1.583E-3	4.120E-2
8.041	-1.773E-3	4.088E-2
8.050	-1.783E-3	4.053E-2
8.058	-1.623E-3	4.025E-2
8.067	-1.329E-3	4.001E-2
8.075	-9.156E-4	3.991E-2
8.083	-4.403E-4	3.993E-2
8.092	4.209E-5	4.009E-2
8.100	5.023E-4	4.038E-2
8.108	8.596E-4	4.072E-2
8.117	1.035E-3	4.110E-2
8.125	1.074E-3	4.148E-2
8.134	9.550E-4	4.182E-2
8.142	6.777E-4	4.205E-2
8.150	2.896E-4	4.220E-2
8.159	-1.588E-4	4.221E-2
8.167	-6.142E-4	4.202E-2
8.175	-1.013E-3	4.175E-2
8.184	-1.352E-3	4.139E-2
8.192	-1.571E-3	4.095E-2
8.201	-1.603E-3	4.051E-2
8.209	-1.551E-3	4.014E-2
8.217	-1.336E-3	3.988E-2
8.226	-1.027E-3	3.974E-2
8.234	-6.525E-4	3.973E-2
8.242	-2.189E-4	3.990E-2
8.251	1.939E-4	4.019E-2
8.259	5.317E-4	4.060E-2
8.268	7.708E-4	4.107E-2
8.276	8.725E-4	4.154E-2
8.284	8.542E-4	4.194E-2
8.293	6.715E-4	4.225E-2
8.301	3.957E-4	4.244E-2
8.309	3.521E-5	4.244E-2
8.318	-3.618E-4	4.227E-2
8.326	-6.952E-4	4.198E-2
8.335	-9.950E-4	4.156E-2
8.343	-1.243E-3	4.107E-2
8.351	-1.371E-3	4.059E-2
8.360	-1.363E-3	4.014E-2
8.368	-1.263E-3	3.979E-2
8.376	-1.072E-3	3.961E-2
8.385	-7.782E-4	3.962E-2
8.393	-4.575E-4	3.977E-2
8.402	-1.185E-4	4.009E-2
8.410	1.778E-4	4.055E-2
8.418	4.530E-4	4.107E-2
8.427	5.686E-4	4.158E-2
8.435	6.467E-4	4.203E-2
8.444	5.781E-4	4.240E-2
8.452	4.163E-4	4.259E-2
8.460	1.979E-4	4.256E-2
8.469	-7.601E-5	4.243E-2
8.477	-3.873E-4	4.208E-2
8.485	-6.601E-4	4.162E-2
8.494	-8.759E-4	4.109E-2
8.502	-1.050E-3	4.057E-2
8.511	-1.110E-3	4.008E-2
8.519	-1.111E-3	3.971E-2
8.527	-9.924E-4	3.948E-2
8.536	-8.648E-4	3.945E-2
8.544	-6.373E-4	3.962E-2
8.552	-4.025E-4	3.994E-2
8.561	-1.536E-4	4.041E-2
8.569	7.050E-5	4.094E-2
8.578	2.651E-4	4.149E-2
8.586	3.967E-4	4.200E-2
8.594	4.317E-4	4.241E-2
8.603	3.745E-4	4.267E-2
8.611	2.470E-4	4.271E-2
8.619	6.035E-5	4.254E-2
8.628	-1.643E-4	4.221E-2
8.636	-3.936E-4	4.176E-2
8.645	-6.106E-4	4.123E-2
8.653	-7.726E-4	4.066E-2
8.661	-9.140E-4	4.014E-2
8.670	-9.722E-4	3.972E-2
8.678	-9.539E-4	3.947E-2
8.686	-8.857E-4	3.942E-2
8.695	-7.904E-4	3.954E-2
8.703	-6.377E-4	3.986E-2
8.712	-4.389E-4	4.034E-2
8.720	-2.181E-4	4.090E-2
8.728	-1.390E-5	4.147E-2
8.737	1.452E-4	4.201E-2
8.745	2.543E-4	4.242E-2
8.753	3.018E-4	4.269E-2
8.762	3.049E-4	4.275E-2
8.770	2.657E-4	4.263E-2
8.779	1.533E-4	4.231E-2
8.787	-2.108E-5	4.184E-2
8.795	-1.949E-4	4.130E-2
8.804	-3.993E-4	4.073E-2
8.812	-6.121E-4	4.018E-2
8.820	-7.618E-4	3.974E-2
8.829	-8.829E-4	3.945E-2
8.837	-9.267E-4	3.939E-2
8.846	-9.155E-4	3.950E-2
8.854	-8.595E-4	3.980E-2
8.862	-7.338E-4	4.023E-2
8.871	-5.537E-4	4.077E-2
8.879	-3.711E-4	4.135E-2
8.887	-1.640E-4	4.186E-2
8.896	3.552E-5	4.228E-2
8.904	2.153E-4	4.255E-2
8.913	3.210E-4	4.264E-2
8.921	3.846E-4	4.254E-2
8.929	3.499E-4	4.225E-2
8.938	2.574E-4	4.181E-2
8.946	7.805E-5	4.129E-2
8.954	-1.252E-4	4.073E-2
8.963	-3.733E-4	4.019E-2
8.971	-6.070E-4	3.975E-2
8.980	-8.339E-4	3.947E-2
8.988	-9.816E-4	3.938E-2
8.996	-1.084E-3	3.949E-2
9.005	-1.109E-3	3.975E-2
9.013	-1.088E-3	4.015E-2
9.021	-9.204E-4	4.067E-2
9.030	-7.243E-4	4.121E-2
9.038	-4.673E-4	4.175E-2
9.047	-1.851E-4	4.219E-2
9.055	5.981E-5	4.247E-2
9.063	2.903E-4	4.257E-2
9.072	4.777E-4	4.249E-2
9.080	5.489E-4	4.225E-2
9.088	5.396E-4	4.183E-2
9.097	4.541E-4	4.133E-2
9.105	2.698E-4	4.082E-2
9.114	1.353E-5	4.034E-2
9.122	-2.791E-4	3.993E-2
9.130	-5.690E-4	3.966E-2
9.139	-8.677E-4	3.953E-2
9.147	-1.077E-3	3.961E-2
9.156	-1.217E-3	3.987E-2
9.164	-1.253E-3	4.022E-2
9.172	-1.164E-3	4.068E-2
9.181	-9.903E-4	4.118E-2
9.189	-7.550E-4	4.163E-2
9.197	-4.220E-4	4.202E-2
9.206	-9.328E-5	4.229E-2
9.214	2.286E-4	4.241E-2
9.223	5.198E-4	4.236E-2
9.231	7.241E-4	4.213E-2
9.239	8.051E-4	4.177E-2
9.248	7.829E-4	4.134E-2
9.256	5.503E-4	4.086E-2
9.264	2.814E-4	4.042E-2
9.273	-5.486E-5	4.002E-2
9.281	-4.082E-4	3.976E-2
9.290	-7.885E-4	3.965E-2
9.298	-1.107E-3	3.968E-2
9.306	-1.343E-3	3.990E-2
9.315	-1.445E-3	4.021E-2
9.323	-1.420E-3	4.061E-2
9.331	-1.290E-3	4.105E-2
9.340	-1.033E-3	4.148E-2
9.348	-6.998E-4	4.184E-2
9.357	-2.872E-4	4.208E-2
9.365	1.313E-4	4.221E-2
9.373	4.977E-4	4.221E-2
9.382	7.969E-4	4.202E-2
9.390	9.728E-4	4.175E-2
9.398	9.760E-4	4.139E-2
9.407	8.699E-4	4.097E-2
9.415	5.548E-4	4.061E-2
9.424	1.926E-4	4.031E-2
9.432	-2.189E-4	4.009E-2
9.440	-6.647E-4	3.996E-2
9.449	-1.065E-3	3.995E-2
9.457	-1.389E-3	4.011E-2
9.465	-1.574E-3	4.037E-2
9.474	-1.628E-3	4.069E-2
9.482	-1.535E-3	4.104E-2
9.491	-1.314E-3	4.138E-2
9.499	-9.435E-4	4.168E-2
9.507	-4.895E-4	4.192E-2
9.516	-9.369E-6	4.204E-2
9.524	4.546E-4	4.203E-2
9.532	8.742E-4	4.190E-2
9.541	1.135E-3	4.172E-2
9.549	1.216E-3	4.144E-2
9.558	1.157E-3	4.113E-2
9.566	9.224E-4	4.084E-2
9.574	5.275E-4	4.059E-2
9.583	5.260E-5	4.039E-2
9.591	-4.456E-4	4.026E-2
9.599	-9.050E-4	4.022E-2
9.608	-1.324E-3	4.034E-2
9.616	-1.602E-3	4.049E-2
9.625	-1.672E-3	4.071E-2
9.633	-1.634E-3	4.097E-2
9.641	-1.405E-3	4.121E-2
9.650	-1.070E-3	4.146E-2
9.658	-6.235E-4	4.164E-2
9.666	-1.184E-4	4.174E-2
9.675	3.938E-4	4.175E-2
9.683	8.220E-4	4.169E-2
9.692	1.142E-3	4.157E-2
9.700	1.347E-3	4.136E-2
9.708	1.362E-3	4.112E-2
9.717	1.143E-3	4.089E-2
9.725	7.496E-4	4.070E-2
9.733	2.695E-4	4.057E-2
9.742	-2.527E-4	4.047E-2
9.750	-7.737E-4	4.044E-2
9.759	-1.255E-3	4.044E-2
9.767	-1.622E-3	4.060E-2
9.775	-1.795E-3	4.074E-2
9.784	-1.807E-3	4.091E-2
9.792	-1.636E-3	4.108E-2
9.800	-1.301E-3	4.126E-2
9.809	-8.658E-4	4.135E-2
9.817	-3.378E-4	4.140E-2
9.826	2.021E-4	4.141E-2
9.834	7.243E-4	4.137E-2
9.842	1.133E-3	4.131E-2
9.851	1.379E-3	4.122E-2
9.859	1.402E-3	4.111E-2
9.868	1.256E-3	4.100E-2
9.876	9.157E-4	4.090E-2
9.884	4.438E-4	4.083E-2
9.893	-9.928E-5	4.079E-2
9.901	-6.729E-4	4.079E-2
9.909	-1.175E-3	4.081E-2
9.918	-1.558E-3	4.084E-2
9.926	-1.803E-3	4.088E-2
9.935	-1.858E-3	4.093E-2
9.943	-1.710E-3	4.101E-2
9.951	-1.444E-3	4.108E-2
9.960	-9.846E-4	4.109E-2
9.968	-4.536E-4	4.113E-2
9.976	1.023E-4	4.115E-2
9.985	6.402E-4	4.114E-2
9.993	1.109E-3	4.113E-2
10.002	1.394E-3	4.112E-2
10.010	1.470E-3	4.111E-2
10.018	1.380E-3	4.110E-2
10.027	1.092E-3	4.107E-2
10.035	5.925E-4	4.107E-2
10.043	4.228E-5	4.107E-2
10.052	-5.085E-4	4.106E-2
10.060	-1.021E-3	4.106E-2
10.069	-1.447E-3	4.105E-2
10.077	-1.709E-3	4.100E-2
10.085	-1.863E-3	4.095E-2
10.094	-1.785E-3	4.090E-2
10.102	-1.544E-3	4.086E-2
10.110	-1.154E-3	4.085E-2
10.119	-6.451E-4	4.085E-2
10.127	-9.099E-5	4.085E-2
10.136	4.253E-4	4.089E-2
10.144	9.200E-4	4.094E-2
10.152	1.257E-3	4.102E-2
10.161	1.390E-3	4.111E-2
10.169	1.365E-3	4.120E-2
10.177	1.133E-3	4.128E-2
10.186	7.135E-4	4.133E-2
10.194	2.263E-4	4.134E-2
10.203	-3.125E-4	4.134E-2
10.211	-8.697E-4	4.130E-2
10.219	-1.327E-3	4.119E-2
10.228	-1.638E-3	4.107E-2
10.236	-1.788E-3	4.092E-2
10.244	-1.759E-3	4.079E-2
10.253	-1.597E-3	4.067E-2
10.261	-1.241E-3	4.058E-2
10.270	-8.130E-4	4.058E-2
10.278	-3.081E-4	4.059E-2
10.286	2.085E-4	4.063E-2
10.295	7.009E-4	4.073E-2
10.303	1.074E-3	4.088E-2
10.311	1.244E-3	4.106E-2
10.320	1.239E-3	4.127E-2
10.328	1.052E-3	4.142E-2
10.337	6.974E-4	4.156E-2
10.345	2.413E-4	4.161E-2
10.353	-2.495E-4	4.160E-2
10.362	-7.308E-4	4.154E-2
10.370	-1.166E-3	4.137E-2
10.378	-1.482E-3	4.118E-2
10.387	-1.684E-3	4.093E-2
10.395	-1.671E-3	4.069E-2
10.404	-1.560E-3	4.045E-2
10.412	-1.275E-3	4.030E-2
10.420	-8.979E-4	4.021E-2
10.429	-4.227E-4	4.020E-2
10.437	5.634E-5	4.029E-2
10.445	5.106E-4	4.045E-2
10.454	9.023E-4	4.068E-2
10.462	1.138E-3	4.093E-2
10.471	1.187E-3	4.122E-2
10.479	1.120E-3	4.150E-2
10.487	8.776E-4	4.173E-2
10.496	4.706E-4	4.184E-2
10.504	2.196E-5	4.184E-2
10.512	-4.391E-4	4.177E-2
10.521	-8.658E-4	4.158E-2
10.529	-1.208E-3	4.132E-2
10.538	-1.405E-3	4.102E-2
10.546	-1.473E-3	4.072E-2
10.554	-1.422E-3	4.040E-2
10.563	-1.192E-3	4.017E-2
10.571	-8.815E-4	4.000E-2
10.580	-4.720E-4	3.998E-2
10.588	-1.648E-5	4.003E-2
10.596	3.892E-4	4.023E-2
10.605	7.033E-4	4.050E-2
10.613	9.477E-4	4.083E-2
10.621	1.078E-3	4.120E-2
10.630	9.861E-4	4.153E-2
10.638	8.301E-4	4.180E-2
10.647	4.881E-4	4.199E-2
10.655	1.188E-4	4.204E-2
10.663	-2.875E-4	4.197E-2
10.672	-6.642E-4	4.177E-2
10.680	-9.663E-4	4.146E-2
10.688	-1.192E-3	4.109E-2
10.697	-1.322E-3	4.070E-2
10.705	-1.330E-3	4.032E-2
10.714	-1.192E-3	4.005E-2
10.722	-9.404E-4	3.989E-2
10.730	-6.275E-4	3.985E-2
10.739	-2.600E-4	3.994E-2
10.747	9.760E-5	4.016E-2
10.755	4.354E-4	4.047E-2
10.764	6.868E-4	4.086E-2
10.772	8.852E-4	4.129E-2
10.781	9.191E-4	4.171E-2
10.789	7.662E-4	4.204E-2
10.797	5.640E-4	4.226E-2
10.806	2.586E-4	4.230E-2
10.814	-2.655E-5	4.224E-2
10.822	-3.821E-4	4.201E-2
10.831	-6.870E-4	4.165E-2
10.839	-9.232E-4	4.122E-2
10.848	-1.059E-3	4.079E-2
10.856	-1.150E-3	4.037E-2
10.864	-1.076E-3	4.001E-2
10.873	-9.459E-4	3.976E-2
10.881	-7.079E-4	3.968E-2
10.889	-4.346E-4	3.973E-2
10.898	-1.499E-4	3.996E-2
10.906	1.400E-4	4.032E-2
10.915	3.533E-4	4.079E-2
10.923	5.082E-4	4.127E-2
10.931	5.656E-4	4.174E-2
10.940	5.570E-4	4.210E-2
10.948	4.512E-4	4.232E-2
10.956	2.730E-4	4.243E-2
10.965	4.103E-5	4.235E-2
10.973	-2.084E-4	4.211E-2
10.982	-4.621E-4	4.174E-2
10.990	-6.895E-4	4.129E-2
10.998	-8.598E-4	4.081E-2
11.007	-9.559E-4	4.035E-2
11.015	-9.580E-4	3.994E-2
11.023	-9.122E-4	3.969E-2
11.032	-7.431E-4	3.957E-2
11.040	-5.653E-4	3.962E-2
11.049	-3.950E-4	3.987E-2
11.057	-1.707E-4	4.025E-2
11.065	3.601E-5	4.070E-2
11.074	2.211E-4	4.119E-2
11.082	3.765E-4	4.164E-2
11.090	4.139E-4	4.204E-2
11.099	4.326E-4	4.233E-2
11.107	4.060E-4	4.245E-2
11.116	2.126E-4	4.241E-2
11.124	4.259E-5	4.220E-2
11.132	-1.371E-4	4.184E-2
11.141	-3.458E-4	4.136E-2
11.149	-5.346E-4	4.084E-2
11.157	-7.174E-4	4.033E-2
11.166	-7.826E-4	3.993E-2
11.174	-8.518E-4	3.965E-2
11.183	-8.457E-4	3.951E-2
11.191	-7.896E-4	3.954E-2
11.199	-6.677E-4	3.976E-2
11.208	-4.989E-4	4.011E-2
11.216	-3.228E-4	4.060E-2
11.224	-1.576E-4	4.112E-2
11.233	2.048E-5	4.161E-2
11.241	1.496E-4	4.203E-2
11.250	2.352E-4	4.233E-2
11.258	2.522E-4	4.248E-2
11.266	2.580E-4	4.245E-2
11.275	1.923E-4	4.224E-2
11.283	7.435E-5	4.188E-2
11.292	-9.712E-5	4.140E-2
11.300	-2.802E-4	4.087E-2
11.308	-4.417E-4	4.036E-2
11.317	-5.985E-4	3.995E-2
11.325	-7.311E-4	3.965E-2
11.333	-7.945E-4	3.949E-2
11.342	-8.471E-4	3.951E-2
11.350	-8.392E-4	3.970E-2
11.359	-7.607E-4	4.006E-2
11.367	-6.444E-4	4.055E-2
11.375	-4.640E-4	4.107E-2
11.384	-2.653E-4	4.157E-2
11.392	-6.336E-5	4.199E-2
11.400	7.657E-5	4.231E-2
11.409	2.190E-4	4.247E-2
11.417	3.043E-4	4.247E-2
11.426	3.097E-4	4.227E-2
11.434	2.772E-4	4.194E-2
11.442	1.816E-4	4.151E-2
11.451	2.123E-5	4.102E-2
11.459	-1.583E-4	4.055E-2
11.467	-3.962E-4	4.012E-2
11.476	-6.074E-4	3.979E-2
11.484	-7.794E-4	3.962E-2
11.493	-9.088E-4	3.965E-2
11.501	-9.883E-4	3.983E-2
11.509	-1.018E-3	4.018E-2
11.518	-9.227E-4	4.060E-2
11.526	-8.051E-4	4.108E-2
11.534	-6.174E-4	4.156E-2
11.543	-3.961E-4	4.197E-2
11.551	-1.631E-4	4.229E-2
11.560	6.742E-5	4.246E-2
11.568	2.629E-4	4.246E-2
11.576	4.222E-4	4.228E-2
11.585	4.886E-4	4.199E-2
11.593	4.578E-4	4.158E-2
11.601	3.022E-4	4.111E-2
11.610	7.638E-5	4.064E-2
11.618	-1.690E-4	4.021E-2
11.627	-4.400E-4	3.992E-2
11.635	-6.987E-4	3.974E-2
11.643	-9.134E-4	3.972E-2
11.652	-1.076E-3	3.986E-2
11.660	-1.142E-3	4.015E-2
11.668	-1.134E-3	4.056E-2
11.677	-1.045E-3	4.101E-2
11.685	-8.514E-4	4.145E-2
11.694	-6.112E-4	4.184E-2
11.702	-2.899E-4	4.211E-2
11.710	3.577E-5	4.228E-2
11.719	3.095E-4	4.227E-2
11.727	5.344E-4	4.216E-2
11.735	6.760E-4	4.192E-2
11.744	7.093E-4	4.157E-2
11.752	5.955E-4	4.115E-2
11.761	3.720E-4	4.072E-2
11.769	6.917E-5	4.034E-2
11.777	-2.418E-4	4.007E-2
11.786	-5.986E-4	3.992E-2
11.794	-8.946E-4	3.990E-2
11.802	-1.132E-3	3.999E-2
11.811	-1.317E-3	4.021E-2
11.819	-1.360E-3	4.056E-2
11.828	-1.328E-3	4.093E-2
11.836	-1.098E-3	4.132E-2
11.844	-8.512E-4	4.165E-2
11.853	-4.843E-4	4.189E-2
11.861	-1.256E-4	4.203E-2
11.869	2.438E-4	4.206E-2
11.878	5.427E-4	4.198E-2
11.886	7.739E-4	4.177E-2
11.895	8.531E-4	4.149E-2
11.903	7.710E-4	4.114E-2
11.911	5.697E-4	4.079E-2
11.920	2.701E-4	4.047E-2
11.928	-9.910E-5	4.020E-2
11.937	-4.984E-4	4.004E-2
11.945	-8.836E-4	3.999E-2
11.953	-1.186E-3	4.007E-2
11.962	-1.400E-3	4.027E-2
11.970	-1.531E-3	4.049E-2
11.978	-1.540E-3	4.081E-2
11.987	-1.353E-3	4.114E-2
11.995	-1.079E-3	4.141E-2
12.004	-7.004E-4	4.162E-2
12.012	-2.682E-4	4.177E-2
12.020	1.709E-4	4.181E-2
12.029	5.288E-4	4.178E-2
12.037	8.161E-4	4.159E-2
12.045	9.814E-4	4.135E-2
12.054	9.851E-4	4.109E-2
12.062	8.102E-4	4.083E-2
12.071	5.096E-4	4.059E-2
12.079	9.083E-5	4.039E-2
12.087	-3.694E-4	4.027E-2
12.096	-8.177E-4	4.020E-2
12.104	-1.182E-3	4.024E-2
12.112	-1.504E-3	4.037E-2
12.121	-1.660E-3	4.058E-2
12.129	-1.662E-3	4.081E-2
12.138	-1.541E-3	4.106E-2
12.146	-1.300E-3	4.130E-2
12.154	-8.964E-4	4.148E-2
12.163	-4.426E-4	4.159E-2
12.171	2.428E-5	4.162E-2
12.179	4.790E-4	4.158E-2
12.188	8.460E-4	4.149E-2
12.196	1.043E-3	4.134E-2
12.205	1.112E-3	4.115E-2
12.213	1.010E-3	4.095E-2
12.221	7.331E-4	4.076E-2
12.230	3.086E-4	4.064E-2
12.238	-1.659E-4	4.054E-2
12.246	-6.484E-4	4.052E-2
12.255	-1.091E-3	4.057E-2
12.263	-1.445E-3	4.064E-2
12.272	-1.649E-3	4.076E-2
12.280	-1.712E-3	4.090E-2
12.288	-1.647E-3	4.106E-2
12.297	-1.396E-3	4.118E-2
12.305	-1.001E-3	4.130E-2
12.313	-5.946E-4	4.135E-2
12.322	-1.174E-4	4.137E-2
12.330	3.465E-4	4.136E-2
12.339	7.646E-4	4.134E-2
12.347	1.039E-3	4.126E-2
12.355	1.173E-3	4.114E-2
12.364	1.130E-3	4.106E-2
12.372	8.952E-4	4.096E-2
12.380	5.126E-4	4.087E-2
12.389	3.923E-5	4.085E-2
12.397	-4.633E-4	4.083E-2
12.406	-9.265E-4	4.080E-2
12.414	-1.336E-3	4.083E-2
12.422	-1.614E-3	4.086E-2
12.431	-1.717E-3	4.090E-2
12.439	-1.708E-3	4.095E-2
12.447	-1.538E-3	4.094E-2
12.456	-1.195E-3	4.103E-2
12.464	-7.270E-4	4.107E-2
12.473	-2.148E-4	4.108E-2
12.481	2.843E-4	4.110E-2
12.489	7.343E-4	4.110E-2
12.498	1.075E-3	4.110E-2
12.506	1.218E-3	4.110E-2
12.514	1.203E-3	4.109E-2
12.523	1.003E-3	4.109E-2
12.531	6.355E-4	4.109E-2
12.540	1.426E-4	4.108E-2
12.548	-3.922E-4	4.108E-2
12.556	-8.784E-4	4.107E-2
12.565	-1.308E-3	4.104E-2
12.573	-1.606E-3	4.103E-2
12.581	-1.784E-3	4.099E-2
12.590	-1.792E-3	4.094E-2
12.598	-1.618E-3	4.091E-2
12.607	-1.333E-3	4.086E-2
12.615	-9.017E-4	4.085E-2
12.623	-4.204E-4	4.085E-2
12.632	7.069E-5	4.087E-2
12.640	5.283E-4	4.090E-2
12.649	9.197E-4	4.097E-2
12.657	1.142E-3	4.108E-2
12.665	1.185E-3	4.114E-2
12.674	1.035E-3	4.127E-2
12.682	7.270E-4	4.132E-2
12.690	2.927E-4	4.135E-2
12.699	-1.865E-4	4.135E-2
12.707	-6.760E-4	4.134E-2
12.716	-1.102E-3	4.126E-2
12.724	-1.439E-3	4.113E-2
12.732	-1.631E-3	4.104E-2
12.741	-1.659E-3	4.090E-2
12.749	-1.552E-3	4.079E-2
12.757	-1.313E-3	4.067E-2
12.766	-9.308E-4	4.061E-2
12.774	-4.701E-4	4.059E-2
12.783	9.765E-6	4.062E-2
12.791	4.765E-4	4.070E-2
12.799	8.794E-4	4.083E-2
12.808	1.130E-3	4.102E-2
12.816	1.187E-3	4.118E-2
12.824	1.138E-3	4.134E-2
12.833	9.077E-4	4.149E-2
12.841	5.123E-4	4.158E-2
12.850	5.502E-5	4.160E-2
12.858	-4.046E-4	4.159E-2
12.866	-8.449E-4	4.145E-2
12.875	-1.187E-3	4.131E-2
12.883	-1.406E-3	4.110E-2
12.891	-1.495E-3	4.088E-2
12.900	-1.437E-3	4.066E-2
12.908	-1.231E-3	4.047E-2
12.917	-9.403E-4	4.036E-2
12.925	-5.158E-4	4.033E-2
12.933	-6.442E-5	4.037E-2
12.942	3.025E-4	4.046E-2
12.950	6.662E-4	4.065E-2
12.958	9.407E-4	4.088E-2
12.967	1.108E-3	4.113E-2
12.975	1.064E-3	4.137E-2
12.984	8.820E-4	4.159E-2
12.992	5.773E-4	4.174E-2
13.000	1.858E-4	4.180E-2
13.009	-2.295E-4	4.180E-2
13.017	-6.331E-4	4.162E-2
13.025	-9.497E-4	4.141E-2
13.034	-1.189E-3	4.112E-2
13.042	-1.351E-3	4.084E-2
13.051	-1.358E-3	4.056E-2
13.059	-1.187E-3	4.034E-2
13.067	-9.278E-4	4.016E-2
13.076	-6.201E-4	4.011E-2
13.084	-2.296E-4	4.015E-2
13.092	1.744E-4	4.028E-2
13.101	4.997E-4	4.054E-2
13.109	7.477E-4	4.085E-2
13.118	9.302E-4	4.117E-2
13.126	9.370E-4	4.150E-2
13.134	8.710E-4	4.178E-2
13.143	5.987E-4	4.197E-2
13.151	2.509E-4	4.205E-2
13.159	-8.688E-5	4.203E-2
13.168	-4.678E-4	4.186E-2
13.176	-7.532E-4	4.161E-2
13.185	-9.668E-4	4.128E-2
13.193	-1.156E-3	4.093E-2
13.201	-1.177E-3	4.058E-2
13.210	-1.130E-3	4.028E-2
13.218	-9.385E-4	4.008E-2
13.226	-6.864E-4	3.997E-2
13.235	-3.857E-4	3.998E-2
13.243	-2.194E-5	4.012E-2
13.252	2.554E-4	4.039E-2
13.260	4.996E-4	4.074E-2
13.268	6.912E-4	4.113E-2
13.277	7.381E-4	4.153E-2
13.285	7.221E-4	4.185E-2
13.293	5.725E-4	4.206E-2
13.302	3.238E-4	4.220E-2
13.310	3.105E-5	4.220E-2
13.319	-2.460E-4	4.204E-2
13.327	-5.087E-4	4.177E-2
13.335	-7.206E-4	4.140E-2
13.344	-9.142E-4	4.099E-2
13.352	-9.455E-4	4.061E-2
13.361	-9.337E-4	4.024E-2
13.369	-8.935E-4	3.995E-2
13.377	-6.992E-4	3.982E-2
13.386	-4.669E-4	3.986E-2
13.394	-2.219E-4	4.002E-2
13.402	2.787E-5	4.028E-2
13.411	2.525E-4	4.066E-2
13.419	4.535E-4	4.108E-2
13.428	5.518E-4	4.152E-2
13.436	5.427E-4	4.189E-2
13.444	4.937E-4	4.217E-2
13.453	3.957E-4	4.231E-2
13.461	1.903E-4	4.230E-2
13.469	-1.896E-5	4.216E-2
13.478	-2.458E-4	4.187E-2
13.486	-4.632E-4	4.146E-2
13.495	-6.519E-4	4.105E-2
13.503	-7.303E-4	4.061E-2
13.511	-7.601E-4	4.022E-2
13.520	-8.122E-4	3.992E-2
13.528	-7.330E-4	3.973E-2
13.536	-6.211E-4	3.972E-2
13.545	-4.486E-4	3.987E-2
13.553	-2.442E-4	4.016E-2
13.562	-1.630E-5	4.056E-2
13.570	1.815E-4	4.104E-2
13.578	2.791E-4	4.150E-2
13.587	4.099E-4	4.191E-2
13.595	4.436E-4	4.224E-2
13.603	4.333E-4	4.242E-2
13.612	2.933E-4	4.244E-2
13.620	1.987E-4	4.231E-2
13.629	2.092E-5	4.201E-2
13.637	-1.824E-4	4.160E-2
13.645	-3.581E-4	4.112E-2
13.654	-4.819E-4	4.065E-2
13.662	-6.430E-4	4.023E-2
13.670	-6.901E-4	3.992E-2
13.679	-6.933E-4	3.972E-2
13.687	-6.880E-4	3.971E-2
13.696	-5.676E-4	3.981E-2
13.704	-4.595E-4	4.013E-2
13.712	-2.680E-4	4.054E-2
13.721	-1.279E-4	4.100E-2
13.729	9.159E-6	4.148E-2
13.737	1.436E-4	4.191E-2
13.746	2.303E-4	4.226E-2
13.754	2.798E-4	4.245E-2
13.763	2.809E-4	4.248E-2
13.771	2.393E-4	4.234E-2
13.779	1.832E-4	4.204E-2
13.788	3.660E-5	4.164E-2
13.796	-8.614E-5	4.116E-2
13.804	-2.705E-4	4.068E-2
13.813	-4.404E-4	4.025E-2
13.821	-5.501E-4	3.991E-2
13.830	-6.955E-4	3.971E-2
13.838	-7.248E-4	3.970E-2
13.846	-7.134E-4	3.976E-2
13.855	-6.782E-4	4.003E-2
13.863	-5.560E-4	4.039E-2
13.871	-4.594E-4	4.084E-2
13.880	-2.663E-4	4.131E-2
13.888	-5.534E-5	4.173E-2
13.897	8.540E-5	4.208E-2
13.905	2.210E-4	4.228E-2
13.913	3.174E-4	4.231E-2
13.922	3.756E-4	4.222E-2
13.930	3.432E-4	4.198E-2
13.938	2.496E-4	4.161E-2
13.947	1.282E-4	4.115E-2
13.955	-5.014E-5	4.068E-2
13.964	-2.231E-4	4.025E-2
13.972	-4.206E-4	3.992E-2
13.980	-5.939E-4	3.972E-2
13.989	-7.438E-4	3.967E-2
13.997	-8.140E-4	3.976E-2
14.005	-8.501E-4	3.998E-2
14.014	-8.444E-4	4.034E-2
14.022	-7.470E-4	4.077E-2
14.031	-5.709E-4	4.123E-2
14.039	-3.888E-4	4.165E-2
14.047	-1.663E-4	4.196E-2
14.056	5.113E-5	4.221E-2
14.064	2.345E-4	4.227E-2
14.073	3.722E-4	4.220E-2
14.081	4.552E-4	4.198E-2
14.089	4.615E-4	4.164E-2
14.098	3.656E-4	4.124E-2
14.106	1.952E-4	4.083E-2
14.114	-3.653E-7	4.042E-2
14.123	-2.382E-4	4.011E-2
14.131	-4.807E-4	3.992E-2
14.140	-7.051E-4	3.987E-2
14.148	-8.895E-4	3.993E-2
14.156	-9.525E-4	4.014E-2
14.165	-9.602E-4	4.045E-2
14.173	-9.274E-4	4.083E-2
14.181	-7.435E-4	4.124E-2
14.190	-5.110E-4	4.161E-2
14.198	-2.462E-4	4.190E-2
14.207	2.356E-5	4.207E-2
14.215	2.689E-4	4.216E-2
14.223	4.981E-4	4.210E-2
14.232	6.866E-4	4.190E-2
14.240	7.234E-4	4.164E-2
14.248	7.029E-4	4.127E-2
14.257	5.411E-4	4.089E-2
14.265	2.968E-4	4.054E-2
14.274	8.449E-6	4.024E-2
14.282	-2.691E-4	4.005E-2
14.290	-5.938E-4	3.998E-2
14.299	-8.833E-4	4.001E-2
14.307	-1.054E-3	4.017E-2
14.315	-1.176E-3	4.043E-2
14.324	-1.160E-3	4.076E-2
14.332	-9.712E-4	4.111E-2
14.341	-7.461E-4	4.144E-2
14.349	-4.676E-4	4.174E-2
14.357	-1.333E-4	4.194E-2
14.366	2.051E-4	4.202E-2
14.374	4.865E-4	4.199E-2
14.382	7.187E-4	4.183E-2
14.391	9.096E-4	4.159E-2
14.399	9.250E-4	4.131E-2
14.408	7.585E-4	4.099E-2
14.416	5.267E-4	4.067E-2
14.424	2.243E-4	4.042E-2
14.433	-1.434E-4	4.022E-2
14.441	-4.966E-4	4.015E-2
14.449	-8.457E-4	4.018E-2
14.458	-1.131E-3	4.032E-2
14.466	-1.258E-3	4.056E-2
14.475	-1.300E-3	4.083E-2
14.483	-1.227E-3	4.110E-2
14.491	-1.039E-3	4.136E-2
14.500	-7.652E-4	4.158E-2
14.508	-4.211E-4	4.175E-2
14.516	-1.885E-5	4.180E-2
14.525	3.600E-4	4.179E-2
14.533	6.567E-4	4.169E-2
14.542	8.879E-4	4.154E-2
14.550	9.459E-4	4.132E-2
14.558	9.035E-4	4.107E-2
14.567	6.861E-4	4.084E-2
14.575	3.867E-4	4.063E-2
14.583	-3.010E-5	4.046E-2
14.592	-4.376E-4	4.040E-2
14.600	-8.368E-4	4.040E-2
14.609	-1.167E-3	4.046E-2
14.617	-1.367E-3	4.062E-2
14.625	-1.428E-3	4.082E-2
14.634	-1.384E-3	4.105E-2
14.642	-1.182E-3	4.125E-2
14.650	-8.750E-4	4.140E-2
14.659	-4.811E-4	4.153E-2
14.667	-3.450E-5	4.157E-2
14.676	3.783E-4	4.157E-2
14.684	7.069E-4	4.153E-2
14.692	9.628E-4	4.138E-2
14.701	1.129E-3	4.125E-2
14.709	1.112E-3	4.108E-2
14.717	9.263E-4	4.090E-2
14.726	5.799E-4	4.078E-2
14.734	1.819E-4	4.067E-2
14.743	-2.493E-4	4.062E-2
14.751	-6.876E-4	4.061E-2
14.759	-1.066E-3	4.065E-2
14.768	-1.359E-3	4.073E-2
14.776	-1.448E-3	4.084E-2
14.785	-1.426E-3	4.096E-2
14.793	-1.279E-3	4.107E-2
14.801	-9.731E-4	4.117E-2
14.810	-6.048E-4	4.127E-2
14.818	-1.915E-4	4.132E-2
14.826	2.615E-4	4.132E-2
14.835	6.786E-4	4.131E-2
14.843	9.747E-4	4.127E-2
14.852	1.161E-3	4.117E-2
14.860	1.170E-3	4.108E-2
14.868	9.956E-4	4.102E-2
14.877	7.056E-4	4.095E-2
14.885	2.928E-4	4.087E-2
14.893	-1.682E-4	4.084E-2
14.902	-6.196E-4	4.084E-2
14.910	-9.962E-4	4.085E-2
14.919	-1.369E-3	4.086E-2
14.927	-1.538E-3	4.087E-2
14.935	-1.559E-3	4.093E-2
14.944	-1.451E-3	4.097E-2
14.952	-1.179E-3	4.099E-2
14.960	-7.792E-4	4.105E-2
14.969	-3.748E-4	4.109E-2
14.977	7.359E-5	4.109E-2
14.986	4.932E-4	4.109E-2
14.994	8.807E-4	4.110E-2
15.002	1.118E-3	4.110E-2
15.011	1.162E-3	4.109E-2
15.019	1.082E-3	4.109E-2
15.027	7.773E-4	4.109E-2
15.036	3.841E-4	4.109E-2
15.044	-8.633E-5	4.109E-2
15.053	-5.628E-4	4.108E-2
15.061	-9.786E-4	4.107E-2
15.069	-1.317E-3	4.105E-2
15.078	-1.522E-3	4.106E-2
15.086	-1.574E-3	4.102E-2
15.094	-1.537E-3	4.093E-2
15.103	-1.324E-3	4.088E-2
15.111	-9.762E-4	4.086E-2
15.120	-5.493E-4	4.086E-2
15.128	-1.195E-4	4.086E-2
15.136	3.114E-4	4.086E-2
15.145	6.914E-4	4.095E-2
15.153	9.480E-4	4.103E-2
15.161	1.053E-3	4.110E-2
15.170	9.832E-4	4.119E-2
15.178	7.566E-4	4.126E-2
15.187	4.055E-4	4.130E-2
15.195	-2.704E-5	4.133E-2
15.203	-4.618E-4	4.133E-2
15.212	-8.714E-4	4.129E-2
15.220	-1.220E-3	4.119E-2
15.228	-1.428E-3	4.107E-2
15.237	-1.525E-3	4.094E-2
15.245	-1.521E-3	4.082E-2
15.254	-1.340E-3	4.070E-2
15.262	-1.047E-3	4.063E-2
15.270	-6.688E-4	4.059E-2
15.279	-2.400E-4	4.061E-2
15.287	1.976E-4	4.065E-2
15.295	5.865E-4	4.078E-2
15.304	8.489E-4	4.092E-2
15.312	9.682E-4	4.107E-2
15.321	9.617E-4	4.126E-2
15.329	7.907E-4	4.138E-2
15.337	4.850E-4	4.151E-2
15.346	8.787E-5	4.155E-2
15.354	-3.254E-4	4.156E-2
15.362	-7.270E-4	4.151E-2
15.371	-1.063E-3	4.136E-2
15.379	-1.336E-3	4.117E-2
15.388	-1.471E-3	4.097E-2
15.396	-1.500E-3	4.073E-2
15.404	-1.376E-3	4.056E-2
15.413	-1.117E-3	4.042E-2
15.421	-7.988E-4	4.037E-2
15.429	-4.243E-4	4.038E-2
15.438	-8.342E-6	4.043E-2
15.446	3.394E-4	4.060E-2
15.455	6.248E-4	4.081E-2
15.463	7.616E-4	4.105E-2
15.471	7.771E-4	4.130E-2
15.480	7.115E-4	4.152E-2
15.488	4.767E-4	4.167E-2
15.497	1.533E-4	4.179E-2
15.505	-2.152E-4	4.179E-2
15.513	-6.046E-4	4.172E-2
15.522	-9.198E-4	4.155E-2
15.530	-1.150E-3	4.133E-2
15.538	-1.334E-3	4.107E-2
15.547	-1.345E-3	4.080E-2
15.555	-1.332E-3	4.057E-2
15.564	-1.109E-3	4.039E-2
15.572	-8.594E-4	4.024E-2
15.580	-5.026E-4	4.021E-2
15.589	-1.564E-4	4.032E-2
15.597	1.746E-4	4.048E-2
15.605	4.788E-4	4.073E-2
15.614	6.642E-4	4.101E-2
15.622	7.576E-4	4.132E-2
15.631	7.023E-4	4.159E-2
15.639	5.315E-4	4.179E-2
15.647	2.785E-4	4.193E-2
15.656	-1.655E-5	4.196E-2
15.664	-3.359E-4	4.187E-2
15.672	-6.565E-4	4.167E-2
15.681	-9.076E-4	4.142E-2
15.689	-1.061E-3	4.109E-2
15.698	-1.165E-3	4.076E-2
15.706	-1.148E-3	4.046E-2
15.714	-1.010E-3	4.020E-2
15.723	-8.268E-4	4.006E-2
15.731	-6.034E-4	4.007E-2
15.739	-3.160E-4	4.016E-2
15.748	-3.243E-5	4.037E-2
15.756	2.323E-4	4.065E-2
15.765	4.361E-4	4.100E-2
15.773	5.592E-4	4.135E-2
15.781	5.497E-4	4.166E-2
15.790	4.701E-4	4.190E-2
15.798	2.864E-4	4.207E-2
15.806	5.114E-5	4.206E-2
15.815	-1.923E-4	4.201E-2
15.823	-4.572E-4	4.179E-2
15.832	-6.849E-4	4.151E-2
15.840	-8.553E-4	4.115E-2
15.848	-9.678E-4	4.079E-2
15.857	-9.594E-4	4.042E-2
15.865	-9.424E-4	4.014E-2
15.873	-7.487E-4	3.996E-2
15.882	-5.730E-4	3.991E-2
15.890	-3.775E-4	3.998E-2
15.899	-1.551E-4	4.019E-2
15.907	5.301E-5	4.049E-2
15.915	2.353E-4	4.087E-2
15.924	3.520E-4	4.127E-2
15.932	4.150E-4	4.162E-2
15.940	4.302E-4	4.189E-2
15.949	3.385E-4	4.208E-2
15.957	1.922E-4	4.211E-2
15.966	8.378E-6	4.204E-2
15.974	-1.951E-4	4.181E-2
15.982	-3.945E-4	4.151E-2
15.991	-5.593E-4	4.113E-2
15.999	-7.205E-4	4.071E-2
16.007	-7.532E-4	4.032E-2
16.016	-7.340E-4	4.001E-2
16.024	-7.051E-4	3.982E-2
16.033	-6.119E-4	3.977E-2
16.041	-4.783E-4	3.984E-2
16.049	-2.756E-4	4.008E-2
16.058	-1.047E-4	4.041E-2
16.066	2.565E-5	4.082E-2
16.074	2.008E-4	4.125E-2
16.083	2.681E-4	4.165E-2
16.091	3.102E-4	4.195E-2
16.100	2.940E-4	4.219E-2
16.108	2.352E-4	4.227E-2
16.116	1.658E-4	4.222E-2
16.125	-1.003E-5	4.200E-2
16.133	-1.695E-4	4.169E-2
16.142	-3.002E-4	4.130E-2
16.150	-4.851E-4	4.088E-2
16.158	-5.760E-4	4.045E-2
16.167	-6.881E-4	4.012E-2
16.175	-6.929E-4	3.991E-2
16.183	-6.938E-4	3.984E-2
16.192	-6.335E-4	3.991E-2
16.200	-5.161E-4	4.011E-2
16.209	-3.984E-4	4.043E-2
16.217	-2.504E-4	4.084E-2
16.225	-6.491E-5	4.128E-2
16.234	9.833E-6	4.170E-2
16.242	1.353E-4	4.202E-2
16.250	1.858E-4	4.224E-2
16.259	2.295E-4	4.233E-2
16.267	2.227E-4	4.228E-2
16.276	1.968E-4	4.204E-2
16.284	7.459E-5	4.173E-2
16.292	-3.018E-5	4.135E-2
16.301	-1.949E-4	4.091E-2
16.309	-3.063E-4	4.048E-2
16.317	-4.829E-4	4.014E-2
16.326	-5.921E-4	3.991E-2
16.334	-6.808E-4	3.980E-2
16.343	-6.979E-4	3.985E-2
16.351	-6.853E-4	4.004E-2
16.359	-6.029E-4	4.032E-2
16.368	-4.929E-4	4.074E-2
16.376	-3.454E-4	4.117E-2
16.384	-2.121E-4	4.156E-2
16.393	-3.345E-5	4.190E-2
16.401	1.028E-4	4.217E-2
16.410	2.126E-4	4.228E-2
16.418	2.717E-4	4.224E-2
16.426	2.715E-4	4.205E-2
16.435	2.644E-4	4.176E-2
16.443	1.844E-4	4.137E-2
16.451	4.094E-5	4.096E-2
16.460	-1.043E-4	4.055E-2
16.468	-2.962E-4	4.020E-2
16.477	-5.013E-4	3.996E-2
16.485	-6.566E-4	3.987E-2
16.493	-7.435E-4	3.991E-2
16.502	-7.575E-4	4.008E-2
16.510	-8.051E-4	4.038E-2
16.518	-7.534E-4	4.073E-2
16.527	-6.163E-4	4.109E-2
16.535	-4.561E-4	4.151E-2
16.544	-2.505E-4	4.183E-2
16.552	-2.451E-5	4.204E-2
16.560	1.800E-4	4.217E-2
16.569	3.437E-4	4.217E-2
16.577	4.353E-4	4.202E-2
16.585	4.515E-4	4.175E-2
16.594	4.531E-4	4.139E-2
16.602	3.092E-4	4.103E-2
16.611	1.501E-4	4.065E-2
16.619	-7.412E-5	4.034E-2
16.627	-3.502E-4	4.012E-2
16.636	-5.917E-4	3.999E-2
16.644	-8.051E-4	3.998E-2
16.652	-9.444E-4	4.013E-2
16.661	-9.842E-4	4.038E-2
16.669	-9.513E-4	4.070E-2
16.678	-8.280E-4	4.105E-2
16.686	-6.725E-4	4.140E-2
16.694	-4.501E-4	4.171E-2
16.703	-1.914E-4	4.195E-2
16.711	5.655E-5	4.205E-2
16.719	2.838E-4	4.204E-2
16.728	4.659E-4	4.193E-2
16.736	5.798E-4	4.172E-2
16.745	5.580E-4	4.141E-2
16.753	4.704E-4	4.106E-2
16.761	2.836E-4	4.073E-2
16.770	4.566E-5	4.042E-2
16.778	-2.418E-4	4.018E-2
16.786	-5.095E-4	4.009E-2
16.795	-7.410E-4	4.011E-2
16.803	-9.425E-4	4.021E-2
16.812	-1.040E-3	4.041E-2
16.820	-1.088E-3	4.068E-2
16.828	-1.024E-3	4.099E-2
16.837	-9.003E-4	4.132E-2
16.845	-6.635E-4	4.158E-2
16.854	-3.790E-4	4.178E-2
16.862	-4.943E-5	4.187E-2
16.870	2.501E-4	4.186E-2
16.879	5.051E-4	4.178E-2
16.887	6.789E-4	4.158E-2
16.895	7.403E-4	4.133E-2
16.904	6.859E-4	4.105E-2
16.912	5.297E-4	4.079E-2
16.921	2.633E-4	4.056E-2
16.929	-3.230E-5	4.038E-2
16.937	-3.793E-4	4.025E-2
16.946	-7.133E-4	4.023E-2
16.954	-9.535E-4	4.032E-2
16.962	-1.142E-3	4.047E-2
16.971	-1.194E-3	4.068E-2
16.979	-1.173E-3	4.091E-2
16.988	-9.679E-4	4.116E-2
16.996	-7.245E-4	4.136E-2
17.004	-4.375E-4	4.155E-2
17.013	-4.578E-5	4.163E-2
17.021	2.741E-4	4.162E-2
17.029	5.657E-4	4.156E-2
17.038	7.837E-4	4.143E-2
17.046	9.171E-4	4.123E-2
17.055	9.233E-4	4.103E-2
17.063	7.323E-4	4.083E-2
17.071	4.814E-4	4.064E-2
17.080	1.773E-4	4.048E-2
17.088	-2.153E-4	4.039E-2
17.096	-5.789E-4	4.039E-2
17.105	-9.140E-4	4.040E-2
17.113	-1.157E-3	4.056E-2
17.122	-1.269E-3	4.072E-2
17.130	-1.311E-3	4.088E-2
17.138	-1.188E-3	4.107E-2
17.147	-9.373E-4	4.127E-2
17.155	-6.160E-4	4.137E-2
17.163	-2.418E-4	4.145E-2
17.172	1.759E-4	4.151E-2
17.180	5.190E-4	4.148E-2
17.189	8.017E-4	4.138E-2
17.197	9.391E-4	4.127E-2
17.205	9.465E-4	4.111E-2
17.214	9.007E-4	4.096E-2
17.222	6.557E-4	4.082E-2
17.230	2.862E-4	4.071E-2
17.239	-8.819E-5	4.064E-2
17.247	-5.129E-4	4.063E-2
17.256	-8.792E-4	4.063E-2
17.264	-1.165E-3	4.069E-2
17.272	-1.347E-3	4.080E-2
17.281	-1.387E-3	4.090E-2
17.289	-1.285E-3	4.103E-2
17.297	-1.090E-3	4.112E-2
17.306	-7.512E-4	4.120E-2
17.314	-3.523E-4	4.129E-2
17.323	2.610E-5	4.131E-2
17.331	4.355E-4	4.131E-2
17.339	7.419E-4	4.127E-2
17.348	9.502E-4	4.121E-2
17.356	9.929E-4	4.114E-2
17.364	9.624E-4	4.108E-2
17.373	7.105E-4	4.102E-2
17.381	4.128E-4	4.096E-2
17.390	1.380E-5	4.089E-2
17.398	-4.110E-4	4.087E-2
17.406	-8.016E-4	4.087E-2
17.415	-1.151E-3	4.087E-2
17.423	-1.356E-3	4.090E-2
17.431	-1.418E-3	4.092E-2
17.440	-1.370E-3	4.095E-2
17.448	-1.177E-3	4.096E-2
17.457	-8.720E-4	4.094E-2
17.465	-4.789E-4	4.095E-2
17.473	-3.917E-5	4.095E-2
17.482	3.591E-4	4.094E-2
17.490	6.885E-4	4.092E-2
17.498	9.388E-4	4.091E-2
17.507	1.056E-3	4.090E-2
17.515	1.013E-3	4.090E-2
17.524	8.082E-4	4.090E-2
17.532	4.727E-4	4.090E-2
17.540	9.293E-5	4.089E-2
17.549	-3.334E-4	4.088E-2
17.557	-7.436E-4	4.087E-2
17.566	-1.063E-3	4.087E-2
17.574	-1.328E-3	4.083E-2
17.582	-1.441E-3	4.081E-2
17.591	-1.413E-3	4.079E-2
17.599	-1.225E-3	4.076E-2
17.607	-9.664E-4	4.076E-2
17.616	-6.238E-4	4.080E-2
17.624	-2.236E-4	4.081E-2
17.633	1.965E-4	4.084E-2
17.641	5.520E-4	4.089E-2
17.649	8.704E-4	4.094E-2
17.658	9.420E-4	4.102E-2
17.666	9.448E-4	4.110E-2
17.674	8.353E-4	4.117E-2
17.683	5.292E-4	4.124E-2
17.691	1.639E-4	4.130E-2
17.700	-2.599E-4	4.131E-2
17.708	-6.477E-4	4.129E-2
17.716	-9.733E-4	4.124E-2
17.725	-1.222E-3	4.112E-2
17.733	-1.386E-3	4.103E-2
17.741	-1.396E-3	4.090E-2
17.750	-1.289E-3	4.081E-2
17.758	-1.062E-3	4.071E-2
17.767	-7.515E-4	4.067E-2
17.775	-3.636E-4	4.065E-2
17.783	2.415E-5	4.064E-2
17.792	3.748E-4	4.071E-2
17.800	6.595E-4	4.083E-2
17.808	8.754E-4	4.098E-2
17.817	9.116E-4	4.114E-2
17.825	8.806E-4	4.130E-2
17.834	6.576E-4	4.140E-2
17.842	3.148E-4	4.148E-2
17.850	-3.061E-5	4.151E-2
17.859	-4.282E-4	4.150E-2
17.867	-7.424E-4	4.138E-2
17.875	-9.805E-4	4.125E-2
17.884	-1.163E-3	4.107E-2
17.892	-1.198E-3	4.088E-2
17.901	-1.146E-3	4.069E-2
17.909	-9.299E-4	4.055E-2
17.917	-6.796E-4	4.044E-2
17.926	-3.318E-4	4.043E-2
17.934	2.884E-6	4.044E-2
17.942	3.184E-4	4.057E-2
17.951	6.091E-4	4.075E-2
17.959	7.624E-4	4.096E-2
17.968	8.799E-4	4.116E-2
17.976	8.233E-4	4.135E-2
17.984	6.448E-4	4.154E-2
17.993	3.981E-4	4.163E-2
18.001	2.774E-5	4.167E-2
18.009	-2.848E-4	4.163E-2
18.018	-6.171E-4	4.153E-2
18.026	-8.970E-4	4.134E-2
18.035	-1.058E-3	4.109E-2
18.043	-1.176E-3	4.085E-2
18.051	-1.141E-3	4.062E-2
18.060	-9.678E-4	4.041E-2
18.068	-7.384E-4	4.029E-2
18.076	-4.653E-4	4.030E-2
18.085	-1.745E-4	4.033E-2
18.093	1.538E-4	4.045E-2
18.102	4.142E-4	4.065E-2
18.110	6.438E-4	4.089E-2
18.118	7.111E-4	4.117E-2
18.127	7.112E-4	4.141E-2
18.135	6.221E-4	4.163E-2
18.143	4.145E-4	4.177E-2
18.152	1.815E-4	4.182E-2
18.160	-1.194E-4	4.180E-2
18.169	-4.367E-4	4.163E-2
18.177	-6.862E-4	4.138E-2
18.185	-8.805E-4	4.111E-2
18.194	-9.501E-4	4.081E-2
18.202	-9.439E-4	4.053E-2
18.210	-9.137E-4	4.032E-2
18.219	-7.202E-4	4.016E-2
18.227	-4.964E-4	4.010E-2
18.236	-2.402E-4	4.012E-2
18.244	1.629E-5	4.031E-2
18.252	2.486E-4	4.057E-2
18.261	4.646E-4	4.086E-2
18.269	5.649E-4	4.117E-2
18.278	6.073E-4	4.149E-2
18.286	5.072E-4	4.177E-2
18.294	4.131E-4	4.196E-2
18.303	2.256E-4	4.203E-2
18.311	3.411E-6	4.200E-2
18.319	-2.294E-4	4.183E-2
18.328	-4.559E-4	4.159E-2
18.336	-6.475E-4	4.128E-2
18.345	-7.326E-4	4.093E-2
18.353	-8.214E-4	4.059E-2
18.361	-8.232E-4	4.032E-2
18.370	-7.220E-4	4.014E-2
18.378	-6.030E-4	4.002E-2
18.386	-4.325E-4	4.000E-2
18.395	-2.193E-4	4.017E-2
18.403	-4.872E-6	4.042E-2
18.412	2.006E-4	4.076E-2
18.420	3.066E-4	4.111E-2
18.428	4.218E-4	4.147E-2
18.437	4.395E-4	4.178E-2
18.445	4.381E-4	4.201E-2
18.453	2.581E-4	4.208E-2
18.462	1.095E-4	4.204E-2
18.470	-4.111E-5	4.191E-2
18.479	-2.320E-4	4.168E-2
18.487	-4.270E-4	4.135E-2
18.495	-5.162E-4	4.098E-2
18.504	-6.528E-4	4.062E-2
18.512	-6.798E-4	4.033E-2
18.520	-6.746E-4	4.012E-2
18.529	-6.193E-4	3.998E-2
18.537	-4.803E-4	3.998E-2
18.546	-3.433E-4	4.013E-2
18.554	-2.133E-4	4.040E-2
18.562	-2.473E-5	4.076E-2
18.571	8.476E-5	4.112E-2
18.579	2.070E-4	4.150E-2
18.587	2.522E-4	4.182E-2
18.596	2.537E-4	4.205E-2
18.604	2.513E-4	4.218E-2
18.613	1.951E-4	4.218E-2
18.621	5.408E-5	4.203E-2
18.629	-3.278E-5	4.178E-2
18.638	-2.129E-4	4.142E-2
18.646	-3.295E-4	4.104E-2
18.654	-4.661E-4	4.064E-2
18.663	-5.090E-4	4.033E-2
18.671	-5.895E-4	4.010E-2
18.680	-6.209E-4	3.996E-2
18.688	-5.795E-4	3.995E-2
18.696	-5.084E-4	4.010E-2
18.705	-4.060E-4	4.038E-2
18.713	-2.739E-4	4.071E-2
18.721	-1.519E-4	4.107E-2
18.730	-2.147E-5	4.147E-2
18.738	7.467E-5	4.181E-2
18.747	1.788E-4	4.204E-2
18.755	2.094E-4	4.219E-2
18.763	2.327E-4	4.220E-2
18.772	2.167E-4	4.206E-2
18.780	1.526E-4	4.181E-2
18.788	6.998E-6	4.148E-2
18.797	-1.020E-4	4.109E-2
18.805	-2.473E-4	4.071E-2
18.814	-3.758E-4	4.036E-2
18.822	-4.881E-4	4.012E-2
18.830	-5.544E-4	3.997E-2
18.839	-6.520E-4	3.995E-2
18.847	-6.593E-4	4.008E-2
18.855	-6.336E-4	4.034E-2
18.864	-5.073E-4	4.067E-2
18.872	-4.062E-4	4.105E-2
18.881	-2.597E-4	4.140E-2
18.889	-7.968E-5	4.175E-2
18.897	3.283E-6	4.200E-2
18.906	1.446E-4	4.213E-2
18.914	2.004E-4	4.210E-2
18.922	2.463E-4	4.200E-2
18.931	2.372E-4	4.177E-2
18.939	1.976E-4	4.147E-2
18.948	8.438E-5	4.109E-2
18.956	-3.831E-5	4.073E-2
18.964	-2.176E-4	4.038E-2
18.973	-3.897E-4	4.014E-2
18.981	-5.044E-4	3.998E-2
18.990	-6.546E-4	3.995E-2
18.998	-7.090E-4	4.007E-2
19.006	-7.095E-4	4.031E-2
19.015	-7.003E-4	4.062E-2
19.023	-5.924E-4	4.098E-2
19.031	-4.640E-4	4.135E-2
19.040	-2.687E-4	4.166E-2
19.048	-4.434E-5	4.187E-2
19.057	1.089E-4	4.202E-2
19.065	2.416E-4	4.202E-2
19.073	3.824E-4	4.196E-2
19.082	4.229E-4	4.176E-2
19.090	4.323E-4	4.148E-2
19.098	3.218E-4	4.114E-2
19.107	2.047E-4	4.081E-2
19.115	1.040E-5	4.048E-2
19.124	-2.160E-4	4.021E-2
19.132	-4.236E-4	4.006E-2
19.140	-6.211E-4	4.008E-2
19.149	-7.279E-4	4.015E-2
19.157	-8.506E-4	4.036E-2
19.165	-8.662E-4	4.064E-2
19.174	-7.948E-4	4.095E-2
19.182	-6.979E-4	4.128E-2
19.191	-4.876E-4	4.156E-2
19.199	-2.515E-4	4.179E-2
19.207	-6.986E-6	4.194E-2
19.216	2.292E-4	4.196E-2
19.224	4.342E-4	4.193E-2
19.232	5.330E-4	4.177E-2
19.241	5.746E-4	4.153E-2
19.249	5.033E-4	4.123E-2
19.258	3.990E-4	4.092E-2
19.266	1.403E-4	4.063E-2
19.274	-1.051E-4	4.040E-2
19.283	-4.065E-4	4.025E-2
19.291	-6.502E-4	4.018E-2
19.299	-8.637E-4	4.023E-2
19.308	-1.011E-3	4.040E-2
19.316	-1.082E-3	4.063E-2
19.325	-1.088E-3	4.090E-2
19.333	-9.529E-4	4.116E-2
19.341	-7.442E-4	4.140E-2
19.350	-4.713E-4	4.160E-2
19.358	-1.841E-4	4.174E-2
19.366	9.028E-5	4.178E-2
19.375	3.213E-4	4.176E-2
19.383	5.163E-4	4.159E-2
19.392	5.725E-4	4.137E-2
19.400	5.629E-4	4.112E-2
19.408	4.640E-4	4.087E-2
19.417	2.728E-4	4.063E-2
19.425	-7.633E-6	4.043E-2
19.433	-2.990E-4	4.033E-2
19.442	-6.269E-4	4.030E-2
19.450	-8.842E-4	4.037E-2
19.459	-1.090E-3	4.046E-2
19.467	-1.194E-3	4.064E-2
19.475	-1.182E-3	4.087E-2
19.484	-1.072E-3	4.109E-2
19.492	-9.016E-4	4.131E-2
19.500	-6.363E-4	4.150E-2
19.509	-3.423E-4	4.159E-2
19.517	-7.044E-6	4.163E-2
19.526	2.910E-4	4.161E-2
19.534	5.306E-4	4.150E-2
19.542	6.889E-4	4.133E-2
19.551	7.421E-4	4.113E-2
19.559	6.315E-4	4.093E-2
19.567	4.300E-4	4.074E-2
19.576	1.443E-4	4.058E-2
19.584	-1.898E-4	4.047E-2
19.593	-5.205E-4	4.042E-2
19.601	-8.368E-4	4.044E-2
19.609	-1.082E-3	4.053E-2
19.618	-1.277E-3	4.067E-2
19.626	-1.332E-3	4.083E-2
19.634	-1.315E-3	4.102E-2
19.643	-1.091E-3	4.117E-2
19.651	-8.359E-4	4.130E-2
19.660	-4.880E-4	4.137E-2
19.668	-1.439E-4	4.140E-2
19.676	2.166E-4	4.138E-2
19.685	5.138E-4	4.132E-2
19.693	7.225E-4	4.123E-2
19.702	7.862E-4	4.110E-2
19.710	7.377E-4	4.097E-2
19.718	5.306E-4	4.087E-2
19.727	2.550E-4	4.078E-2
19.735	-8.918E-5	4.073E-2
19.743	-4.598E-4	4.066E-2
19.752	-8.113E-4	4.066E-2
19.760	-1.095E-3	4.070E-2
19.769	-1.326E-3	4.077E-2
19.777	-1.389E-3	4.088E-2
19.785	-1.371E-3	4.098E-2
19.794	-1.174E-3	4.109E-2
19.802	-9.014E-4	4.115E-2
19.810	-5.874E-4	4.121E-2
19.819	-2.076E-4	4.128E-2
19.827	1.495E-4	4.129E-2
19.836	4.736E-4	4.129E-2
19.844	7.264E-4	4.121E-2
19.852	8.236E-4	4.115E-2
19.861	7.864E-4	4.109E-2
19.869	6.169E-4	4.105E-2
19.877	3.169E-4	4.100E-2
19.886	-4.913E-6	4.101E-2
19.894	-3.957E-4	4.101E-2
19.903	-7.419E-4	4.096E-2
19.911	-1.057E-3	4.094E-2
19.919	-1.308E-3	4.093E-2
19.928	-1.398E-3	4.095E-2
19.936	-1.385E-3	4.093E-2
19.944	-1.284E-3	4.093E-2
19.953	-1.054E-3	4.097E-2
19.961	-7.062E-4	4.104E-2
19.970	-3.531E-4	4.106E-2
19.978	3.484E-5	4.107E-2
19.986	3.783E-4	4.108E-2
19.995	6.333E-4	4.108E-2
20.003	7.515E-4	4.109E-2
20.011	7.584E-4	4.109E-2
20.020	6.786E-4	4.109E-2
20.028	4.357E-4	4.110E-2
20.037	9.857E-5	4.110E-2
20.045	-2.526E-4	4.110E-2
20.053	-6.306E-4	4.109E-2
20.062	-9.583E-4	4.108E-2
20.070	-1.190E-3	4.106E-2
20.078	-1.345E-3	4.104E-2
20.087	-1.359E-3	4.100E-2
20.095	-1.287E-3	4.101E-2
20.104	-1.066E-3	4.092E-2
20.112	-7.775E-4	4.089E-2
20.120	-4.330E-4	4.088E-2
20.129	-5.672E-5	4.088E-2
20.137	3.019E-4	4.091E-2
20.145	5.721E-4	4.090E-2
20.154	7.645E-4	4.104E-2
20.162	7.921E-4	4.110E-2
20.171	7.266E-4	4.116E-2
20.179	5.088E-4	4.124E-2
20.187	2.163E-4	4.130E-2
20.196	-1.432E-4	4.131E-2
20.204	-4.937E-4	4.131E-2
20.212	-8.314E-4	4.127E-2
20.221	-1.089E-3	4.116E-2
20.229	-1.304E-3	4.108E-2
20.238	-1.353E-3	4.095E-2
20.246	-1.311E-3	4.084E-2
20.254	-1.119E-3	4.076E-2
20.263	-8.676E-4	4.070E-2
20.271	-5.212E-4	4.066E-2
20.279	-1.590E-4	4.066E-2
20.288	1.795E-4	4.071E-2
20.296	4.875E-4	4.081E-2
20.305	6.923E-4	4.093E-2
20.313	7.958E-4	4.107E-2
20.321	7.401E-4	4.122E-2
20.330	5.614E-4	4.135E-2
20.338	2.930E-4	4.142E-2
20.346	-2.779E-5	4.146E-2
20.355	-3.689E-4	4.149E-2
20.363	-6.964E-4	4.138E-2
20.372	-9.500E-4	4.128E-2
20.380	-1.119E-3	4.111E-2
20.388	-1.212E-3	4.094E-2
20.397	-1.181E-3	4.078E-2
20.405	-9.897E-4	4.063E-2
20.414	-8.216E-4	4.051E-2
20.422	-5.438E-4	4.047E-2
20.430	-2.486E-4	4.046E-2
20.439	8.058E-5	4.055E-2
20.447	3.448E-4	4.070E-2
20.455	5.462E-4	4.087E-2
20.464	6.406E-4	4.107E-2
20.472	6.638E-4	4.130E-2
20.481	5.784E-4	4.147E-2
20.489	3.338E-4	4.159E-2
20.497	5.254E-5	4.163E-2
20.506	-2.427E-4	4.161E-2
20.514	-5.191E-4	4.153E-2
20.522	-7.531E-4	4.136E-2
20.531	-9.461E-4	4.116E-2
20.539	-1.008E-3	4.092E-2
20.548	-1.067E-3	4.068E-2
20.556	-9.865E-4	4.047E-2
20.564	-8.041E-4	4.034E-2
20.573	-6.039E-4	4.029E-2
20.581	-3.365E-4	4.032E-2
20.589	-5.530E-5	4.041E-2
20.598	2.096E-4	4.059E-2
20.606	4.389E-4	4.083E-2
20.615	5.779E-4	4.107E-2
20.623	5.989E-4	4.133E-2
20.631	5.107E-4	4.155E-2
20.640	3.477E-4	4.173E-2
20.648	1.088E-4	4.181E-2
20.656	-1.442E-4	4.180E-2
20.665	-4.154E-4	4.171E-2
20.673	-6.522E-4	4.155E-2
20.682	-8.428E-4	4.131E-2
20.690	-9.726E-4	4.104E-2
20.698	-9.927E-4	4.080E-2
20.707	-9.846E-4	4.056E-2
20.715	-8.456E-4	4.038E-2
20.723	-6.807E-4	4.025E-2
20.732	-4.479E-4	4.023E-2
20.740	-2.088E-4	4.034E-2
20.749	2.178E-5	4.052E-2
20.757	2.194E-4	4.082E-2
20.765	3.784E-4	4.110E-2
20.774	4.135E-4	4.137E-2
20.782	4.254E-4	4.163E-2
20.790	3.534E-4	4.180E-2
20.799	1.899E-4	4.191E-2
20.807	3.280E-6	4.195E-2
20.816	-2.149E-4	4.185E-2
20.824	-4.139E-4	4.165E-2
20.832	-5.963E-4	4.134E-2
20.841	-7.267E-4	4.105E-2
20.849	-7.509E-4	4.076E-2
20.857	-7.403E-4	4.047E-2
20.866	-6.999E-4	4.023E-2
20.874	-6.111E-4	4.011E-2
20.883	-4.593E-4	4.012E-2
20.891	-2.538E-4	4.020E-2
20.899	-3.620E-5	4.039E-2
20.908	1.077E-4	4.067E-2
20.916	2.327E-4	4.101E-2
20.924	3.084E-4	4.133E-2
20.933	3.395E-4	4.161E-2
20.941	2.822E-4	4.183E-2
20.950	2.174E-4	4.197E-2
20.958	9.374E-5	4.200E-2
20.966	-4.160E-5	4.189E-2
20.975	-2.240E-4	4.168E-2
20.983	-3.873E-4	4.140E-2
20.991	-4.936E-4	4.106E-2
21.000	-6.186E-4	4.074E-2
21.008	-6.777E-4	4.044E-2
21.017	-6.787E-4	4.019E-2
21.025	-6.714E-4	4.002E-2
21.033	-5.038E-4	3.999E-2
21.042	-4.127E-4	4.008E-2
21.050	-2.517E-4	4.031E-2
21.059	-1.056E-4	4.061E-2
21.067	-2.589E-6	4.095E-2
21.075	1.108E-4	4.129E-2
21.084	1.702E-4	4.160E-2
21.092	1.855E-4	4.183E-2
21.100	1.981E-4	4.199E-2
21.109	1.739E-4	4.202E-2
21.117	2.421E-5	4.195E-2
21.126	-7.285E-5	4.177E-2
21.134	-2.175E-4	4.148E-2
21.142	-3.363E-4	4.113E-2
21.151	-4.642E-4	4.080E-2
21.159	-5.288E-4	4.047E-2
21.167	-6.238E-4	4.019E-2
21.176	-6.509E-4	4.001E-2
21.184	-6.490E-4	3.999E-2
21.193	-5.928E-4	4.003E-2
21.201	-5.089E-4	4.021E-2
21.209	-3.968E-4	4.049E-2
21.218	-2.713E-4	4.083E-2
21.226	-1.421E-4	4.119E-2
21.234	-4.630E-5	4.152E-2
21.243	5.139E-5	4.178E-2
21.251	1.024E-4	4.195E-2
21.260	1.035E-4	4.200E-2
21.268	7.419E-5	4.195E-2
21.276	2.539E-5	4.178E-2
21.285	-8.237E-6	4.150E-2
21.293	-1.501E-4	4.115E-2
21.301	-2.729E-4	4.081E-2
21.310	-3.817E-4	4.048E-2
21.318	-4.850E-4	4.019E-2
21.327	-5.492E-4	4.001E-2
21.335	-6.278E-4	3.998E-2
21.343	-6.414E-4	4.000E-2
21.352	-6.363E-4	4.018E-2
21.360	-5.920E-4	4.046E-2
21.368	-4.955E-4	4.078E-2
21.377	-3.799E-4	4.114E-2
21.385	-2.400E-4	4.148E-2
21.394	-1.117E-4	4.175E-2
21.402	2.237E-6	4.195E-2
21.410	9.023E-5	4.201E-2
21.419	1.142E-4	4.196E-2
21.427	1.149E-4	4.179E-2
21.435	6.658E-5	4.152E-2
21.444	2.599E-5	4.121E-2
21.452	-1.166E-4	4.087E-2
21.461	-2.408E-4	4.058E-2
21.469	-4.047E-4	4.033E-2
21.477	-5.520E-4	4.016E-2
21.486	-6.726E-4	4.013E-2
21.494	-7.530E-4	4.014E-2
21.502	-7.382E-4	4.033E-2
21.511	-7.280E-4	4.059E-2
21.519	-6.645E-4	4.088E-2
21.528	-5.422E-4	4.123E-2
21.536	-4.171E-4	4.155E-2
21.544	-2.426E-4	4.180E-2
21.553	-5.650E-5	4.198E-2
21.561	1.094E-4	4.203E-2
21.569	2.196E-4	4.200E-2
21.578	2.986E-4	4.182E-2
21.586	3.030E-4	4.157E-2
21.595	2.829E-4	4.129E-2
21.603	1.103E-4	4.095E-2
21.611	-2.258E-5	4.064E-2
21.620	-1.979E-4	4.040E-2
21.628	-3.951E-4	4.021E-2
21.636	-5.858E-4	4.015E-2
21.645	-7.421E-4	4.016E-2
21.653	-8.166E-4	4.035E-2
21.662	-8.725E-4	4.059E-2
21.670	-8.455E-4	4.086E-2
21.678	-7.656E-4	4.114E-2
21.687	-6.315E-4	4.141E-2
21.695	-4.356E-4	4.163E-2
21.703	-2.040E-4	4.179E-2
21.712	1.325E-5	4.184E-2
21.720	2.054E-4	4.180E-2
21.729	3.197E-4	4.169E-2
21.737	4.167E-4	4.149E-2
21.745	4.294E-4	4.126E-2
21.754	3.432E-4	4.097E-2
21.762	1.729E-4	4.072E-2
21.771	-5.202E-5	4.046E-2
21.779	-2.717E-4	4.033E-2
21.787	-4.891E-4	4.027E-2
21.796	-7.013E-4	4.023E-2
21.804	-8.741E-4	4.037E-2
21.812	-9.392E-4	4.057E-2
21.821	-9.364E-4	4.082E-2
21.829	-8.693E-4	4.108E-2
21.838	-7.070E-4	4.132E-2
21.846	-4.752E-4	4.154E-2
21.854	-2.296E-4	4.167E-2
21.863	3.030E-5	4.178E-2
21.871	2.643E-4	4.177E-2
21.879	4.552E-4	4.164E-2
21.888	6.222E-4	4.146E-2
21.896	6.360E-4	4.129E-2
21.905	5.142E-4	4.105E-2
21.913	3.353E-4	4.083E-2
21.921	1.053E-4	4.064E-2
21.930	-1.679E-4	4.048E-2
21.938	-4.584E-4	4.041E-2
21.946	-7.149E-4	4.041E-2
21.955	-9.206E-4	4.048E-2
21.963	-1.010E-3	4.063E-2
21.972	-1.092E-3	4.083E-2
21.980	-1.052E-3	4.104E-2
21.988	-9.237E-4	4.126E-2
21.997	-6.976E-4	4.143E-2
22.005	-4.175E-4	4.154E-2
22.013	-1.215E-4	4.158E-2
22.022	1.742E-4	4.158E-2
22.030	3.681E-4	4.151E-2
22.039	5.214E-4	4.137E-2
22.047	5.722E-4	4.121E-2
22.055	5.268E-4	4.106E-2
22.064	4.139E-4	4.087E-2
22.072	1.991E-4	4.073E-2
22.080	-8.340E-5	4.061E-2
22.089	-4.108E-4	4.056E-2
22.097	-7.043E-4	4.058E-2
22.106	-9.467E-4	4.062E-2
22.114	-1.102E-3	4.073E-2
22.122	-1.194E-3	4.085E-2
22.131	-1.152E-3	4.103E-2
22.139	-1.008E-3	4.114E-2
22.147	-8.255E-4	4.129E-2
22.156	-5.462E-4	4.136E-2
22.164	-2.351E-4	4.136E-2
22.173	7.057E-5	4.138E-2
22.181	3.433E-4	4.134E-2
22.189	5.416E-4	4.129E-2
22.198	6.833E-4	4.115E-2
22.206	6.835E-4	4.105E-2
22.214	5.545E-4	4.092E-2
22.223	3.114E-4	4.082E-2
22.231	1.968E-5	4.075E-2
22.240	-3.180E-4	4.072E-2
22.248	-6.507E-4	4.070E-2
22.256	-9.324E-4	4.071E-2
22.265	-1.124E-3	4.071E-2
22.273	-1.285E-3	4.083E-2
22.281	-1.301E-3	4.092E-2
22.290	-1.163E-3	4.101E-2
22.298	-9.576E-4	4.109E-2
22.307	-6.675E-4	4.114E-2
22.315	-3.283E-4	4.114E-2
22.323	1.007E-5	4.115E-2
22.332	3.092E-4	4.114E-2
22.340	5.437E-4	4.110E-2
22.348	7.126E-4	4.106E-2
22.357	7.456E-4	4.102E-2
22.365	6.193E-4	4.100E-2
22.374	4.112E-4	4.094E-2
22.382	1.175E-4	4.089E-2
22.390	-2.109E-4	4.087E-2
22.399	-5.632E-4	4.087E-2
22.407	-8.765E-4	4.087E-2
22.415	-1.110E-3	4.087E-2
22.424	-1.292E-3	4.087E-2
22.432	-1.326E-3	4.091E-2
22.441	-1.273E-3	4.092E-2
22.449	-1.090E-3	4.092E-2
22.457	-8.330E-4	4.092E-2
22.466	-4.740E-4	4.091E-2
22.474	-1.378E-4	4.090E-2
22.483	2.057E-4	4.091E-2
22.491	4.955E-4	4.091E-2
22.499	6.820E-4	4.090E-2
22.508	7.557E-4	4.090E-2
22.516	6.785E-4	4.090E-2
22.524	5.053E-4	4.089E-2
22.533	2.237E-4	4.090E-2
22.541	-1.036E-4	4.090E-2
22.550	-4.525E-4	4.089E-2
22.558	-7.592E-4	4.088E-2
22.566	-1.059E-3	4.086E-2
22.575	-1.235E-3	4.086E-2
22.583	-1.317E-3	4.082E-2
22.591	-1.309E-3	4.080E-2
22.600	-1.122E-3	4.079E-2
22.608	-8.823E-4	4.078E-2
22.617	-5.852E-4	4.080E-2
22.625	-2.213E-4	4.082E-2
22.633	7.900E-5	4.085E-2
22.642	3.752E-4	4.089E-2
22.650	5.312E-4	4.093E-2
22.658	6.818E-4	4.100E-2
22.667	6.558E-4	4.109E-2
22.675	5.152E-4	4.114E-2
22.684	2.664E-4	4.120E-2
22.692	-3.058E-5	4.122E-2
22.700	-3.699E-4	4.125E-2
22.709	-6.770E-4	4.123E-2
22.717	-9.457E-4	4.116E-2
22.725	-1.113E-3	4.107E-2
22.734	-1.222E-3	4.098E-2
22.742	-1.240E-3	4.089E-2
22.751	-1.108E-3	4.080E-2
22.759	-8.964E-4	4.074E-2
22.767	-6.263E-4	4.071E-2
22.776	-3.104E-4	4.069E-2
22.784	9.843E-6	4.069E-2
22.792	2.841E-4	4.080E-2
22.801	5.060E-4	4.090E-2
22.809	6.002E-4	4.104E-2
22.818	5.706E-4	4.116E-2
22.826	4.910E-4	4.129E-2
22.834	2.730E-4	4.137E-2
22.843	1.552E-5	4.141E-2
22.851	-2.813E-4	4.139E-2
22.859	-5.796E-4	4.135E-2
22.868	-8.625E-4	4.127E-2
22.876	-1.073E-3	4.112E-2
22.885	-1.147E-3	4.098E-2
22.893	-1.145E-3	4.084E-2
22.901	-1.091E-3	4.069E-2
22.910	-9.057E-4	4.059E-2
22.918	-6.701E-4	4.051E-2
22.926	-3.974E-4	4.054E-2
22.935	-1.142E-4	4.057E-2
22.943	1.700E-4	4.071E-2
22.952	3.345E-4	4.085E-2
22.960	4.941E-4	4.104E-2
22.968	5.092E-4	4.123E-2
22.977	4.707E-4	4.140E-2
22.985	2.855E-4	4.153E-2
22.993	5.862E-5	4.160E-2
23.002	-1.901E-4	4.160E-2
23.010	-4.561E-4	4.155E-2
23.019	-7.046E-4	4.142E-2
23.027	-8.915E-4	4.125E-2
23.035	-1.042E-3	4.106E-2
23.044	-1.070E-3	4.085E-2
23.052	-1.074E-3	4.065E-2
23.060	-9.095E-4	4.048E-2
23.069	-7.189E-4	4.039E-2
23.077	-4.640E-4	4.038E-2
23.086	-1.871E-4	4.041E-2
23.094	5.152E-5	4.056E-2
23.102	2.588E-4	4.076E-2
23.111	4.044E-4	4.102E-2
23.119	4.528E-4	4.126E-2
23.127	4.443E-4	4.149E-2
23.136	3.199E-4	4.166E-2
23.144	1.356E-4	4.176E-2
23.153	-1.127E-4	4.178E-2
23.161	-3.650E-4	4.173E-2
23.169	-5.955E-4	4.158E-2
23.178	-7.927E-4	4.137E-2
23.186	-9.110E-4	4.112E-2
23.195	-9.535E-4	4.085E-2
23.203	-9.394E-4	4.062E-2
23.211	-8.573E-4	4.042E-2
23.220	-7.208E-4	4.032E-2
23.228	-5.083E-4	4.028E-2
23.236	-2.779E-4	4.038E-2
23.245	-3.786E-5	4.051E-2
23.253	1.595E-4	4.077E-2
23.262	2.673E-4	4.104E-2
23.270	3.581E-4	4.132E-2
23.278	3.365E-4	4.156E-2
23.287	2.747E-4	4.177E-2
23.295	1.723E-4	4.187E-2
23.303	-1.782E-5	4.186E-2
23.312	-1.870E-4	4.181E-2
23.320	-3.835E-4	4.168E-2
23.329	-5.710E-4	4.147E-2
23.337	-7.153E-4	4.121E-2
23.345	-7.849E-4	4.092E-2
23.354	-8.209E-4	4.064E-2
23.362	-8.298E-4	4.041E-2
23.370	-7.318E-4	4.025E-2
23.379	-6.025E-4	4.018E-2
23.387	-4.278E-4	4.022E-2
23.396	-2.523E-4	4.039E-2
23.404	-9.065E-5	4.062E-2
23.412	3.251E-5	4.089E-2
23.421	1.059E-4	4.118E-2
23.429	1.766E-4	4.145E-2
23.437	1.932E-4	4.171E-2
23.446	1.347E-4	4.187E-2
23.454	2.023E-5	4.186E-2
23.463	-1.017E-4	4.183E-2
23.471	-2.502E-4	4.168E-2
23.479	-3.863E-4	4.147E-2
23.488	-5.127E-4	4.120E-2
23.496	-5.989E-4	4.089E-2
23.504	-6.543E-4	4.060E-2
23.513	-6.740E-4	4.038E-2
23.521	-6.597E-4	4.018E-2
23.530	-5.891E-4	4.014E-2
23.538	-4.965E-4	4.017E-2
23.546	-3.731E-4	4.035E-2
23.555	-2.458E-4	4.059E-2
23.563	-1.178E-4	4.088E-2
23.571	-2.048E-5	4.118E-2
23.580	6.592E-5	4.148E-2
23.588	9.654E-5	4.175E-2
23.597	7.973E-5	4.194E-2
23.605	6.448E-5	4.200E-2
23.613	9.226E-6	4.199E-2
23.622	-1.190E-4	4.181E-2
23.630	-2.197E-4	4.158E-2
23.638	-3.494E-4	4.129E-2
23.647	-4.441E-4	4.094E-2
23.655	-5.135E-4	4.063E-2
23.664	-5.160E-4	4.038E-2
23.672	-5.662E-4	4.018E-2
23.680	-5.930E-4	4.013E-2
23.689	-6.018E-4	4.016E-2
23.697	-5.085E-4	4.033E-2
23.705	-4.094E-4	4.056E-2
23.714	-3.295E-4	4.086E-2
23.722	-2.161E-4	4.117E-2
23.731	-1.224E-4	4.148E-2
23.739	-4.619E-5	4.177E-2
23.747	3.629E-5	4.195E-2
23.756	6.243E-5	4.202E-2
23.764	5.949E-5	4.202E-2
23.772	3.318E-5	4.183E-2
23.781	-3.400E-5	4.159E-2
23.789	-1.101E-4	4.131E-2
23.798	-2.290E-4	4.098E-2
23.806	-3.478E-4	4.068E-2
23.814	-4.462E-4	4.040E-2
23.823	-5.125E-4	4.020E-2
23.831	-5.672E-4	4.014E-2
23.839	-6.124E-4	4.014E-2
23.848	-6.229E-4	4.031E-2
23.856	-5.971E-4	4.056E-2
23.865	-5.226E-4	4.085E-2
23.873	-4.040E-4	4.114E-2
23.881	-2.823E-4	4.143E-2
23.890	-1.457E-4	4.170E-2
23.898	-3.908E-5	4.187E-2
23.907	6.444E-5	4.196E-2
23.915	9.101E-5	4.197E-2
23.923	1.324E-4	4.182E-2
23.932	9.590E-5	4.159E-2
23.940	3.938E-5	4.131E-2
23.948	-5.302E-5	4.102E-2
23.957	-1.580E-4	4.072E-2
23.965	-3.097E-4	4.042E-2
23.974	-4.470E-4	4.022E-2
23.982	-5.838E-4	4.014E-2
23.990	-6.709E-4	4.016E-2
23.999	-7.216E-4	4.027E-2
24.007	-7.131E-4	4.046E-2
24.015	-6.665E-4	4.073E-2
24.024	-5.806E-4	4.101E-2
24.032	-4.634E-4	4.132E-2
24.041	-2.987E-4	4.156E-2
24.049	-1.653E-4	4.175E-2
24.057	-1.740E-5	4.185E-2
24.066	1.010E-4	4.183E-2
24.074	1.950E-4	4.173E-2
24.082	2.448E-4	4.154E-2
24.091	2.257E-4	4.129E-2
24.099	1.648E-4	4.101E-2
24.108	1.184E-5	4.073E-2
24.116	-1.597E-4	4.046E-2
24.124	-3.534E-4	4.027E-2
24.133	-5.066E-4	4.016E-2
24.141	-6.486E-4	4.017E-2
24.149	-7.458E-4	4.027E-2
24.158	-7.752E-4	4.042E-2
24.166	-8.124E-4	4.066E-2
24.175	-7.719E-4	4.093E-2
24.183	-6.524E-4	4.120E-2
24.191	-4.760E-4	4.147E-2
24.200	-2.741E-4	4.164E-2
24.208	-5.052E-5	4.173E-2
24.216	1.473E-4	4.175E-2
24.225	2.659E-4	4.166E-2
24.233	3.258E-4	4.148E-2
24.242	3.474E-4	4.128E-2
24.250	2.826E-4	4.104E-2
24.258	1.578E-4	4.080E-2
24.267	-3.294E-5	4.059E-2
24.275	-2.246E-4	4.042E-2
24.283	-4.444E-4	4.035E-2
24.292	-6.397E-4	4.036E-2
24.300	-8.093E-4	4.042E-2
24.309	-9.187E-4	4.059E-2
24.317	-9.505E-4	4.081E-2
24.325	-8.895E-4	4.105E-2
24.334	-7.731E-4	4.129E-2
24.342	-6.191E-4	4.149E-2
24.350	-3.975E-4	4.163E-2
24.359	-1.639E-4	4.171E-2
24.367	6.005E-5	4.174E-2
24.376	2.506E-4	4.170E-2
24.384	3.868E-4	4.155E-2
24.392	4.459E-4	4.135E-2
24.401	4.281E-4	4.112E-2
24.409	3.051E-4	4.091E-2
24.417	1.133E-4	4.071E-2
24.426	-1.358E-4	4.057E-2
24.434	-3.965E-4	4.047E-2
24.443	-6.421E-4	4.044E-2
24.451	-8.639E-4	4.049E-2
24.459	-1.026E-3	4.061E-2
24.468	-1.101E-3	4.078E-2
24.476	-1.100E-3	4.096E-2
24.484	-9.706E-4	4.113E-2
24.493	-7.840E-4	4.131E-2
24.501	-5.676E-4	4.141E-2
24.510	-2.808E-4	4.147E-2
24.518	7.353E-6	4.152E-2
24.526	2.484E-4	4.148E-2
24.535	4.450E-4	4.137E-2
24.543	5.452E-4	4.125E-2
24.551	5.367E-4	4.108E-2
24.560	4.423E-4	4.091E-2
24.568	2.596E-4	4.079E-2
24.577	1.457E-5	4.067E-2
24.585	-2.641E-4	4.062E-2
24.593	-5.190E-4	4.061E-2
24.602	-7.434E-4	4.064E-2
24.610	-9.372E-4	4.069E-2
24.619	-9.850E-4	4.082E-2
24.627	-9.720E-4	4.095E-2
24.635	-9.195E-4	4.107E-2
24.644	-7.214E-4	4.120E-2
24.652	-4.736E-4	4.129E-2
24.660	-2.062E-4	4.134E-2
24.669	7.087E-5	4.134E-2
24.677	3.430E-4	4.133E-2
24.686	5.440E-4	4.129E-2
24.694	6.703E-4	4.116E-2
24.702	7.005E-4	4.106E-2
24.711	6.636E-4	4.095E-2
24.719	4.723E-4	4.085E-2
24.727	2.285E-4	4.080E-2
24.736	-4.090E-5	4.081E-2
24.744	-3.813E-4	4.080E-2
24.753	-6.747E-4	4.081E-2
24.761	-9.009E-4	4.085E-2
24.769	-9.859E-4	4.089E-2
24.778	-1.064E-3	4.097E-2
24.786	-9.625E-4	4.108E-2
24.794	-8.623E-4	4.112E-2
24.803	-6.330E-4	4.118E-2
24.811	-3.447E-4	4.122E-2
24.820	-2.183E-5	4.125E-2
24.828	2.577E-4	4.127E-2
24.836	4.994E-4	4.125E-2
24.845	6.841E-4	4.126E-2
24.853	7.259E-4	4.115E-2
24.861	6.916E-4	4.109E-2
24.870	5.304E-4	4.106E-2
24.878	2.736E-4	4.103E-2
24.887	-6.457E-6	4.103E-2
24.895	-3.003E-4	4.104E-2
24.903	-6.545E-4	4.105E-2
24.912	-9.033E-4	4.105E-2
24.920	-1.046E-3	4.108E-2
24.928	-1.157E-3	4.110E-2
24.937	-1.109E-3	4.110E-2
24.945	-9.664E-4	4.110E-2
24.954	-7.239E-4	4.111E-2
24.962	-4.456E-4	4.112E-2
24.970	-1.229E-4	4.111E-2
24.979	1.823E-4	4.111E-2
24.987	4.499E-4	4.110E-2
24.995	6.705E-4	4.110E-2
25.004	7.311E-4	4.110E-2
25.012	7.169E-4	4.110E-2
25.021	6.226E-4	4.111E-2
25.029	3.539E-4	4.111E-2
25.037	4.083E-5	4.110E-2
25.046	-2.612E-4	4.110E-2
25.054	-5.470E-4	4.110E-2
25.062	-8.557E-4	4.108E-2
25.071	-1.016E-3	4.106E-2
25.079	-1.149E-3	4.104E-2
25.088	-1.137E-3	4.101E-2
25.096	-1.020E-3	4.102E-2
25.104	-8.420E-4	4.102E-2
25.113	-5.998E-4	4.093E-2
25.121	-2.912E-4	4.091E-2
25.129	-2.118E-6	4.090E-2
25.138	2.783E-4	4.094E-2
25.146	5.036E-4	4.098E-2
25.155	5.962E-4	4.105E-2
25.163	5.715E-4	4.113E-2
25.171	4.954E-4	4.117E-2
25.180	2.872E-4	4.120E-2
25.188	3.266E-5	4.124E-2
25.196	-2.565E-4	4.127E-2
25.205	-5.571E-4	4.128E-2
25.213	-8.518E-4	4.120E-2
25.222	-1.064E-3	4.114E-2
25.230	-1.140E-3	4.106E-2
25.238	-1.146E-3	4.097E-2
25.247	-1.092E-3	4.085E-2
25.255	-9.097E-4	4.081E-2
25.264	-6.735E-4	4.075E-2
25.272	-3.963E-4	4.077E-2
25.280	-1.196E-4	4.081E-2
25.289	1.533E-4	4.086E-2
25.297	3.426E-4	4.093E-2
25.305	4.943E-4	4.106E-2
25.314	5.040E-4	4.115E-2
25.322	4.863E-4	4.129E-2
25.331	2.944E-4	4.136E-2
25.339	6.199E-5	4.140E-2
25.347	-1.948E-4	4.139E-2
25.356	-4.658E-4	4.137E-2
25.364	-7.261E-4	4.130E-2
25.372	-9.106E-4	4.118E-2
25.381	-1.045E-3	4.104E-2
25.389	-1.091E-3	4.090E-2
25.398	-1.069E-3	4.077E-2
25.406	-9.230E-4	4.066E-2
25.414	-7.160E-4	4.059E-2
25.423	-4.554E-4	4.058E-2
25.431	-1.696E-4	4.060E-2
25.439	7.425E-5	4.067E-2
25.448	2.894E-4	4.081E-2
25.456	4.348E-4	4.097E-2
25.465	5.152E-4	4.111E-2
25.473	5.041E-4	4.130E-2
25.481	3.649E-4	4.141E-2
25.490	1.349E-4	4.152E-2
25.498	-1.237E-4	4.155E-2
25.506	-3.921E-4	4.153E-2
25.515	-6.315E-4	4.142E-2
25.523	-8.560E-4	4.129E-2
25.532	-9.510E-4	4.110E-2
25.540	-1.031E-3	4.090E-2
25.548	-1.040E-3	4.071E-2
25.557	-9.166E-4	4.055E-2
25.565	-7.632E-4	4.043E-2
25.573	-5.734E-4	4.039E-2
25.582	-3.649E-4	4.042E-2
25.590	-1.424E-4	4.052E-2
25.599	4.672E-5	4.069E-2
25.607	2.331E-4	4.088E-2
25.615	2.828E-4	4.109E-2
25.624	2.860E-4	4.132E-2
25.632	2.492E-4	4.150E-2
25.640	8.402E-5	4.160E-2
25.649	-9.566E-5	4.164E-2
25.657	-3.185E-4	4.160E-2
25.666	-5.326E-4	4.151E-2
25.674	-7.201E-4	4.133E-2
25.682	-8.788E-4	4.111E-2
25.691	-9.184E-4	4.088E-2
25.699	-9.132E-4	4.065E-2
25.707	-8.772E-4	4.045E-2
25.716	-7.420E-4	4.034E-2
25.724	-5.935E-4	4.030E-2
25.733	-4.121E-4	4.033E-2
25.741	-1.978E-4	4.043E-2
25.749	-7.104E-6	4.062E-2
25.758	1.106E-4	4.085E-2
25.766	2.234E-4	4.109E-2
25.774	2.440E-4	4.133E-2
25.783	2.521E-4	4.156E-2
25.791	1.519E-4	4.169E-2
25.800	1.087E-5	4.177E-2
25.808	-1.631E-4	4.177E-2
25.816	-3.622E-4	4.164E-2
25.825	-5.081E-4	4.145E-2
25.833	-6.289E-4	4.124E-2
25.841	-7.236E-4	4.097E-2
25.850	-7.476E-4	4.076E-2
25.858	-7.219E-4	4.055E-2
25.867	-6.650E-4	4.040E-2
25.875	-5.238E-4	4.034E-2
25.883	-4.291E-4	4.037E-2
25.892	-2.645E-4	4.046E-2
25.900	-8.852E-5	4.064E-2
25.908	6.011E-6	4.088E-2
25.917	1.085E-4	4.114E-2
25.925	1.310E-4	4.139E-2
25.934	1.093E-4	4.161E-2
25.942	8.725E-5	4.178E-2
25.950	2.566E-5	4.184E-2
25.959	-9.254E-5	4.182E-2
25.967	-2.199E-4	4.172E-2
25.976	-3.739E-4	4.154E-2
25.984	-4.764E-4	4.129E-2
25.992	-5.868E-4	4.102E-2
26.001	-6.481E-4	4.074E-2
26.009	-6.538E-4	4.052E-2
26.017	-6.574E-4	4.037E-2
26.026	-6.247E-4	4.025E-2
26.034	-5.368E-4	4.022E-2
26.043	-4.439E-4	4.036E-2
26.051	-3.412E-4	4.055E-2
26.059	-2.162E-4	4.083E-2
26.068	-1.337E-4	4.110E-2
26.076	-4.901E-5	4.137E-2
26.084	4.162E-6	4.162E-2
26.093	4.947E-5	4.179E-2
26.101	3.543E-5	4.188E-2
26.110	-1.363E-5	4.184E-2
26.118	-8.474E-5	4.175E-2
26.126	-1.989E-4	4.156E-2
26.135	-2.694E-4	4.130E-2
26.143	-3.819E-4	4.102E-2
26.151	-4.620E-4	4.073E-2
26.160	-5.124E-4	4.045E-2
26.168	-5.298E-4	4.023E-2
26.177	-5.794E-4	4.013E-2
26.185	-5.987E-4	4.014E-2
26.193	-5.200E-4	4.024E-2
26.202	-4.331E-4	4.042E-2
26.210	-3.548E-4	4.068E-2
26.218	-2.523E-4	4.097E-2
26.227	-1.535E-4	4.126E-2
26.235	-9.596E-5	4.153E-2
26.244	-4.333E-5	4.174E-2
26.252	2.894E-5	4.183E-2
26.260	3.536E-5	4.182E-2
26.269	1.938E-5	4.174E-2
26.277	-2.204E-5	4.156E-2
26.285	-6.433E-5	4.131E-2
26.294	-1.722E-4	4.102E-2
26.302	-3.005E-4	4.073E-2
26.311	-4.150E-4	4.044E-2
26.319	-4.857E-4	4.025E-2
26.327	-5.422E-4	4.013E-2
26.336	-6.087E-4	4.014E-2
26.344	-6.190E-4	4.023E-2
26.352	-6.183E-4	4.041E-2
26.361	-5.524E-4	4.065E-2
26.369	-4.694E-4	4.092E-2
26.378	-3.858E-4	4.121E-2
26.386	-2.410E-4	4.150E-2
26.394	-1.533E-4	4.172E-2
26.403	-5.126E-5	4.182E-2
26.411	3.845E-5	4.182E-2
26.419	7.255E-5	4.175E-2
26.428	6.352E-5	4.157E-2
26.436	2.776E-5	4.133E-2
26.445	-1.239E-6	4.105E-2
26.453	-1.425E-4	4.078E-2
26.461	-2.519E-4	4.055E-2
26.470	-3.854E-4	4.038E-2
26.478	-4.911E-4	4.024E-2
26.486	-5.851E-4	4.021E-2
26.495	-6.545E-4	4.026E-2
26.503	-6.620E-4	4.043E-2
26.512	-6.552E-4	4.066E-2
26.520	-5.993E-4	4.092E-2
26.528	-4.967E-4	4.118E-2
26.537	-3.637E-4	4.140E-2
26.545	-2.150E-4	4.159E-2
26.553	-7.839E-5	4.171E-2
26.562	3.300E-5	4.175E-2
26.570	1.024E-4	4.169E-2
26.579	1.691E-4	4.155E-2
26.587	1.253E-4	4.132E-2
26.595	5.296E-5	4.107E-2
26.604	-1.933E-5	4.082E-2
26.612	-1.595E-4	4.060E-2
26.620	-3.346E-4	4.041E-2
26.629	-4.801E-4	4.032E-2
26.637	-6.351E-4	4.031E-2
26.646	-7.393E-4	4.038E-2
26.654	-7.503E-4	4.054E-2
26.662	-7.656E-4	4.077E-2
26.671	-7.507E-4	4.102E-2
26.679	-6.392E-4	4.128E-2
26.688	-4.910E-4	4.152E-2
26.696	-3.143E-4	4.168E-2
26.704	-1.434E-4	4.180E-2
26.713	2.518E-5	4.181E-2
26.721	1.734E-4	4.177E-2
26.729	2.488E-4	4.162E-2
26.738	2.889E-4	4.140E-2
26.746	2.586E-4	4.115E-2
26.755	1.735E-4	4.090E-2
26.763	8.658E-6	4.067E-2
26.771	-1.722E-4	4.048E-2
26.780	-3.988E-4	4.039E-2
26.788	-6.007E-4	4.038E-2
26.796	-7.512E-4	4.042E-2
26.805	-8.535E-4	4.054E-2
26.813	-8.723E-4	4.072E-2
26.822	-8.799E-4	4.090E-2
26.830	-8.270E-4	4.111E-2
26.838	-6.704E-4	4.131E-2
26.847	-4.666E-4	4.149E-2
26.855	-2.320E-4	4.158E-2
26.863	-1.657E-5	4.159E-2
26.872	1.888E-4	4.156E-2
26.880	3.495E-4	4.144E-2
26.889	4.122E-4	4.132E-2
26.897	4.316E-4	4.112E-2
26.905	3.788E-4	4.092E-2
26.914	1.941E-4	4.073E-2
26.922	3.238E-6	4.058E-2
26.930	-2.228E-4	4.049E-2
26.939	-4.511E-4	4.044E-2
26.947	-6.716E-4	4.046E-2
26.956	-7.978E-4	4.057E-2
26.964	-9.286E-4	4.069E-2
26.972	-9.305E-4	4.087E-2
26.981	-8.492E-4	4.103E-2
26.989	-7.227E-4	4.121E-2
26.997	-4.892E-4	4.135E-2
27.006	-2.517E-4	4.142E-2
27.014	5.874E-6	4.140E-2
27.023	2.395E-4	4.138E-2
27.031	4.437E-4	4.132E-2
27.039	5.512E-4	4.122E-2
27.048	5.728E-4	4.108E-2
27.056	4.914E-4	4.092E-2
27.064	3.404E-4	4.080E-2
27.073	1.149E-4	4.068E-2
27.081	-1.460E-4	4.062E-2
27.090	-4.258E-4	4.060E-2
27.098	-6.684E-4	4.062E-2
27.106	-8.611E-4	4.067E-2
27.115	-9.819E-4	4.079E-2
27.123	-9.721E-4	4.090E-2
27.131	-9.448E-4	4.103E-2
27.140	-7.672E-4	4.113E-2
27.148	-6.215E-4	4.126E-2
27.157	-3.760E-4	4.132E-2
27.165	-9.098E-5	4.132E-2
27.173	1.235E-4	4.133E-2
27.182	3.350E-4	4.129E-2
27.190	4.893E-4	4.122E-2
27.198	5.393E-4	4.111E-2
27.207	5.063E-4	4.104E-2
27.215	3.712E-4	4.093E-2
27.224	1.106E-4	4.085E-2
27.232	-1.504E-4	4.082E-2
27.240	-4.246E-4	4.082E-2
27.249	-6.838E-4	4.083E-2
27.257	-9.008E-4	4.087E-2
27.265	-1.068E-3	4.087E-2
27.274	-1.095E-3	4.097E-2
27.282	-1.103E-3	4.107E-2
27.291	-9.922E-4	4.112E-2
27.299	-8.503E-4	4.116E-2
27.307	-5.714E-4	4.119E-2
27.316	-2.758E-4	4.117E-2
27.324	2.321E-5	4.115E-2
27.332	2.676E-4	4.113E-2
27.341	4.676E-4	4.109E-2
27.349	5.280E-4	4.106E-2
27.358	5.273E-4	4.104E-2
27.366	4.328E-4	4.104E-2
27.374	2.356E-4	4.099E-2
27.383	-2.419E-5	4.096E-2
27.391	-2.857E-4	4.093E-2
27.400	-5.440E-4	4.091E-2
27.408	-8.120E-4	4.090E-2
27.416	-1.010E-3	4.089E-2
27.425	-1.091E-3	4.090E-2
27.433	-1.103E-3	4.092E-2
27.441	-1.051E-3	4.092E-2
27.450	-8.724E-4	4.092E-2
27.458	-6.367E-4	4.091E-2
27.467	-3.489E-4	4.091E-2
27.475	-5.371E-5	4.090E-2
27.483	2.255E-4	4.090E-2
27.492	4.323E-4	4.090E-2
27.500	5.462E-4	4.090E-2
27.508	5.557E-4	4.089E-2
27.517	4.861E-4	4.089E-2
27.525	2.942E-4	4.089E-2
27.534	4.742E-5	4.089E-2
27.542	-2.305E-4	4.090E-2
27.550	-5.027E-4	4.089E-2
27.559	-7.423E-4	4.088E-2
27.567	-9.304E-4	4.086E-2
27.575	-1.002E-3	4.086E-2
27.584	-1.046E-3	4.083E-2
27.592	-1.017E-3	4.081E-2
27.601	-8.710E-4	4.080E-2
27.609	-6.498E-4	4.080E-2
27.617	-3.926E-4	4.082E-2
27.626	-1.216E-4	4.083E-2
27.634	1.176E-4	4.085E-2
27.642	3.241E-4	4.090E-2
27.651	4.864E-4	4.094E-2
27.659	4.979E-4	4.100E-2
27.668	4.810E-4	4.108E-2
27.676	2.945E-4	4.112E-2
27.684	7.003E-5	4.116E-2
27.693	-1.793E-4	4.116E-2
27.701	-4.511E-4	4.115E-2
27.709	-6.967E-4	4.111E-2
27.718	-8.975E-4	4.106E-2
27.726	-1.043E-3	4.101E-2
27.735	-1.073E-3	4.091E-2
27.743	-1.075E-3	4.083E-2
27.751	-9.158E-4	4.077E-2
27.760	-7.158E-4	4.073E-2
27.768	-4.556E-4	4.069E-2
27.776	-1.735E-4	4.067E-2
27.785	6.793E-5	4.068E-2
27.793	2.862E-4	4.080E-2
27.802	4.480E-4	4.090E-2
27.810	5.084E-4	4.101E-2
27.818	4.911E-4	4.113E-2
27.827	3.568E-4	4.125E-2
27.835	1.256E-4	4.131E-2
27.843	-1.288E-4	4.134E-2
27.852	-3.919E-4	4.134E-2
27.860	-6.353E-4	4.130E-2
27.869	-8.594E-4	4.122E-2
27.877	-9.701E-4	4.110E-2
27.885	-9.817E-4	4.096E-2
27.894	-9.643E-4	4.082E-2
27.902	-8.600E-4	4.070E-2
27.910	-7.075E-4	4.062E-2
27.919	-4.728E-4	4.058E-2
27.927	-2.258E-4	4.060E-2
27.936	1.451E-5	4.064E-2
27.944	2.340E-4	4.077E-2
27.952	4.141E-4	4.090E-2
27.961	4.830E-4	4.107E-2
27.969	4.814E-4	4.123E-2
27.977	4.303E-4	4.136E-2
27.986	2.479E-4	4.148E-2
27.994	4.710E-5	4.151E-2
28.003	-1.904E-4	4.154E-2
28.011	-4.206E-4	4.149E-2
28.019	-6.109E-4	4.136E-2
28.028	-7.416E-4	4.119E-2
28.036	-8.263E-4	4.101E-2
28.044	-8.519E-4	4.085E-2
28.053	-7.870E-4	4.067E-2
28.061	-6.987E-4	4.057E-2
28.070	-5.060E-4	4.050E-2
28.078	-2.697E-4	4.048E-2
28.086	-2.601E-5	4.055E-2
28.095	1.818E-4	4.068E-2
28.103	3.018E-4	4.085E-2
28.112	4.292E-4	4.105E-2
28.120	4.532E-4	4.126E-2
28.128	4.227E-4	4.142E-2
28.137	2.754E-4	4.155E-2
28.145	1.217E-4	4.159E-2
28.153	-4.055E-5	4.159E-2
28.162	-2.413E-4	4.153E-2
28.170	-4.409E-4	4.139E-2
28.179	-6.066E-4	4.121E-2
28.187	-6.917E-4	4.101E-2
28.195	-6.923E-4	4.082E-2
28.204	-6.899E-4	4.063E-2
28.212	-6.409E-4	4.047E-2
28.220	-4.712E-4	4.039E-2
28.229	-2.736E-4	4.039E-2
28.237	-1.109E-4	4.044E-2
28.246	2.368E-5	4.060E-2
28.254	2.024E-4	4.080E-2
28.262	2.636E-4	4.104E-2
28.271	3.041E-4	4.129E-2
28.279	2.814E-4	4.149E-2
28.287	2.263E-4	4.164E-2
28.296	1.169E-4	4.172E-2
28.304	-1.836E-5	4.174E-2
28.313	-1.981E-4	4.166E-2
28.321	-3.502E-4	4.151E-2
28.329	-4.910E-4	4.131E-2
28.338	-5.869E-4	4.107E-2
28.346	-6.634E-4	4.084E-2
28.354	-6.745E-4	4.061E-2
28.363	-6.282E-4	4.043E-2
28.371	-5.213E-4	4.035E-2
28.380	-4.065E-4	4.036E-2
28.388	-2.676E-4	4.041E-2
28.396	-1.179E-4	4.059E-2
28.405	-8.703E-6	4.082E-2
28.413	9.321E-5	4.106E-2
28.421	1.447E-4	4.131E-2
28.430	1.622E-4	4.154E-2
28.438	1.092E-4	4.171E-2
28.447	4.056E-5	4.182E-2
28.455	-1.831E-5	4.181E-2
28.463	-1.540E-4	4.176E-2
28.472	-2.707E-4	4.158E-2
28.480	-3.793E-4	4.135E-2
28.488	-4.851E-4	4.110E-2
28.497	-5.252E-4	4.084E-2
28.505	-5.786E-4	4.061E-2
28.514	-6.054E-4	4.042E-2
28.522	-6.103E-4	4.032E-2
28.530	-5.230E-4	4.033E-2
28.539	-4.543E-4	4.039E-2
28.547	-3.779E-4	4.057E-2
28.555	-2.522E-4	4.080E-2
28.564	-1.558E-4	4.106E-2
28.572	-8.918E-5	4.133E-2
28.581	-3.210E-5	4.156E-2
28.589	1.340E-5	4.174E-2
28.597	1.558E-5	4.184E-2
28.606	8.012E-6	4.182E-2
28.614	-3.342E-5	4.178E-2
28.622	-1.361E-4	4.161E-2
28.631	-2.385E-4	4.137E-2
28.639	-3.239E-4	4.111E-2
28.648	-4.211E-4	4.084E-2
28.656	-4.776E-4	4.060E-2
28.664	-4.815E-4	4.040E-2
28.673	-5.041E-4	4.027E-2
28.681	-4.855E-4	4.026E-2
28.689	-4.731E-4	4.032E-2
28.698	-3.696E-4	4.046E-2
28.706	-3.036E-4	4.068E-2
28.715	-2.613E-4	4.093E-2
28.723	-1.557E-4	4.119E-2
28.731	-7.354E-5	4.141E-2
28.740	-3.653E-5	4.159E-2
28.748	1.620E-5	4.173E-2
28.756	3.271E-5	4.175E-2
28.765	3.352E-5	4.175E-2
28.773	1.221E-6	4.157E-2
28.782	-3.607E-5	4.135E-2
28.790	-1.016E-4	4.110E-2
28.798	-2.272E-4	4.083E-2
28.807	-2.843E-4	4.060E-2
28.815	-3.781E-4	4.040E-2
28.824	-4.514E-4	4.026E-2
28.832	-4.930E-4	4.020E-2
28.840	-4.822E-4	4.024E-2
28.849	-4.666E-4	4.040E-2
28.857	-4.344E-4	4.062E-2
28.865	-3.950E-4	4.086E-2
28.874	-2.645E-4	4.113E-2
28.882	-1.871E-4	4.136E-2
28.891	-4.346E-5	4.157E-2
28.899	1.670E-5	4.169E-2
28.907	8.226E-5	4.176E-2
28.916	8.815E-5	4.176E-2
28.924	1.128E-4	4.157E-2
28.932	7.913E-5	4.135E-2
28.941	1.388E-5	4.112E-2
28.949	-4.016E-5	4.086E-2
28.958	-1.590E-4	4.062E-2
28.966	-2.721E-4	4.042E-2
28.974	-3.860E-4	4.030E-2
28.983	-4.767E-4	4.026E-2
28.991	-5.094E-4	4.030E-2
28.999	-5.208E-4	4.043E-2
29.008	-5.005E-4	4.063E-2
29.016	-4.742E-4	4.087E-2
29.025	-3.893E-4	4.111E-2
29.033	-2.601E-4	4.134E-2
29.041	-1.691E-4	4.155E-2
29.050	-1.022E-5	4.166E-2
29.058	7.774E-5	4.170E-2
29.066	2.040E-4	4.172E-2
29.075	2.426E-4	4.156E-2
29.083	2.488E-4	4.137E-2
29.092	2.353E-4	4.113E-2
29.100	1.867E-4	4.089E-2
29.108	3.596E-5	4.066E-2
29.117	-8.594E-5	4.046E-2
29.125	-2.478E-4	4.035E-2
29.133	-4.259E-4	4.032E-2
29.142	-4.975E-4	4.037E-2
29.150	-6.281E-4	4.046E-2
29.159	-6.774E-4	4.064E-2
29.167	-6.505E-4	4.086E-2
29.175	-5.528E-4	4.108E-2
29.184	-4.677E-4	4.131E-2
29.192	-2.785E-4	4.149E-2
29.200	-1.201E-4	4.160E-2
29.209	1.650E-5	4.164E-2
29.217	1.917E-4	4.160E-2
29.226	2.833E-4	4.150E-2
29.234	3.230E-4	4.133E-2
29.242	2.975E-4	4.113E-2
29.251	2.283E-4	4.092E-2
29.259	1.205E-4	4.070E-2
29.267	-4.590E-5	4.053E-2
29.276	-2.335E-4	4.042E-2
29.284	-4.185E-4	4.038E-2
29.293	-5.529E-4	4.041E-2
29.301	-7.141E-4	4.048E-2
29.309	-7.445E-4	4.064E-2
29.318	-7.292E-4	4.082E-2
29.326	-7.052E-4	4.102E-2
29.334	-5.519E-4	4.124E-2
29.343	-4.305E-4	4.139E-2
29.351	-2.352E-4	4.151E-2
29.360	-9.951E-6	4.156E-2
29.368	1.956E-4	4.154E-2
29.376	3.158E-4	4.147E-2
29.385	4.333E-4	4.134E-2
29.393	4.542E-4	4.116E-2
29.401	4.278E-4	4.099E-2
29.410	2.755E-4	4.084E-2
29.418	9.901E-5	4.069E-2
29.427	-9.804E-5	4.059E-2
29.435	-3.456E-4	4.059E-2
29.443	-5.476E-4	4.059E-2
29.452	-7.391E-4	4.064E-2
29.460	-8.296E-4	4.076E-2
29.468	-8.918E-4	4.090E-2
29.477	-8.413E-4	4.107E-2
29.485	-7.339E-4	4.124E-2
29.494	-5.387E-4	4.135E-2
29.502	-3.615E-4	4.142E-2
29.510	-1.408E-4	4.143E-2
29.519	6.714E-5	4.140E-2
29.527	2.474E-4	4.135E-2
29.536	3.651E-4	4.126E-2
29.544	4.279E-4	4.112E-2
29.552	4.018E-4	4.100E-2
29.561	2.717E-4	4.088E-2
29.569	8.532E-5	4.078E-2
29.577	-1.495E-4	4.072E-2
29.586	-3.972E-4	4.067E-2
29.594	-6.296E-4	4.065E-2
29.603	-8.424E-4	4.069E-2
29.611	-9.510E-4	4.075E-2
29.619	-1.002E-3	4.088E-2
29.628	-1.022E-3	4.100E-2
29.636	-9.027E-4	4.111E-2
29.644	-7.158E-4	4.122E-2
29.653	-4.909E-4	4.131E-2
29.661	-2.341E-4	4.133E-2
29.670	1.489E-5	4.133E-2
29.678	2.390E-4	4.130E-2
29.686	4.160E-4	4.125E-2
29.695	4.984E-4	4.113E-2
29.703	5.001E-4	4.106E-2
29.711	3.892E-4	4.098E-2
29.720	2.064E-4	4.091E-2
29.728	-7.669E-6	4.086E-2
29.737	-2.439E-4	4.085E-2
29.745	-4.826E-4	4.085E-2
29.753	-7.044E-4	4.086E-2
29.762	-8.792E-4	4.089E-2
29.770	-9.442E-4	4.094E-2
29.778	-9.384E-4	4.101E-2
29.787	-8.727E-4	4.107E-2
29.795	-7.000E-4	4.110E-2
29.804	-4.704E-4	4.114E-2
29.812	-2.232E-4	4.117E-2
29.820	3.578E-5	4.115E-2
29.829	2.645E-4	4.113E-2
29.837	4.518E-4	4.111E-2
29.845	5.683E-4	4.108E-2
29.854	5.867E-4	4.104E-2
29.862	4.923E-4	4.101E-2
29.871	3.110E-4	4.100E-2
29.879	8.173E-5	4.100E-2
29.887	-1.739E-4	4.102E-2
29.896	-4.527E-4	4.103E-2
29.904	-6.858E-4	4.104E-2
29.912	-8.680E-4	4.106E-2
29.921	-9.694E-4	4.106E-2
29.929	-9.604E-4	4.110E-2
29.938	-9.174E-4	4.110E-2
29.946	-7.327E-4	4.109E-2
29.954	-5.102E-4	4.110E-2
29.963	-2.580E-4	4.110E-2
29.971	6.894E-6	4.110E-2
29.979	2.424E-4	4.109E-2
29.988	4.644E-4	4.109E-2
29.996	5.911E-4	4.109E-2
30.005	6.014E-4	4.110E-2
30.013	5.236E-4	4.110E-2
30.021	4.103E-4	4.111E-2
30.030	2.029E-4	4.110E-2
30.038	-1.875E-5	4.110E-2
30.046	-2.790E-4	4.110E-2
30.055	-5.057E-4	4.109E-2
30.063	-6.983E-4	4.107E-2
30.072	-8.765E-4	4.106E-2
30.080	-9.076E-4	4.104E-2
30.088	-8.989E-4	4.101E-2
30.097	-7.247E-4	4.103E-2
30.105	-5.538E-4	4.097E-2
30.113	-3.430E-4	4.092E-2
30.122	-5.542E-5	4.090E-2
30.130	1.991E-4	4.090E-2
30.139	4.268E-4	4.093E-2
30.147	5.284E-4	4.092E-2
30.155	5.905E-4	4.102E-2
30.164	5.464E-4	4.108E-2
30.172	4.343E-4	4.113E-2
30.181	2.400E-4	4.117E-2
30.189	9.701E-6	4.118E-2
30.197	-2.353E-4	4.116E-2
30.206	-4.694E-4	4.114E-2
30.214	-6.874E-4	4.108E-2
30.222	-8.382E-4	4.103E-2
30.231	-9.145E-4	4.095E-2
30.239	-9.081E-4	4.086E-2
30.248	-7.666E-4	4.081E-2
30.256	-6.659E-4	4.078E-2
30.264	-4.395E-4	4.073E-2
30.273	-2.041E-4	4.070E-2
30.281	3.829E-5	4.069E-2
30.289	2.478E-4	4.079E-2
30.298	4.305E-4	4.088E-2
30.306	4.914E-4	4.099E-2
30.315	4.944E-4	4.111E-2
30.323	4.341E-4	4.121E-2
30.331	2.537E-4	4.130E-2
30.340	3.894E-5	4.133E-2
30.348	-1.965E-4	4.133E-2
30.356	-4.325E-4	4.133E-2
30.365	-6.431E-4	4.124E-2
30.373	-7.454E-4	4.112E-2
30.382	-8.612E-4	4.102E-2
30.390	-8.801E-4	4.090E-2
30.398	-7.647E-4	4.080E-2
30.407	-6.918E-4	4.069E-2
30.415	-4.986E-4	4.064E-2
30.423	-2.533E-4	4.063E-2
30.432	-1.153E-5	4.066E-2
30.440	2.020E-4	4.073E-2
30.449	3.625E-4	4.084E-2
30.457	4.232E-4	4.100E-2
30.465	4.561E-4	4.114E-2
30.474	4.411E-4	4.129E-2
30.482	2.765E-4	4.137E-2
30.490	1.056E-4	4.143E-2
30.499	-8.665E-5	4.141E-2
30.507	-3.303E-4	4.138E-2
30.516	-5.214E-4	4.128E-2
30.524	-6.923E-4	4.114E-2
30.532	-7.363E-4	4.096E-2
30.541		4.081E-2
