#multi:
	mass A	mass B	
t	x	x	
0.000	-4.290E-3	4.082E-2
0.008	-4.314E-3	4.084E-2
0.017	-4.323E-3	4.084E-2
0.025	-4.356E-3	4.083E-2
0.034	-4.343E-3	4.083E-2
0.042	-4.302E-3	4.085E-2
0.050	-4.272E-3	4.086E-2
0.059	-4.278E-3	4.086E-2
0.067	-4.268E-3	4.085E-2
0.075	-4.208E-3	4.084E-2
0.084	-4.114E-3	4.083E-2
0.092	-4.014E-3	4.083E-2
0.101	-3.841E-3	4.083E-2
0.109	-3.564E-3	4.083E-2
0.117	-3.095E-3	4.083E-2
0.126	-2.364E-3	4.082E-2
0.134	-1.478E-3	4.083E-2
0.142	-3.568E-4	4.084E-2
0.151	7.782E-4	4.088E-2
0.159	1.743E-3	4.100E-2
0.168	2.561E-3	4.108E-2
0.176	2.860E-3	4.116E-2
0.184	2.778E-3	4.127E-2
0.193	2.192E-3	4.135E-2
0.201	1.330E-3	4.145E-2
0.209	3.321E-4	4.151E-2
0.218	-7.746E-4	4.151E-2
0.226	-1.873E-3	4.144E-2
0.235	-2.716E-3	4.130E-2
0.243	-3.336E-3	4.110E-2
0.251	-3.612E-3	4.089E-2
0.260	-3.504E-3	4.067E-2
0.268	-3.200E-3	4.046E-2
0.276	-2.557E-3	4.031E-2
0.285	-1.699E-3	4.021E-2
0.293	-6.693E-4	4.019E-2
0.302	3.746E-4	4.029E-2
0.310	1.425E-3	4.050E-2
0.318	2.188E-3	4.081E-2
0.327	2.641E-3	4.109E-2
0.335	2.652E-3	4.139E-2
0.343	2.235E-3	4.167E-2
0.352	1.530E-3	4.193E-2
0.360	5.571E-4	4.206E-2
0.369	-4.380E-4	4.205E-2
0.377	-1.442E-3	4.194E-2
0.385	-2.352E-3	4.172E-2
0.394	-2.980E-3	4.137E-2
0.402	-3.331E-3	4.098E-2
0.410	-3.402E-3	4.059E-2
0.419	-3.159E-3	4.021E-2
0.427	-2.592E-3	3.990E-2
0.436	-1.855E-3	3.971E-2
0.444	-9.046E-4	3.967E-2
0.452	1.007E-4	3.978E-2
0.461	1.025E-3	4.010E-2
0.469	1.832E-3	4.051E-2
0.477	2.363E-3	4.101E-2
0.486	2.458E-3	4.152E-2
0.494	2.232E-3	4.198E-2
0.503	1.645E-3	4.236E-2
0.511	8.499E-4	4.263E-2
0.519	-8.500E-5	4.268E-2
0.528	-1.044E-3	4.255E-2
0.536	-1.893E-3	4.222E-2
0.544	-2.534E-3	4.175E-2
0.553	-2.955E-3	4.120E-2
0.561	-3.083E-3	4.061E-2
0.570	-2.943E-3	4.005E-2
0.578	-2.568E-3	3.963E-2
0.586	-1.961E-3	3.935E-2
0.595	-1.134E-3	3.928E-2
0.603	-2.949E-4	3.940E-2
0.611	5.785E-4	3.975E-2
0.620	1.337E-3	4.025E-2
0.628	1.868E-3	4.090E-2
0.637	2.160E-3	4.156E-2
0.645	2.066E-3	4.218E-2
0.653	1.666E-3	4.269E-2
0.662	1.033E-3	4.301E-2
0.670	2.428E-4	4.310E-2
0.678	-5.660E-4	4.297E-2
0.687	-1.357E-3	4.260E-2
0.695	-2.000E-3	4.205E-2
0.704	-2.445E-3	4.134E-2
0.712	-2.673E-3	4.059E-2
0.720	-2.679E-3	3.988E-2
0.729	-2.413E-3	3.930E-2
0.737	-1.962E-3	3.894E-2
0.746	-1.339E-3	3.881E-2
0.754	-5.792E-4	3.892E-2
0.762	1.568E-4	3.931E-2
0.771	8.260E-4	3.992E-2
0.779	1.412E-3	4.068E-2
0.787	1.715E-3	4.149E-2
0.796	1.764E-3	4.225E-2
0.804	1.544E-3	4.287E-2
0.813	1.077E-3	4.331E-2
0.821	4.965E-4	4.349E-2
0.829	-1.751E-4	4.340E-2
0.838	-8.575E-4	4.296E-2
0.846	-1.446E-3	4.233E-2
0.854	-1.954E-3	4.156E-2
0.863	-2.239E-3	4.068E-2
0.871	-2.271E-3	3.984E-2
0.880	-2.197E-3	3.915E-2
0.888	-1.901E-3	3.870E-2
0.896	-1.462E-3	3.852E-2
0.905	-8.965E-4	3.861E-2
0.913	-2.896E-4	3.900E-2
0.921	3.135E-4	3.965E-2
0.930	8.049E-4	4.050E-2
0.938	1.203E-3	4.144E-2
0.947	1.387E-3	4.233E-2
0.955	1.279E-3	4.308E-2
0.963	1.061E-3	4.358E-2
0.972	6.558E-4	4.381E-2
0.980	1.238E-4	4.370E-2
0.988	-3.907E-4	4.326E-2
0.997	-9.033E-4	4.261E-2
1.005	-1.338E-3	4.176E-2
1.014	-1.669E-3	4.082E-2
1.022	-1.880E-3	3.989E-2
1.030	-1.949E-3	3.909E-2
1.039	-1.798E-3	3.856E-2
1.047	-1.547E-3	3.831E-2
1.055	-1.120E-3	3.837E-2
1.064	-6.512E-4	3.877E-2
1.072	-1.860E-4	3.942E-2
1.081	2.751E-4	4.032E-2
1.089	6.287E-4	4.131E-2
1.097	8.564E-4	4.225E-2
1.106	1.014E-3	4.307E-2
1.114	9.874E-4	4.364E-2
1.122	8.014E-4	4.391E-2
1.131	5.295E-4	4.384E-2
1.139	1.067E-4	4.342E-2
1.148	-3.016E-4	4.272E-2
1.156	-6.868E-4	4.183E-2
1.164	-1.041E-3	4.084E-2
1.173	-1.306E-3	3.987E-2
1.181	-1.491E-3	3.901E-2
1.189	-1.542E-3	3.840E-2
1.198	-1.490E-3	3.813E-2
1.206	-1.303E-3	3.817E-2
1.215	-1.043E-3	3.856E-2
1.223	-6.848E-4	3.925E-2
1.231	-3.408E-4	4.012E-2
1.240	3.379E-5	4.115E-2
1.248	3.552E-4	4.212E-2
1.256	5.839E-4	4.301E-2
1.265	7.798E-4	4.361E-2
1.273	8.086E-4	4.394E-2
1.282	7.283E-4	4.387E-2
1.290	5.482E-4	4.351E-2
1.298	2.843E-4	4.285E-2
1.307	-6.870E-5	4.197E-2
1.315	-3.969E-4	4.097E-2
1.323	-7.496E-4	4.002E-2
1.332	-1.053E-3	3.915E-2
1.340	-1.283E-3	3.852E-2
1.349	-1.395E-3	3.815E-2
1.357	-1.448E-3	3.813E-2
1.365	-1.371E-3	3.848E-2
1.374	-1.184E-3	3.912E-2
1.382	-9.358E-4	4.002E-2
1.390	-6.259E-4	4.104E-2
1.399	-2.668E-4	4.204E-2
1.407	6.603E-5	4.290E-2
1.416	3.914E-4	4.355E-2
1.424	6.042E-4	4.391E-2
1.432	7.686E-4	4.389E-2
1.441	7.796E-4	4.356E-2
1.449	7.051E-4	4.293E-2
1.458	5.010E-4	4.207E-2
1.466	1.470E-4	4.107E-2
1.474	-1.959E-4	4.011E-2
1.483	-5.941E-4	3.925E-2
1.491	-1.002E-3	3.859E-2
1.499	-1.306E-3	3.824E-2
1.508	-1.530E-3	3.825E-2
1.516	-1.644E-3	3.853E-2
1.525	-1.619E-3	3.911E-2
1.533	-1.476E-3	3.995E-2
1.541	-1.234E-3	4.087E-2
1.550	-8.422E-4	4.182E-2
1.558	-3.979E-4	4.268E-2
1.566	5.866E-5	4.334E-2
1.575	5.043E-4	4.373E-2
1.583	8.343E-4	4.382E-2
1.592	1.044E-3	4.355E-2
1.600	1.114E-3	4.300E-2
1.608	1.008E-3	4.217E-2
1.617	7.663E-4	4.124E-2
1.625	3.394E-4	4.034E-2
1.633	-1.365E-4	3.951E-2
1.642	-6.283E-4	3.886E-2
1.650	-1.102E-3	3.852E-2
1.659	-1.538E-3	3.848E-2
1.667	-1.796E-3	3.872E-2
1.675	-1.964E-3	3.924E-2
1.684	-1.961E-3	3.994E-2
1.692	-1.747E-3	4.081E-2
1.700	-1.390E-3	4.171E-2
1.709	-8.898E-4	4.253E-2
1.717	-3.318E-4	4.312E-2
1.726	2.526E-4	4.351E-2
1.734	7.848E-4	4.363E-2
1.742	1.231E-3	4.340E-2
1.751	1.479E-3	4.290E-2
1.759	1.524E-3	4.219E-2
1.767	1.318E-3	4.137E-2
1.776	9.406E-4	4.054E-2
1.784	4.036E-4	3.977E-2
1.793	-2.280E-4	3.919E-2
1.801	-8.634E-4	3.882E-2
1.809	-1.449E-3	3.871E-2
1.818	-1.953E-3	3.894E-2
1.826	-2.232E-3	3.936E-2
1.834	-2.310E-3	4.001E-2
1.843	-2.202E-3	4.078E-2
1.851	-1.910E-3	4.156E-2
1.860	-1.412E-3	4.227E-2
1.868	-8.075E-4	4.281E-2
1.876	-1.211E-4	4.319E-2
1.885	5.810E-4	4.329E-2
1.893	1.194E-3	4.315E-2
1.901	1.655E-3	4.276E-2
1.910	1.866E-3	4.215E-2
1.918	1.781E-3	4.144E-2
1.927	1.457E-3	4.075E-2
1.935	8.760E-4	4.010E-2
1.943	1.442E-4	3.957E-2
1.952	-6.163E-4	3.925E-2
1.960	-1.373E-3	3.914E-2
1.968	-1.984E-3	3.927E-2
1.977	-2.421E-3	3.962E-2
1.985	-2.659E-3	4.013E-2
1.994	-2.650E-3	4.075E-2
2.002	-2.393E-3	4.140E-2
2.010	-1.940E-3	4.200E-2
2.019	-1.286E-3	4.249E-2
2.027	-4.767E-4	4.278E-2
2.035	3.081E-4	4.288E-2
2.044	1.075E-3	4.277E-2
2.052	1.682E-3	4.247E-2
2.061	2.027E-3	4.200E-2
2.069	2.101E-3	4.146E-2
2.077	1.821E-3	4.087E-2
2.086	1.244E-3	4.034E-2
2.094	4.888E-4	3.992E-2
2.103	-3.570E-4	3.963E-2
2.111	-1.226E-3	3.951E-2
2.119	-1.988E-3	3.959E-2
2.128	-2.559E-3	3.986E-2
2.136	-2.930E-3	4.024E-2
2.144	-2.955E-3	4.067E-2
2.153	-2.755E-3	4.115E-2
2.161	-2.304E-3	4.160E-2
2.170	-1.630E-3	4.197E-2
2.178	-8.149E-4	4.223E-2
2.186	7.923E-5	4.235E-2
2.195	9.594E-4	4.230E-2
2.203	1.694E-3	4.209E-2
2.211	2.193E-3	4.176E-2
2.220	2.394E-3	4.136E-2
2.228	2.188E-3	4.094E-2
2.237	1.678E-3	4.059E-2
2.245	8.960E-4	4.030E-2
2.253	-4.101E-5	4.009E-2
2.262	-1.001E-3	3.999E-2
2.270	-1.883E-3	3.997E-2
2.278	-2.539E-3	4.014E-2
2.287	-2.955E-3	4.037E-2
2.295	-3.152E-3	4.066E-2
2.304	-2.996E-3	4.098E-2
2.312	-2.616E-3	4.129E-2
2.320	-1.992E-3	4.156E-2
2.329	-1.164E-3	4.174E-2
2.337	-2.354E-4	4.181E-2
2.345	6.700E-4	4.178E-2
2.354	1.511E-3	4.170E-2
2.362	2.130E-3	4.153E-2
2.371	2.436E-3	4.130E-2
2.379	2.387E-3	4.107E-2
2.387	1.919E-3	4.084E-2
2.396	1.186E-3	4.066E-2
2.404	2.675E-4	4.054E-2
2.412	-6.943E-4	4.048E-2
2.421	-1.600E-3	4.052E-2
2.429	-2.391E-3	4.057E-2
2.438	-2.930E-3	4.067E-2
2.446	-3.172E-3	4.080E-2
2.454	-3.147E-3	4.092E-2
2.463	-2.856E-3	4.106E-2
2.471	-2.252E-3	4.114E-2
2.479	-1.477E-3	4.125E-2
2.488	-5.179E-4	4.130E-2
2.496	4.355E-4	4.131E-2
2.505	1.327E-3	4.130E-2
2.513	2.037E-3	4.126E-2
2.521	2.410E-3	4.123E-2
2.530	2.417E-3	4.121E-2
2.538	2.119E-3	4.116E-2
2.546	1.436E-3	4.109E-2
2.555	5.515E-4	4.106E-2
2.563	-4.100E-4	4.105E-2
2.572	-1.388E-3	4.103E-2
2.580	-2.206E-3	4.103E-2
2.588	-2.809E-3	4.098E-2
2.597	-3.174E-3	4.093E-2
2.605	-3.187E-3	4.085E-2
2.613	-2.941E-3	4.082E-2
2.622	-2.449E-3	4.080E-2
2.630	-1.706E-3	4.081E-2
2.639	-7.930E-4	4.081E-2
2.647	1.480E-4	4.083E-2
2.655	1.068E-3	4.087E-2
2.664	1.830E-3	4.099E-2
2.672	2.347E-3	4.110E-2
2.680	2.456E-3	4.125E-2
2.689	2.186E-3	4.137E-2
2.697	1.638E-3	4.149E-2
2.706	8.239E-4	4.155E-2
2.714	-1.347E-4	4.156E-2
2.722	-1.067E-3	4.153E-2
2.731	-1.943E-3	4.143E-2
2.739	-2.609E-3	4.128E-2
2.747	-2.989E-3	4.108E-2
2.756	-3.145E-3	4.085E-2
2.764	-2.956E-3	4.061E-2
2.773	-2.532E-3	4.042E-2
2.781	-1.892E-3	4.030E-2
2.789	-1.064E-3	4.027E-2
2.798	-1.258E-4	4.034E-2
2.806	7.797E-4	4.044E-2
2.815	1.547E-3	4.064E-2
2.823	2.119E-3	4.091E-2
2.831	2.378E-3	4.122E-2
2.840	2.205E-3	4.152E-2
2.848	1.745E-3	4.179E-2
2.856	1.028E-3	4.197E-2
2.865	1.495E-4	4.205E-2
2.873	-7.466E-4	4.199E-2
2.882	-1.599E-3	4.182E-2
2.890	-2.253E-3	4.155E-2
2.898	-2.698E-3	4.120E-2
2.907	-2.918E-3	4.081E-2
2.915	-2.866E-3	4.045E-2
2.923	-2.519E-3	4.010E-2
2.932	-1.976E-3	3.987E-2
2.940	-1.244E-3	3.976E-2
2.949	-3.982E-4	3.976E-2
2.957	4.336E-4	3.994E-2
2.965	1.210E-3	4.024E-2
2.974	1.760E-3	4.068E-2
2.982	2.097E-3	4.112E-2
2.990	2.104E-3	4.158E-2
2.999	1.761E-3	4.199E-2
3.007	1.203E-3	4.229E-2
3.016	4.198E-4	4.243E-2
3.024	-3.931E-4	4.243E-2
3.032	-1.150E-3	4.222E-2
3.041	-1.827E-3	4.187E-2
3.049	-2.287E-3	4.140E-2
3.057	-2.531E-3	4.089E-2
3.066	-2.543E-3	4.036E-2
3.074	-2.314E-3	3.989E-2
3.083	-1.866E-3	3.954E-2
3.091	-1.316E-3	3.935E-2
3.099	-5.821E-4	3.937E-2
3.108	1.869E-4	3.961E-2
3.116	8.546E-4	4.002E-2
3.124	1.426E-3	4.055E-2
3.133	1.780E-3	4.113E-2
3.141	1.850E-3	4.175E-2
3.150	1.656E-3	4.228E-2
3.158	1.236E-3	4.268E-2
3.166	6.186E-4	4.290E-2
3.175	-6.636E-5	4.290E-2
3.183	-7.831E-4	4.267E-2
3.191	-1.426E-3	4.224E-2
3.200	-1.941E-3	4.166E-2
3.208	-2.251E-3	4.099E-2
3.217	-2.335E-3	4.036E-2
3.225	-2.254E-3	3.978E-2
3.233	-1.980E-3	3.934E-2
3.242	-1.511E-3	3.910E-2
3.250	-9.054E-4	3.913E-2
3.258	-2.606E-4	3.936E-2
3.267	3.398E-4	3.979E-2
3.275	8.800E-4	4.040E-2
3.284	1.237E-3	4.109E-2
3.292	1.450E-3	4.182E-2
3.300	1.413E-3	4.246E-2
3.309	1.170E-3	4.295E-2
3.317	7.480E-4	4.321E-2
3.325	2.177E-4	4.321E-2
3.334	-3.879E-4	4.297E-2
3.342	-9.292E-4	4.250E-2
3.351	-1.446E-3	4.184E-2
3.359	-1.780E-3	4.106E-2
3.367	-1.969E-3	4.028E-2
3.376	-1.981E-3	3.960E-2
3.384	-1.796E-3	3.909E-2
3.392	-1.515E-3	3.878E-2
3.401	-1.078E-3	3.876E-2
3.409	-5.794E-4	3.897E-2
3.418	-8.797E-5	3.944E-2
3.426	3.686E-4	4.011E-2
3.434	7.814E-4	4.089E-2
3.443	1.011E-3	4.170E-2
3.451	1.071E-3	4.246E-2
3.459	1.003E-3	4.304E-2
3.468	7.694E-4	4.340E-2
3.476	3.652E-4	4.344E-2
3.485	-7.331E-5	4.319E-2
3.493	-5.376E-4	4.272E-2
3.501	-9.206E-4	4.203E-2
3.510	-1.282E-3	4.120E-2
3.518	-1.523E-3	4.035E-2
3.527	-1.602E-3	3.958E-2
3.535	-1.569E-3	3.901E-2
3.543	-1.452E-3	3.862E-2
3.552	-1.179E-3	3.856E-2
3.560	-8.650E-4	3.877E-2
3.568	-4.551E-4	3.926E-2
3.577	-1.003E-4	3.995E-2
3.585	2.738E-4	4.077E-2
3.594	5.636E-4	4.166E-2
3.602	7.679E-4	4.247E-2
3.610	8.058E-4	4.310E-2
3.619	7.934E-4	4.352E-2
3.627	5.659E-4	4.364E-2
3.635	3.179E-4	4.342E-2
3.644	-1.915E-5	4.291E-2
3.652	-3.822E-4	4.222E-2
3.661	-6.942E-4	4.137E-2
3.669	-9.759E-4	4.045E-2
3.677	-1.199E-3	3.962E-2
3.686	-1.325E-3	3.897E-2
3.694	-1.314E-3	3.856E-2
3.702	-1.272E-3	3.846E-2
3.711	-1.083E-3	3.863E-2
3.719	-8.406E-4	3.914E-2
3.728	-5.695E-4	3.984E-2
3.736	-2.712E-4	4.071E-2
3.744	3.089E-5	4.163E-2
3.753	3.000E-4	4.241E-2
3.761	5.186E-4	4.310E-2
3.769	5.959E-4	4.355E-2
3.778	5.940E-4	4.368E-2
3.786	5.512E-4	4.350E-2
3.795	3.487E-4	4.308E-2
3.803	1.121E-4	4.239E-2
3.811	-1.507E-4	4.156E-2
3.820	-4.420E-4	4.064E-2
3.828	-7.376E-4	3.976E-2
3.836	-1.005E-3	3.908E-2
3.845	-1.180E-3	3.867E-2
3.853	-1.315E-3	3.854E-2
3.862	-1.309E-3	3.869E-2
3.870	-1.257E-3	3.914E-2
3.878	-1.061E-3	3.981E-2
3.887	-8.281E-4	4.069E-2
3.895	-5.410E-4	4.152E-2
3.903	-1.835E-4	4.233E-2
3.912	9.498E-5	4.304E-2
3.920	3.697E-4	4.352E-2
3.929	5.645E-4	4.370E-2
3.937	7.116E-4	4.353E-2
3.945	7.286E-4	4.313E-2
3.954	5.846E-4	4.248E-2
3.962	3.438E-4	4.167E-2
3.970	7.091E-5	4.080E-2
3.979	-2.808E-4	3.997E-2
3.987	-6.392E-4	3.925E-2
3.996	-9.924E-4	3.879E-2
4.004	-1.285E-3	3.858E-2
4.012	-1.464E-3	3.870E-2
4.021	-1.538E-3	3.912E-2
4.029	-1.519E-3	3.977E-2
4.037	-1.319E-3	4.058E-2
4.046	-1.038E-3	4.141E-2
4.054	-6.761E-4	4.220E-2
4.063	-2.697E-4	4.287E-2
4.071	1.149E-4	4.332E-2
4.079	5.117E-4	4.352E-2
4.088	8.020E-4	4.343E-2
4.096	9.864E-4	4.305E-2
4.104	1.010E-3	4.248E-2
4.113	8.452E-4	4.172E-2
4.121	5.573E-4	4.092E-2
4.130	1.558E-4	4.011E-2
4.138	-3.084E-4	3.945E-2
4.146	-7.870E-4	3.900E-2
4.155	-1.214E-3	3.880E-2
4.163	-1.570E-3	3.887E-2
4.171	-1.786E-3	3.923E-2
4.180	-1.824E-3	3.980E-2
4.188	-1.756E-3	4.051E-2
4.197	-1.530E-3	4.128E-2
4.205	-1.141E-3	4.199E-2
4.213	-6.603E-4	4.262E-2
4.222	-1.396E-4	4.307E-2
4.230	3.616E-4	4.328E-2
4.239	8.176E-4	4.324E-2
4.247	1.168E-3	4.292E-2
4.255	1.323E-3	4.240E-2
4.264	1.276E-3	4.174E-2
4.272	1.043E-3	4.102E-2
4.280	6.111E-4	4.031E-2
4.289	9.065E-5	3.971E-2
4.297	-4.732E-4	3.927E-2
4.306	-1.065E-3	3.906E-2
4.314	-1.562E-3	3.907E-2
4.322	-1.952E-3	3.935E-2
4.331	-2.142E-3	3.985E-2
4.339	-2.165E-3	4.045E-2
4.347	-2.004E-3	4.111E-2
4.356	-1.617E-3	4.174E-2
4.364	-1.097E-3	4.229E-2
4.373	-5.135E-4	4.269E-2
4.381	1.096E-4	4.289E-2
4.389	7.326E-4	4.290E-2
4.398	1.238E-3	4.264E-2
4.406	1.519E-3	4.222E-2
4.414	1.627E-3	4.168E-2
4.423	1.486E-3	4.108E-2
4.431	1.060E-3	4.046E-2
4.440	4.991E-4	3.992E-2
4.448	-1.612E-4	3.954E-2
4.456	-8.522E-4	3.936E-2
4.465	-1.485E-3	3.940E-2
4.473	-1.987E-3	3.959E-2
4.481	-2.305E-3	3.997E-2
4.490	-2.407E-3	4.044E-2
4.498	-2.297E-3	4.099E-2
4.507	-1.971E-3	4.153E-2
4.515	-1.473E-3	4.199E-2
4.523	-8.355E-4	4.234E-2
4.532	-1.105E-4	4.253E-2
4.540	5.880E-4	4.250E-2
4.548	1.230E-3	4.232E-2
4.557	1.692E-3	4.198E-2
4.565	1.898E-3	4.157E-2
4.574	1.804E-3	4.108E-2
4.582	1.457E-3	4.061E-2
4.590	8.564E-4	4.019E-2
4.599	1.047E-4	3.989E-2
4.607	-6.490E-4	3.972E-2
4.615	-1.385E-3	3.970E-2
4.624	-1.987E-3	3.984E-2
4.632	-2.430E-3	4.012E-2
4.641	-2.642E-3	4.047E-2
4.649	-2.644E-3	4.091E-2
4.657	-2.327E-3	4.129E-2
4.666	-1.864E-3	4.165E-2
4.674	-1.242E-3	4.193E-2
4.682	-4.404E-4	4.208E-2
4.691	3.565E-4	4.205E-2
4.699	1.087E-3	4.196E-2
4.708	1.661E-3	4.175E-2
4.716	1.972E-3	4.148E-2
4.724	1.978E-3	4.114E-2
4.733	1.688E-3	4.081E-2
4.741	1.140E-3	4.054E-2
4.749	3.373E-4	4.033E-2
4.758	-4.744E-4	4.019E-2
4.766	-1.310E-3	4.016E-2
4.775	-2.002E-3	4.022E-2
4.783	-2.500E-3	4.037E-2
4.791	-2.752E-3	4.059E-2
4.800	-2.743E-3	4.083E-2
4.808	-2.564E-3	4.108E-2
4.816	-2.150E-3	4.131E-2
4.825	-1.518E-3	4.149E-2
4.833	-7.296E-4	4.159E-2
4.842	1.137E-4	4.159E-2
4.850	9.420E-4	4.155E-2
4.858	1.616E-3	4.145E-2
4.867	1.999E-3	4.130E-2
4.875	2.123E-3	4.110E-2
4.883	1.918E-3	4.096E-2
4.892	1.419E-3	4.082E-2
4.900	6.561E-4	4.070E-2
4.909	-1.906E-4	4.064E-2
4.917	-1.043E-3	4.060E-2
4.925	-1.803E-3	4.061E-2
4.934	-2.412E-3	4.067E-2
4.942	-2.759E-3	4.076E-2
4.951	-2.898E-3	4.085E-2
4.959	-2.711E-3	4.096E-2
4.967	-2.311E-3	4.106E-2
4.976	-1.696E-3	4.110E-2
4.984	-9.107E-4	4.113E-2
4.992	-6.443E-5	4.112E-2
5.001	7.724E-4	4.111E-2
5.009	1.493E-3	4.110E-2
5.018	1.977E-3	4.108E-2
5.026	2.188E-3	4.107E-2
5.034	2.060E-3	4.106E-2
5.043	1.576E-3	4.106E-2
5.051	8.846E-4	4.106E-2
5.059	3.913E-5	4.106E-2
5.068	-8.284E-4	4.105E-2
5.076	-1.627E-3	4.103E-2
5.085	-2.285E-3	4.100E-2
5.093	-2.703E-3	4.095E-2
5.101	-2.910E-3	4.092E-2
5.110	-2.800E-3	4.082E-2
5.118	-2.491E-3	4.077E-2
5.126	-1.942E-3	4.074E-2
5.135	-1.221E-3	4.076E-2
5.143	-3.881E-4	4.078E-2
5.152	4.570E-4	4.083E-2
5.160	1.214E-3	4.088E-2
5.168	1.768E-3	4.101E-2
5.177	2.090E-3	4.114E-2
5.185	2.053E-3	4.129E-2
5.193	1.679E-3	4.141E-2
5.202	1.060E-3	4.155E-2
5.210	2.766E-4	4.159E-2
5.219	-5.580E-4	4.157E-2
5.227	-1.366E-3	4.152E-2
5.235	-2.011E-3	4.138E-2
5.244	-2.482E-3	4.118E-2
5.252	-2.713E-3	4.100E-2
5.260	-2.702E-3	4.079E-2
5.269	-2.454E-3	4.060E-2
5.277	-1.982E-3	4.041E-2
5.286	-1.336E-3	4.034E-2
5.294	-5.555E-4	4.032E-2
5.302	2.498E-4	4.039E-2
5.311	1.008E-3	4.058E-2
5.319	1.617E-3	4.081E-2
5.327	1.931E-3	4.108E-2
5.336	1.970E-3	4.136E-2
5.344	1.717E-3	4.164E-2
5.353	1.232E-3	4.189E-2
5.361	5.263E-4	4.203E-2
5.369	-2.396E-4	4.203E-2
5.378	-1.034E-3	4.197E-2
5.386	-1.725E-3	4.177E-2
5.394	-2.234E-3	4.149E-2
5.403	-2.496E-3	4.111E-2
5.411	-2.574E-3	4.075E-2
5.420	-2.444E-3	4.040E-2
5.428	-2.036E-3	4.012E-2
5.436	-1.491E-3	3.994E-2
5.445	-8.034E-4	3.990E-2
5.453	-6.923E-5	3.998E-2
5.461	6.281E-4	4.019E-2
5.470	1.221E-3	4.053E-2
5.478	1.652E-3	4.095E-2
5.487	1.759E-3	4.140E-2
5.495	1.653E-3	4.183E-2
5.503	1.257E-3	4.217E-2
5.512	6.638E-4	4.241E-2
5.520	-2.812E-5	4.247E-2
5.528	-7.507E-4	4.237E-2
5.537	-1.399E-3	4.213E-2
5.545	-1.939E-3	4.176E-2
5.554	-2.268E-3	4.128E-2
5.562	-2.409E-3	4.077E-2
5.570	-2.301E-3	4.031E-2
5.579	-2.012E-3	3.992E-2
5.587	-1.547E-3	3.968E-2
5.596	-9.723E-4	3.961E-2
5.604	-3.522E-4	3.969E-2
5.612	2.983E-4	3.995E-2
5.621	8.586E-4	4.037E-2
5.629	1.251E-3	4.088E-2
5.637	1.466E-3	4.143E-2
5.646	1.459E-3	4.197E-2
5.654	1.215E-3	4.242E-2
5.663	7.743E-4	4.272E-2
5.671	2.130E-4	4.281E-2
5.679	-4.066E-4	4.272E-2
5.688	-9.915E-4	4.243E-2
5.696	-1.513E-3	4.197E-2
5.704	-1.829E-3	4.140E-2
5.713	-2.002E-3	4.081E-2
5.721	-2.003E-3	4.020E-2
5.730	-1.834E-3	3.970E-2
5.738	-1.517E-3	3.937E-2
5.746	-1.052E-3	3.925E-2
5.755	-5.463E-4	3.932E-2
5.763	-9.557E-6	3.966E-2
5.771	4.828E-4	4.014E-2
5.780	8.855E-4	4.076E-2
5.788	1.130E-3	4.145E-2
5.797	1.195E-3	4.205E-2
5.805	1.060E-3	4.256E-2
5.813	7.788E-4	4.295E-2
5.822	3.478E-4	4.309E-2
5.830	-1.284E-4	4.302E-2
5.838	-6.177E-4	4.271E-2
5.847	-1.054E-3	4.220E-2
5.855	-1.407E-3	4.156E-2
5.864	-1.663E-3	4.084E-2
5.872	-1.777E-3	4.017E-2
5.880	-1.732E-3	3.958E-2
5.889	-1.540E-3	3.920E-2
5.897	-1.199E-3	3.902E-2
5.905	-8.320E-4	3.907E-2
5.914	-4.036E-4	3.940E-2
5.922	4.865E-5	3.992E-2
5.931	4.157E-4	4.059E-2
5.939	7.164E-4	4.133E-2
5.947	8.294E-4	4.202E-2
5.956	8.229E-4	4.261E-2
5.964	7.345E-4	4.304E-2
5.972	4.869E-4	4.324E-2
5.981	1.306E-4	4.316E-2
5.989	-2.130E-4	4.282E-2
5.998	-6.017E-4	4.231E-2
6.006	-9.092E-4	4.163E-2
6.014	-1.139E-3	4.085E-2
6.023	-1.307E-3	4.009E-2
6.031	-1.350E-3	3.946E-2
6.039	-1.288E-3	3.902E-2
6.048	-1.124E-3	3.881E-2
6.056	-8.770E-4	3.886E-2
6.065	-5.893E-4	3.920E-2
6.073	-2.643E-4	3.973E-2
6.081	4.698E-5	4.042E-2
6.090	3.276E-4	4.120E-2
6.098	5.408E-4	4.197E-2
6.106	6.294E-4	4.261E-2
6.115	6.177E-4	4.309E-2
6.123	5.550E-4	4.334E-2
6.132	3.666E-4	4.335E-2
6.140	1.161E-4	4.299E-2
6.148	-1.435E-4	4.244E-2
6.157	-4.247E-4	4.173E-2
6.165	-6.912E-4	4.098E-2
6.173	-8.976E-4	4.022E-2
6.182	-1.028E-3	3.952E-2
6.190	-1.094E-3	3.901E-2
6.199	-1.092E-3	3.876E-2
6.207	-1.022E-3	3.878E-2
6.215	-8.815E-4	3.907E-2
6.224	-6.559E-4	3.957E-2
6.232	-4.051E-4	4.031E-2
6.240	-1.278E-4	4.110E-2
6.249	1.074E-4	4.188E-2
6.257	3.223E-4	4.257E-2
6.266	4.624E-4	4.308E-2
6.274	5.396E-4	4.336E-2
6.282	5.375E-4	4.337E-2
6.291	4.201E-4	4.307E-2
6.299	2.615E-4	4.257E-2
6.308	4.463E-5	4.187E-2
6.316	-1.819E-4	4.113E-2
6.324	-4.457E-4	4.032E-2
6.333	-6.754E-4	3.964E-2
6.341	-8.848E-4	3.912E-2
6.349	-1.001E-3	3.886E-2
6.358	-1.101E-3	3.889E-2
6.366	-1.085E-3	3.919E-2
6.375	-9.867E-4	3.968E-2
6.383	-8.421E-4	4.033E-2
6.391	-6.109E-4	4.110E-2
6.400	-3.363E-4	4.188E-2
6.408	-7.093E-5	4.256E-2
6.416	1.870E-4	4.308E-2
6.425	3.861E-4	4.338E-2
6.433	5.553E-4	4.338E-2
6.442	5.979E-4	4.313E-2
6.450	5.826E-4	4.265E-2
6.458	4.426E-4	4.198E-2
6.467	1.799E-4	4.123E-2
6.475	-1.231E-4	4.048E-2
6.483	-4.118E-4	3.983E-2
6.492	-7.653E-4	3.931E-2
6.500	-1.058E-3	3.901E-2
6.509	-1.290E-3	3.898E-2
6.517	-1.385E-3	3.921E-2
6.525	-1.418E-3	3.967E-2
6.534	-1.349E-3	4.029E-2
6.542	-1.120E-3	4.102E-2
6.550	-8.393E-4	4.175E-2
6.559	-5.138E-4	4.241E-2
6.567	-1.457E-4	4.290E-2
6.576	2.264E-4	4.317E-2
6.584	5.297E-4	4.320E-2
6.592	7.771E-4	4.297E-2
6.601	8.442E-4	4.253E-2
6.609	8.191E-4	4.191E-2
6.617	6.178E-4	4.122E-2
6.626	3.197E-4	4.053E-2
6.634	-6.577E-5	3.992E-2
6.643	-4.877E-4	3.940E-2
6.651	-9.195E-4	3.913E-2
6.659	-1.299E-3	3.912E-2
6.668	-1.554E-3	3.931E-2
6.676	-1.718E-3	3.969E-2
6.684	-1.730E-3	4.024E-2
6.693	-1.581E-3	4.091E-2
6.701	-1.301E-3	4.156E-2
6.710	-9.108E-4	4.216E-2
6.718	-4.407E-4	4.264E-2
6.726	4.608E-5	4.292E-2
6.735	5.152E-4	4.297E-2
6.743	8.819E-4	4.277E-2
6.751	1.098E-3	4.240E-2
6.760	1.173E-3	4.189E-2
6.768	1.067E-3	4.127E-2
6.777	7.913E-4	4.064E-2
6.785	3.476E-4	4.008E-2
6.793	-1.449E-4	3.965E-2
6.802	-6.624E-4	3.938E-2
6.810	-1.152E-3	3.933E-2
6.818	-1.550E-3	3.949E-2
6.827	-1.821E-3	3.982E-2
6.835	-1.930E-3	4.030E-2
6.844	-1.891E-3	4.086E-2
6.852	-1.683E-3	4.143E-2
6.860	-1.297E-3	4.197E-2
6.869	-7.906E-4	4.239E-2
6.877	-2.136E-4	4.266E-2
6.885	3.527E-4	4.272E-2
6.894	8.382E-4	4.261E-2
6.902	1.231E-3	4.232E-2
6.911	1.437E-3	4.185E-2
6.919	1.443E-3	4.132E-2
6.927	1.195E-3	4.080E-2
6.936	7.584E-4	4.033E-2
6.944	2.010E-4	3.994E-2
6.952	-4.363E-4	3.969E-2
6.961	-1.039E-3	3.964E-2
6.969	-1.568E-3	3.973E-2
6.978	-1.955E-3	3.995E-2
6.986	-2.179E-3	4.034E-2
6.994	-2.194E-3	4.080E-2
7.003	-1.989E-3	4.127E-2
7.011	-1.615E-3	4.171E-2
7.020	-1.075E-3	4.205E-2
7.028	-4.355E-4	4.225E-2
7.036	2.226E-4	4.230E-2
7.045	8.097E-4	4.223E-2
7.053	1.284E-3	4.200E-2
7.061	1.580E-3	4.168E-2
7.070	1.649E-3	4.129E-2
7.078	1.469E-3	4.087E-2
7.087	1.036E-3	4.050E-2
7.095	4.435E-4	4.020E-2
7.103	-2.538E-4	3.999E-2
7.112	-9.726E-4	3.992E-2
7.120	-1.588E-3	3.993E-2
7.128	-2.042E-3	4.013E-2
7.137	-2.344E-3	4.039E-2
7.145	-2.449E-3	4.075E-2
7.154	-2.292E-3	4.109E-2
7.162	-1.961E-3	4.141E-2
7.170	-1.441E-3	4.171E-2
7.179	-7.797E-4	4.187E-2
7.187	-8.541E-5	4.197E-2
7.195	6.020E-4	4.196E-2
7.204	1.208E-3	4.180E-2
7.212	1.643E-3	4.156E-2
7.221	1.774E-3	4.130E-2
7.229	1.680E-3	4.103E-2
7.237	1.277E-3	4.079E-2
7.246	6.855E-4	4.057E-2
7.254	-6.443E-5	4.043E-2
7.262	-8.053E-4	4.036E-2
7.271	-1.511E-3	4.037E-2
7.279	-2.043E-3	4.050E-2
7.288	-2.423E-3	4.068E-2
7.296	-2.537E-3	4.084E-2
7.304	-2.462E-3	4.106E-2
7.313	-2.176E-3	4.125E-2
7.321	-1.683E-3	4.142E-2
7.329	-1.031E-3	4.155E-2
7.338	-2.985E-4	4.157E-2
7.346	4.395E-4	4.155E-2
7.355	1.089E-3	4.150E-2
7.363	1.580E-3	4.138E-2
7.371	1.794E-3	4.125E-2
7.380	1.724E-3	4.111E-2
7.388	1.418E-3	4.098E-2
7.396	8.624E-4	4.087E-2
7.405	1.270E-4	4.082E-2
7.413	-6.290E-4	4.079E-2
7.422	-1.358E-3	4.080E-2
7.430	-1.978E-3	4.081E-2
7.438	-2.415E-3	4.086E-2
7.447	-2.637E-3	4.090E-2
7.455	-2.640E-3	4.096E-2
7.463	-2.390E-3	4.106E-2
7.472	-1.947E-3	4.108E-2
7.480	-1.305E-3	4.110E-2
7.489	-5.583E-4	4.112E-2
7.497	2.217E-4	4.110E-2
7.505	8.930E-4	4.109E-2
7.514	1.430E-3	4.109E-2
7.522	1.747E-3	4.108E-2
7.530	1.779E-3	4.108E-2
7.539	1.511E-3	4.108E-2
7.547	1.009E-3	4.109E-2
7.556	3.244E-4	4.109E-2
7.564	-4.069E-4	4.108E-2
7.572	-1.135E-3	4.107E-2
7.581	-1.795E-3	4.107E-2
7.589	-2.267E-3	4.101E-2
7.597	-2.512E-3	4.093E-2
7.606	-2.548E-3	4.083E-2
7.614	-2.372E-3	4.078E-2
7.623	-1.992E-3	4.072E-2
7.631	-1.418E-3	4.070E-2
7.639	-6.886E-4	4.064E-2
7.648	6.872E-5	4.064E-2
7.656	7.861E-4	4.072E-2
7.664	1.371E-3	4.084E-2
7.673	1.715E-3	4.098E-2
7.681	1.820E-3	4.112E-2
7.690	1.661E-3	4.128E-2
7.698	1.231E-3	4.140E-2
7.706	5.911E-4	4.149E-2
7.715	-1.198E-4	4.153E-2
7.723	-8.619E-4	4.150E-2
7.732	-1.516E-3	4.141E-2
7.740	-2.027E-3	4.129E-2
7.748	-2.369E-3	4.108E-2
7.757	-2.469E-3	4.084E-2
7.765	-2.376E-3	4.063E-2
7.773	-2.038E-3	4.044E-2
7.782	-1.533E-3	4.033E-2
7.790	-8.770E-4	4.028E-2
7.799	-1.572E-4	4.032E-2
7.807	5.342E-4	4.042E-2
7.815	1.160E-3	4.060E-2
7.824	1.549E-3	4.084E-2
7.832	1.729E-3	4.112E-2
7.840	1.643E-3	4.141E-2
7.849	1.297E-3	4.169E-2
7.857	7.708E-4	4.186E-2
7.866	1.188E-4	4.193E-2
7.874	-5.806E-4	4.193E-2
7.882	-1.238E-3	4.179E-2
7.891	-1.767E-3	4.154E-2
7.899	-2.140E-3	4.125E-2
7.907	-2.288E-3	4.090E-2
7.916	-2.234E-3	4.056E-2
7.924	-1.987E-3	4.027E-2
7.933	-1.573E-3	4.007E-2
7.941	-1.007E-3	3.996E-2
7.949	-3.737E-4	3.996E-2
7.958	2.821E-4	4.013E-2
7.966	8.554E-4	4.037E-2
7.974	1.265E-3	4.074E-2
7.983	1.496E-3	4.114E-2
7.991	1.494E-3	4.154E-2
8.000	1.255E-3	4.190E-2
8.008	8.145E-4	4.218E-2
8.016	2.834E-4	4.229E-2
8.025	-3.462E-4	4.226E-2
8.033	-9.440E-4	4.209E-2
8.041	-1.499E-3	4.177E-2
8.050	-1.843E-3	4.135E-2
8.058	-2.027E-3	4.088E-2
8.067	-2.036E-3	4.042E-2
8.075	-1.901E-3	4.002E-2
8.083	-1.574E-3	3.974E-2
8.092	-1.100E-3	3.958E-2
8.100	-5.548E-4	3.962E-2
8.108	8.122E-6	3.981E-2
8.117	5.461E-4	4.015E-2
8.125	9.863E-4	4.059E-2
8.134	1.249E-3	4.108E-2
8.142	1.300E-3	4.159E-2
8.150	1.183E-3	4.202E-2
8.159	8.725E-4	4.239E-2
8.167	3.991E-4	4.255E-2
8.175	-1.167E-4	4.252E-2
8.184	-6.241E-4	4.234E-2
8.192	-1.080E-3	4.200E-2
8.201	-1.490E-3	4.153E-2
8.209	-1.733E-3	4.099E-2
8.217	-1.794E-3	4.044E-2
8.226	-1.741E-3	3.994E-2
8.234	-1.526E-3	3.957E-2
8.242	-1.171E-3	3.940E-2
8.251	-7.747E-4	3.941E-2
8.259	-3.197E-4	3.959E-2
8.268	1.291E-4	3.995E-2
8.276	5.371E-4	4.045E-2
8.284	8.033E-4	4.101E-2
8.293	9.882E-4	4.162E-2
8.301	9.706E-4	4.214E-2
8.309	7.914E-4	4.257E-2
8.318	4.894E-4	4.281E-2
8.326	9.760E-5	4.286E-2
8.335	-3.358E-4	4.269E-2
8.343	-7.398E-4	4.229E-2
8.351	-1.083E-3	4.175E-2
8.360	-1.344E-3	4.114E-2
8.368	-1.507E-3	4.048E-2
8.376	-1.516E-3	3.993E-2
8.385	-1.401E-3	3.949E-2
8.393	-1.218E-3	3.923E-2
8.402	-9.019E-4	3.922E-2
8.410	-5.544E-4	3.939E-2
8.418	-1.678E-4	3.977E-2
8.427	1.521E-4	4.029E-2
8.435	4.450E-4	4.095E-2
8.444	5.898E-4	4.162E-2
8.452	6.974E-4	4.220E-2
8.460	6.271E-4	4.267E-2
8.469	4.891E-4	4.295E-2
8.477	2.551E-4	4.297E-2
8.485	-5.462E-5	4.277E-2
8.494	-3.875E-4	4.238E-2
8.502	-6.772E-4	4.181E-2
8.511	-9.337E-4	4.116E-2
8.519	-1.103E-3	4.044E-2
8.527	-1.248E-3	3.983E-2
8.536	-1.262E-3	3.937E-2
8.544	-1.132E-3	3.907E-2
8.552	-9.923E-4	3.899E-2
8.561	-7.784E-4	3.917E-2
8.569	-5.189E-4	3.960E-2
8.578	-2.198E-4	4.018E-2
8.586	4.467E-5	4.082E-2
8.594	2.780E-4	4.151E-2
8.603	3.933E-4	4.216E-2
8.611	4.709E-4	4.268E-2
8.619	5.013E-4	4.298E-2
8.628	3.695E-4	4.304E-2
8.636	1.943E-4	4.291E-2
8.645	-5.504E-5	4.252E-2
8.653	-3.141E-4	4.194E-2
8.661	-5.622E-4	4.127E-2
8.670	-7.924E-4	4.056E-2
8.678	-9.605E-4	3.991E-2
8.686	-1.081E-3	3.940E-2
8.695	-1.084E-3	3.906E-2
8.703	-1.078E-3	3.898E-2
8.712	-9.924E-4	3.916E-2
8.720	-8.472E-4	3.952E-2
8.728	-6.216E-4	4.008E-2
8.737	-3.891E-4	4.076E-2
8.745	-1.524E-4	4.147E-2
8.753	5.983E-5	4.214E-2
8.762	2.424E-4	4.267E-2
8.770	3.496E-4	4.300E-2
8.779	3.912E-4	4.308E-2
8.787	3.441E-4	4.296E-2
8.795	2.846E-4	4.259E-2
8.804	1.088E-4	4.207E-2
8.812	-1.120E-4	4.137E-2
8.820	-3.522E-4	4.064E-2
8.829	-5.825E-4	3.997E-2
8.837	-8.049E-4	3.943E-2
8.846	-9.776E-4	3.911E-2
8.854	-1.072E-3	3.902E-2
8.862	-1.086E-3	3.914E-2
8.871	-1.076E-3	3.950E-2
8.879	-9.931E-4	4.003E-2
8.887	-8.216E-4	4.071E-2
8.896	-5.919E-4	4.141E-2
8.904	-3.546E-4	4.207E-2
8.913	-9.417E-5	4.259E-2
8.921	1.306E-4	4.295E-2
8.929	3.251E-4	4.305E-2
8.938	4.698E-4	4.296E-2
8.946	5.360E-4	4.262E-2
8.954	4.851E-4	4.213E-2
8.963	3.242E-4	4.149E-2
8.971	9.358E-5	4.080E-2
8.980	-1.610E-4	4.016E-2
8.988	-4.632E-4	3.963E-2
8.996	-7.555E-4	3.928E-2
9.005	-1.020E-3	3.916E-2
9.013	-1.211E-3	3.926E-2
9.021	-1.307E-3	3.956E-2
9.030	-1.299E-3	4.011E-2
9.038	-1.151E-3	4.071E-2
9.047	-9.383E-4	4.136E-2
9.055	-6.644E-4	4.197E-2
9.063	-3.565E-4	4.247E-2
9.072	9.048E-6	4.280E-2
9.080	3.427E-4	4.296E-2
9.089	5.827E-4	4.287E-2
9.097	7.763E-4	4.258E-2
9.105	8.120E-4	4.214E-2
9.114	7.275E-4	4.156E-2
9.122	5.171E-4	4.091E-2
9.130	2.080E-4	4.030E-2
9.139	-1.690E-4	3.981E-2
9.147	-5.766E-4	3.949E-2
9.156	-9.165E-4	3.936E-2
9.164	-1.249E-3	3.943E-2
9.172	-1.479E-3	3.971E-2
9.181	-1.545E-3	4.013E-2
9.189	-1.509E-3	4.068E-2
9.197	-1.318E-3	4.126E-2
9.206	-1.029E-3	4.180E-2
9.214	-6.404E-4	4.226E-2
9.223	-2.039E-4	4.260E-2
9.231	2.347E-4	4.273E-2
9.239	6.254E-4	4.268E-2
9.248	9.021E-4	4.244E-2
9.256	1.037E-3	4.202E-2
9.264	1.030E-3	4.152E-2
9.273	8.404E-4	4.096E-2
9.281	5.420E-4	4.044E-2
9.290	9.597E-5	3.997E-2
9.298	-3.801E-4	3.967E-2
9.306	-8.458E-4	3.951E-2
9.315	-1.277E-3	3.952E-2
9.323	-1.583E-3	3.973E-2
9.331	-1.755E-3	4.010E-2
9.340	-1.757E-3	4.058E-2
9.348	-1.667E-3	4.108E-2
9.357	-1.384E-3	4.156E-2
9.365	-9.751E-4	4.197E-2
9.373	-4.925E-4	4.226E-2
9.382	1.699E-5	4.241E-2
9.390	5.215E-4	4.242E-2
9.398	9.569E-4	4.220E-2
9.407	1.229E-3	4.186E-2
9.415	1.294E-3	4.149E-2
9.424	1.184E-3	4.103E-2
9.432	8.770E-4	4.058E-2
9.440	3.786E-4	4.019E-2
9.449	-1.537E-4	3.993E-2
9.457	-7.018E-4	3.979E-2
9.465	-1.269E-3	3.985E-2
9.474	-1.687E-3	4.002E-2
9.482	-1.979E-3	4.034E-2
9.491	-2.037E-3	4.071E-2
9.499	-1.980E-3	4.113E-2
9.507	-1.720E-3	4.151E-2
9.516	-1.304E-3	4.183E-2
9.524	-7.841E-4	4.205E-2
9.532	-1.829E-4	4.217E-2
9.541	3.861E-4	4.219E-2
9.549	9.073E-4	4.204E-2
9.558	1.242E-3	4.179E-2
9.566	1.446E-3	4.147E-2
9.574	1.400E-3	4.111E-2
9.583	1.112E-3	4.077E-2
9.591	6.203E-4	4.048E-2
9.599	4.935E-5	4.029E-2
9.608	-5.894E-4	4.019E-2
9.616	-1.167E-3	4.018E-2
9.625	-1.715E-3	4.029E-2
9.633	-2.041E-3	4.049E-2
9.641	-2.228E-3	4.079E-2
9.650	-2.220E-3	4.107E-2
9.658	-1.969E-3	4.135E-2
9.666	-1.559E-3	4.158E-2
9.675	-1.027E-3	4.175E-2
9.683	-3.899E-4	4.184E-2
9.692	2.667E-4	4.181E-2
9.700	8.475E-4	4.174E-2
9.708	1.284E-3	4.158E-2
9.717	1.513E-3	4.134E-2
9.725	1.515E-3	4.110E-2
9.733	1.281E-3	4.086E-2
9.742	8.348E-4	4.066E-2
9.750	2.483E-4	4.053E-2
9.759	-4.023E-4	4.044E-2
9.767	-1.051E-3	4.041E-2
9.775	-1.610E-3	4.045E-2
9.784	-2.015E-3	4.057E-2
9.792	-2.245E-3	4.074E-2
9.801	-2.239E-3	4.089E-2
9.809	-2.078E-3	4.106E-2
9.817	-1.714E-3	4.123E-2
9.826	-1.207E-3	4.132E-2
9.834	-5.765E-4	4.136E-2
9.842	9.588E-5	4.136E-2
9.851	7.475E-4	4.134E-2
9.859	1.261E-3	4.126E-2
9.868	1.573E-3	4.115E-2
9.876	1.676E-3	4.103E-2
9.884	1.494E-3	4.094E-2
9.893	1.075E-3	4.087E-2
9.901	4.906E-4	4.082E-2
9.909	-1.664E-4	4.079E-2
9.918	-8.466E-4	4.079E-2
9.926	-1.482E-3	4.081E-2
9.935	-1.966E-3	4.083E-2
9.943	-2.247E-3	4.086E-2
9.951	-2.330E-3	4.086E-2
9.960	-2.230E-3	4.092E-2
9.968	-1.918E-3	4.096E-2
9.976	-1.427E-3	4.102E-2
9.985	-8.171E-4	4.104E-2
9.993	-1.339E-4	4.105E-2
10.002	5.273E-4	4.105E-2
10.010	1.106E-3	4.106E-2
10.018	1.471E-3	4.107E-2
10.027	1.655E-3	4.108E-2
10.035	1.523E-3	4.110E-2
10.043	1.202E-3	4.110E-2
10.052	6.523E-4	4.109E-2
10.060	-1.936E-5	4.109E-2
10.069	-7.150E-4	4.110E-2
10.077	-1.364E-3	4.108E-2
10.085	-1.853E-3	4.105E-2
10.094	-2.205E-3	4.100E-2
10.102	-2.318E-3	4.090E-2
10.110	-2.231E-3	4.081E-2
10.119	-1.975E-3	4.076E-2
10.127	-1.526E-3	4.071E-2
10.136	-9.329E-4	4.072E-2
10.144	-3.189E-4	4.074E-2
10.152	3.335E-4	4.081E-2
10.161	9.452E-4	4.086E-2
10.169	1.399E-3	4.099E-2
10.177	1.609E-3	4.112E-2
10.186	1.527E-3	4.127E-2
10.194	1.252E-3	4.141E-2
10.203	7.846E-4	4.155E-2
10.211	1.663E-4	4.159E-2
10.219	-4.965E-4	4.157E-2
10.228	-1.125E-3	4.152E-2
10.236	-1.656E-3	4.139E-2
10.244	-2.033E-3	4.122E-2
10.253	-2.235E-3	4.105E-2
10.261	-2.227E-3	4.083E-2
10.270	-2.000E-3	4.063E-2
10.278	-1.607E-3	4.046E-2
10.286	-1.059E-3	4.037E-2
10.295	-4.569E-4	4.036E-2
10.303	1.759E-4	4.040E-2
10.311	7.568E-4	4.057E-2
10.320	1.211E-3	4.080E-2
10.328	1.475E-3	4.105E-2
10.337	1.502E-3	4.130E-2
10.345	1.283E-3	4.155E-2
10.353	8.737E-4	4.175E-2
10.362	3.289E-4	4.186E-2
10.370	-2.690E-4	4.183E-2
10.378	-8.695E-4	4.177E-2
10.387	-1.381E-3	4.158E-2
10.395	-1.764E-3	4.132E-2
10.404	-1.988E-3	4.102E-2
10.412	-2.026E-3	4.072E-2
10.420	-1.925E-3	4.042E-2
10.429	-1.600E-3	4.015E-2
10.437	-1.131E-3	4.001E-2
10.445	-5.946E-4	4.002E-2
10.454	-4.156E-5	4.012E-2
10.462	4.964E-4	4.032E-2
10.471	9.596E-4	4.062E-2
10.479	1.263E-3	4.099E-2
10.487	1.326E-3	4.136E-2
10.496	1.227E-3	4.171E-2
10.504	9.242E-4	4.199E-2
10.513	4.395E-4	4.219E-2
10.521	-1.116E-4	4.222E-2
10.529	-6.274E-4	4.217E-2
10.538	-1.095E-3	4.194E-2
10.546	-1.512E-3	4.162E-2
10.554	-1.764E-3	4.120E-2
10.563	-1.858E-3	4.080E-2
10.571	-1.807E-3	4.039E-2
10.580	-1.570E-3	4.006E-2
10.588	-1.231E-3	3.989E-2
10.596	-7.862E-4	3.984E-2
10.605	-3.127E-4	3.991E-2
10.613	1.680E-4	4.015E-2
10.621	5.719E-4	4.049E-2
10.630	8.884E-4	4.097E-2
10.638	1.011E-3	4.146E-2
10.647	9.958E-4	4.190E-2
10.655	7.975E-4	4.225E-2
10.663	4.888E-4	4.249E-2
10.672	7.392E-5	4.255E-2
10.680	-3.831E-4	4.246E-2
10.688	-8.233E-4	4.219E-2
10.697	-1.191E-3	4.180E-2
10.705	-1.498E-3	4.132E-2
10.714	-1.613E-3	4.081E-2
10.722	-1.594E-3	4.033E-2
10.730	-1.491E-3	3.992E-2
10.739	-1.246E-3	3.966E-2
10.747	-8.812E-4	3.958E-2
10.755	-4.583E-4	3.968E-2
10.764	-6.035E-5	3.992E-2
10.772	3.198E-4	4.034E-2
10.781	5.894E-4	4.085E-2
10.789	7.961E-4	4.137E-2
10.797	8.177E-4	4.187E-2
10.806	7.622E-4	4.230E-2
10.814	5.425E-4	4.259E-2
10.822	2.316E-4	4.272E-2
10.831	-1.502E-4	4.264E-2
10.839	-5.257E-4	4.236E-2
10.848	-8.571E-4	4.196E-2
10.856	-1.089E-3	4.144E-2
10.864	-1.300E-3	4.086E-2
10.873	-1.341E-3	4.032E-2
10.881	-1.322E-3	3.985E-2
10.889	-1.135E-3	3.954E-2
10.898	-8.951E-4	3.941E-2
10.906	-5.948E-4	3.947E-2
10.915	-3.119E-4	3.974E-2
10.923	1.158E-5	4.016E-2
10.931	2.980E-4	4.073E-2
10.940	5.138E-4	4.132E-2
10.948	6.163E-4	4.189E-2
10.956	6.025E-4	4.237E-2
10.965	5.293E-4	4.271E-2
10.973	3.378E-4	4.285E-2
10.982	1.007E-4	4.280E-2
10.990	-1.661E-4	4.253E-2
10.998	-4.356E-4	4.206E-2
11.007	-6.724E-4	4.148E-2
11.015	-8.628E-4	4.089E-2
11.023	-9.776E-4	4.029E-2
11.032	-1.043E-3	3.979E-2
11.040	-1.040E-3	3.946E-2
11.049	-9.303E-4	3.929E-2
11.057	-7.988E-4	3.935E-2
11.065	-5.834E-4	3.964E-2
11.074	-3.558E-4	4.009E-2
11.082	-1.257E-4	4.066E-2
11.090	9.330E-5	4.128E-2
11.099	2.610E-4	4.189E-2
11.107	3.517E-4	4.241E-2
11.116	3.597E-4	4.276E-2
11.124	3.348E-4	4.292E-2
11.132	2.114E-4	4.287E-2
11.141	2.919E-5	4.262E-2
11.149	-1.359E-4	4.217E-2
11.157	-3.621E-4	4.159E-2
11.166	-5.812E-4	4.096E-2
11.174	-7.552E-4	4.037E-2
11.183	-8.632E-4	3.983E-2
11.191	-9.714E-4	3.947E-2
11.199	-9.993E-4	3.928E-2
11.208	-9.595E-4	3.929E-2
11.216	-8.618E-4	3.952E-2
11.225	-6.849E-4	3.994E-2
11.233	-5.132E-4	4.052E-2
11.241	-3.447E-4	4.118E-2
11.250	-1.343E-4	4.180E-2
11.258	6.505E-5	4.231E-2
11.266	1.827E-4	4.268E-2
11.275	2.733E-4	4.286E-2
11.283	2.981E-4	4.284E-2
11.292	2.706E-4	4.263E-2
11.300	1.513E-4	4.220E-2
11.308	6.986E-6	4.163E-2
11.317	-1.549E-4	4.102E-2
11.325	-3.732E-4	4.041E-2
11.333	-5.898E-4	3.989E-2
11.342	-7.834E-4	3.948E-2
11.350	-8.960E-4	3.928E-2
11.359	-1.003E-3	3.928E-2
11.367	-1.025E-3	3.949E-2
11.375	-9.847E-4	3.990E-2
11.384	-8.498E-4	4.042E-2
11.392	-6.560E-4	4.107E-2
11.400	-4.251E-4	4.167E-2
11.409	-1.726E-4	4.221E-2
11.417	6.467E-5	4.261E-2
11.426	2.647E-4	4.279E-2
11.434	3.801E-4	4.275E-2
11.442	4.983E-4	4.252E-2
11.451	5.090E-4	4.212E-2
11.459	3.854E-4	4.159E-2
11.467	2.145E-4	4.099E-2
11.476	-5.271E-5	4.041E-2
11.484	-3.446E-4	3.989E-2
11.493	-6.008E-4	3.951E-2
11.501	-8.412E-4	3.928E-2
11.509	-1.051E-3	3.927E-2
11.518	-1.143E-3	3.947E-2
11.526	-1.211E-3	3.985E-2
11.534	-1.138E-3	4.037E-2
11.543	-1.019E-3	4.094E-2
11.551	-8.030E-4	4.154E-2
11.560	-5.235E-4	4.204E-2
11.568	-1.870E-4	4.241E-2
11.576	9.995E-5	4.264E-2
11.585	3.501E-4	4.266E-2
11.593	5.616E-4	4.248E-2
11.601	6.570E-4	4.212E-2
11.610	6.255E-4	4.166E-2
11.618	5.079E-4	4.111E-2
11.627	2.802E-4	4.056E-2
11.635	-4.880E-5	4.008E-2
11.643	-3.978E-4	3.972E-2
11.652	-7.628E-4	3.950E-2
11.660	-1.072E-3	3.948E-2
11.668	-1.313E-3	3.965E-2
11.677	-1.453E-3	3.997E-2
11.685	-1.489E-3	4.039E-2
11.694	-1.363E-3	4.091E-2
11.702	-1.117E-3	4.142E-2
11.710	-8.263E-4	4.191E-2
11.719	-4.279E-4	4.227E-2
11.727	-3.999E-5	4.245E-2
11.735	3.083E-4	4.245E-2
11.744	6.063E-4	4.232E-2
11.752	8.211E-4	4.200E-2
11.761	8.695E-4	4.158E-2
11.769	7.955E-4	4.109E-2
11.777	5.564E-4	4.061E-2
11.786	2.463E-4	4.017E-2
11.794	-1.540E-4	3.986E-2
11.802	-6.071E-4	3.968E-2
11.811	-1.029E-3	3.967E-2
11.819	-1.354E-3	3.979E-2
11.828	-1.565E-3	4.009E-2
11.836	-1.670E-3	4.044E-2
11.844	-1.619E-3	4.087E-2
11.853	-1.428E-3	4.131E-2
11.861	-1.093E-3	4.172E-2
11.869	-6.655E-4	4.202E-2
11.878	-1.889E-4	4.220E-2
11.886	2.858E-4	4.223E-2
11.895	7.078E-4	4.213E-2
11.903	1.023E-3	4.191E-2
11.911	1.182E-3	4.157E-2
11.920	1.193E-3	4.115E-2
11.928	9.718E-4	4.076E-2
11.937	6.208E-4	4.041E-2
11.945	1.466E-4	4.013E-2
11.953	-3.770E-4	3.995E-2
11.962	-8.661E-4	3.993E-2
11.970	-1.294E-3	3.997E-2
11.978	-1.619E-3	4.018E-2
11.987	-1.766E-3	4.046E-2
11.995	-1.770E-3	4.081E-2
12.004	-1.602E-3	4.116E-2
12.012	-1.296E-3	4.148E-2
12.020	-8.472E-4	4.174E-2
12.029	-3.443E-4	4.190E-2
12.037	1.766E-4	4.196E-2
12.045	6.471E-4	4.190E-2
12.054	1.038E-3	4.174E-2
12.062	1.276E-3	4.150E-2
12.071	1.287E-3	4.121E-2
12.079	1.126E-3	4.090E-2
12.087	7.758E-4	4.061E-2
12.096	3.034E-4	4.039E-2
12.104	-2.443E-4	4.027E-2
12.112	-8.310E-4	4.023E-2
12.121	-1.330E-3	4.027E-2
12.129	-1.731E-3	4.044E-2
12.138	-1.972E-3	4.063E-2
12.146	-2.004E-3	4.085E-2
12.154	-1.909E-3	4.109E-2
12.163	-1.597E-3	4.132E-2
12.171	-1.149E-3	4.151E-2
12.179	-5.939E-4	4.161E-2
12.188	-2.576E-5	4.163E-2
12.196	5.215E-4	4.161E-2
12.205	9.957E-4	4.149E-2
12.213	1.288E-3	4.132E-2
12.221	1.426E-3	4.111E-2
12.230	1.298E-3	4.091E-2
12.238	9.885E-4	4.074E-2
12.246	5.089E-4	4.060E-2
12.255	-7.241E-5	4.055E-2
12.263	-6.563E-4	4.054E-2
12.272	-1.234E-3	4.056E-2
12.280	-1.696E-3	4.064E-2
12.288	-1.988E-3	4.078E-2
12.297	-2.080E-3	4.089E-2
12.305	-1.987E-3	4.105E-2
12.313	-1.744E-3	4.114E-2
12.322	-1.333E-3	4.126E-2
12.330	-7.706E-4	4.132E-2
12.339	-1.872E-4	4.132E-2
12.347	3.921E-4	4.131E-2
12.355	9.267E-4	4.127E-2
12.364	1.256E-3	4.121E-2
12.372	1.456E-3	4.111E-2
12.380	1.421E-3	4.104E-2
12.389	1.149E-3	4.098E-2
12.397	6.469E-4	4.091E-2
12.406	7.345E-5	4.086E-2
12.414	-5.487E-4	4.084E-2
12.422	-1.125E-3	4.084E-2
12.431	-1.599E-3	4.084E-2
12.439	-1.961E-3	4.087E-2
12.447	-2.107E-3	4.089E-2
12.456	-2.080E-3	4.091E-2
12.464	-1.868E-3	4.091E-2
12.473	-1.523E-3	4.090E-2
12.481	-1.010E-3	4.089E-2
12.489	-3.949E-4	4.089E-2
12.498	2.210E-4	4.089E-2
12.506	7.602E-4	4.089E-2
12.514	1.199E-3	4.088E-2
12.523	1.444E-3	4.091E-2
12.531	1.456E-3	4.089E-2
12.540	1.240E-3	4.093E-2
12.548	8.109E-4	4.095E-2
12.556	2.727E-4	4.102E-2
12.565	-3.304E-4	4.104E-2
12.573	-9.332E-4	4.104E-2
12.582	-1.494E-3	4.105E-2
12.590	-1.853E-3	4.096E-2
12.598	-2.033E-3	4.091E-2
12.607	-2.037E-3	4.082E-2
12.615	-1.895E-3	4.074E-2
12.623	-1.568E-3	4.067E-2
12.632	-1.085E-3	4.063E-2
12.640	-5.294E-4	4.061E-2
12.649	6.657E-5	4.061E-2
12.657	6.157E-4	4.066E-2
12.665	1.052E-3	4.077E-2
12.674	1.299E-3	4.089E-2
12.682	1.384E-3	4.103E-2
12.690	1.220E-3	4.121E-2
12.699	8.438E-4	4.132E-2
12.707	3.418E-4	4.140E-2
12.716	-2.031E-4	4.149E-2
12.724	-7.833E-4	4.147E-2
12.732	-1.315E-3	4.137E-2
12.741	-1.724E-3	4.125E-2
12.749	-1.982E-3	4.106E-2
12.757	-2.019E-3	4.086E-2
12.766	-1.937E-3	4.066E-2
12.774	-1.666E-3	4.048E-2
12.783	-1.269E-3	4.039E-2
12.791	-7.398E-4	4.036E-2
12.799	-1.736E-4	4.036E-2
12.808	3.529E-4	4.047E-2
12.816	8.064E-4	4.062E-2
12.824	1.117E-3	4.084E-2
12.833	1.220E-3	4.108E-2
12.841	1.171E-3	4.132E-2
12.850	8.825E-4	4.154E-2
12.858	4.304E-4	4.170E-2
12.866	-1.086E-4	4.176E-2
12.875	-6.276E-4	4.175E-2
12.883	-1.098E-3	4.162E-2
12.891	-1.523E-3	4.137E-2
12.900	-1.786E-3	4.110E-2
12.908	-1.900E-3	4.081E-2
12.917	-1.841E-3	4.054E-2
12.925	-1.607E-3	4.031E-2
12.933	-1.278E-3	4.013E-2
12.942	-8.204E-4	4.007E-2
12.950	-3.208E-4	4.009E-2
12.958	1.723E-4	4.025E-2
12.967	5.825E-4	4.052E-2
12.975	9.364E-4	4.083E-2
12.984	1.078E-3	4.116E-2
12.992	1.047E-3	4.151E-2
13.000	8.374E-4	4.179E-2
13.009	5.119E-4	4.200E-2
13.017	8.290E-5	4.207E-2
13.025	-3.793E-4	4.203E-2
13.034	-8.346E-4	4.188E-2
13.042	-1.251E-3	4.164E-2
13.051	-1.536E-3	4.132E-2
13.059	-1.697E-3	4.091E-2
13.067	-1.715E-3	4.054E-2
13.076	-1.553E-3	4.020E-2
13.084	-1.303E-3	3.995E-2
13.092	-8.959E-4	3.985E-2
13.101	-4.603E-4	3.987E-2
13.109	1.228E-6	4.005E-2
13.118	3.844E-4	4.035E-2
13.126	7.163E-4	4.072E-2
13.134	9.028E-4	4.114E-2
13.143	9.192E-4	4.155E-2
13.151	7.937E-4	4.192E-2
13.159	5.441E-4	4.222E-2
13.168	1.927E-4	4.234E-2
13.176	-1.891E-4	4.236E-2
13.185	-5.954E-4	4.220E-2
13.193	-9.304E-4	4.191E-2
13.201	-1.270E-3	4.152E-2
13.210	-1.448E-3	4.104E-2
13.218	-1.517E-3	4.058E-2
13.226	-1.457E-3	4.018E-2
13.235	-1.288E-3	3.989E-2
13.243	-1.018E-3	3.973E-2
13.252	-6.589E-4	3.971E-2
13.260	-3.033E-4	3.989E-2
13.268	4.807E-5	4.019E-2
13.277	3.304E-4	4.061E-2
13.285	5.438E-4	4.108E-2
13.294	6.321E-4	4.156E-2
13.302	5.778E-4	4.199E-2
13.310	4.776E-4	4.231E-2
13.319	2.629E-4	4.246E-2
13.327	-1.368E-5	4.246E-2
13.335	-3.763E-4	4.227E-2
13.344	-6.496E-4	4.195E-2
13.352	-9.052E-4	4.152E-2
13.361	-1.069E-3	4.100E-2
13.369	-1.196E-3	4.050E-2
13.377	-1.238E-3	4.008E-2
13.386	-1.108E-3	3.972E-2
13.394	-9.776E-4	3.952E-2
13.402	-7.602E-4	3.949E-2
13.411	-4.902E-4	3.967E-2
13.419	-2.037E-4	4.001E-2
13.428	5.474E-5	4.051E-2
13.436	2.805E-4	4.103E-2
13.444	3.842E-4	4.156E-2
13.453	4.440E-4	4.202E-2
13.461	3.582E-4	4.240E-2
13.469	2.663E-4	4.261E-2
13.478	9.041E-5	4.264E-2
13.486	-1.365E-4	4.248E-2
13.495	-3.728E-4	4.214E-2
13.503	-6.017E-4	4.168E-2
13.511	-8.140E-4	4.114E-2
13.520	-9.141E-4	4.057E-2
13.528	-1.008E-3	4.009E-2
13.536	-1.028E-3	3.971E-2
13.545	-9.713E-4	3.948E-2
13.553	-8.505E-4	3.946E-2
13.562	-6.542E-4	3.964E-2
13.570	-4.498E-4	3.996E-2
13.578	-2.243E-4	4.043E-2
13.587	-4.855E-5	4.097E-2
13.595	1.050E-4	4.153E-2
13.603	2.309E-4	4.202E-2
13.612	2.700E-4	4.243E-2
13.620	2.845E-4	4.266E-2
13.629	2.322E-4	4.268E-2
13.637	1.124E-4	4.252E-2
13.645	-6.078E-5	4.218E-2
13.654	-2.250E-4	4.172E-2
13.662	-3.918E-4	4.117E-2
13.670	-5.710E-4	4.061E-2
13.679	-7.159E-4	4.010E-2
13.687	-8.230E-4	3.971E-2
13.696	-8.554E-4	3.946E-2
13.704	-8.411E-4	3.943E-2
13.712	-8.035E-4	3.958E-2
13.721	-6.856E-4	3.993E-2
13.729	-5.478E-4	4.039E-2
13.737	-3.673E-4	4.091E-2
13.746	-1.782E-4	4.148E-2
13.754	-2.479E-5	4.199E-2
13.763	9.337E-5	4.240E-2
13.771	1.848E-4	4.266E-2
13.779	1.870E-4	4.270E-2
13.788	2.199E-4	4.256E-2
13.796	1.145E-4	4.226E-2
13.804	2.130E-5	4.178E-2
13.813	-1.394E-4	4.125E-2
13.821	-3.305E-4	4.068E-2
13.830	-5.089E-4	4.014E-2
13.838	-6.741E-4	3.973E-2
13.846	-8.336E-4	3.948E-2
13.855	-8.911E-4	3.943E-2
13.863	-9.425E-4	3.954E-2
13.871	-9.623E-4	3.984E-2
13.880	-8.650E-4	4.032E-2
13.888	-7.628E-4	4.086E-2
13.897	-5.939E-4	4.139E-2
13.905	-3.810E-4	4.187E-2
13.913	-1.474E-4	4.229E-2
13.922	6.038E-5	4.252E-2
13.930	2.543E-4	4.256E-2
13.938	3.427E-4	4.247E-2
13.947	3.615E-4	4.219E-2
13.955	3.261E-4	4.177E-2
13.964	2.206E-4	4.125E-2
13.972	2.644E-5	4.073E-2
13.980	-1.846E-4	4.022E-2
13.989	-4.165E-4	3.982E-2
13.997	-6.508E-4	3.960E-2
14.006	-8.560E-4	3.953E-2
14.014	-1.020E-3	3.964E-2
14.022	-1.077E-3	3.991E-2
14.031	-1.072E-3	4.033E-2
14.039	-1.028E-3	4.084E-2
14.047	-8.354E-4	4.134E-2
14.056	-6.017E-4	4.179E-2
14.064	-3.455E-4	4.218E-2
14.073	-7.788E-5	4.244E-2
14.081	1.848E-4	4.250E-2
14.089	3.859E-4	4.242E-2
14.098	5.375E-4	4.215E-2
14.106	5.597E-4	4.178E-2
14.114	5.205E-4	4.130E-2
14.123	3.278E-4	4.081E-2
14.131	8.560E-5	4.036E-2
14.140	-2.072E-4	3.997E-2
14.148	-5.510E-4	3.972E-2
14.156	-8.408E-4	3.965E-2
14.165	-1.073E-3	3.972E-2
14.173	-1.287E-3	3.994E-2
14.181	-1.324E-3	4.032E-2
14.190	-1.310E-3	4.078E-2
14.198	-1.117E-3	4.125E-2
14.207	-8.680E-4	4.168E-2
14.215	-5.602E-4	4.203E-2
14.223	-1.975E-4	4.225E-2
14.232	1.440E-4	4.232E-2
14.240	4.880E-4	4.223E-2
14.248	7.185E-4	4.200E-2
14.257	8.527E-4	4.168E-2
14.265	8.302E-4	4.129E-2
14.274	6.346E-4	4.086E-2
14.282	3.600E-4	4.043E-2
14.290	2.091E-5	4.010E-2
14.299	-3.678E-4	3.990E-2
14.307	-7.748E-4	3.984E-2
14.315	-1.092E-3	3.991E-2
14.324	-1.358E-3	4.010E-2
14.332	-1.515E-3	4.039E-2
14.341	-1.513E-3	4.079E-2
14.349	-1.393E-3	4.118E-2
14.357	-1.160E-3	4.157E-2
14.366	-8.422E-4	4.184E-2
14.374	-4.222E-4	4.203E-2
14.382	1.001E-5	4.209E-2
14.391	4.097E-4	4.204E-2
14.399	7.579E-4	4.183E-2
14.408	9.592E-4	4.155E-2
14.416	1.026E-3	4.123E-2
14.424	8.981E-4	4.088E-2
14.433	5.923E-4	4.055E-2
14.441	2.358E-4	4.029E-2
14.449	-1.936E-4	4.012E-2
14.458	-6.425E-4	4.006E-2
14.466	-1.059E-3	4.011E-2
14.475	-1.390E-3	4.023E-2
14.483	-1.596E-3	4.045E-2
14.491	-1.653E-3	4.076E-2
14.500	-1.590E-3	4.107E-2
14.508	-1.354E-3	4.135E-2
14.516	-9.871E-4	4.158E-2
14.525	-5.647E-4	4.175E-2
14.533	-1.065E-4	4.180E-2
14.542	3.518E-4	4.178E-2
14.550	7.746E-4	4.166E-2
14.558	1.042E-3	4.148E-2
14.567	1.167E-3	4.125E-2
14.575	1.101E-3	4.099E-2
14.583	8.311E-4	4.077E-2
14.592	4.268E-4	4.057E-2
14.600	-7.060E-5	4.041E-2
14.609	-5.880E-4	4.036E-2
14.617	-1.057E-3	4.037E-2
14.625	-1.476E-3	4.045E-2
14.634	-1.753E-3	4.061E-2
14.642	-1.848E-3	4.082E-2
14.650	-1.790E-3	4.104E-2
14.659	-1.580E-3	4.126E-2
14.667	-1.257E-3	4.143E-2
14.676	-8.026E-4	4.156E-2
14.684	-3.010E-4	4.159E-2
14.692	2.196E-4	4.157E-2
14.701	6.541E-4	4.149E-2
14.709	9.957E-4	4.136E-2
14.718	1.200E-3	4.118E-2
14.726	1.207E-3	4.105E-2
14.734	1.005E-3	4.087E-2
14.743	5.936E-4	4.078E-2
14.751	1.081E-4	4.066E-2
14.759	-4.041E-4	4.063E-2
14.768	-9.224E-4	4.061E-2
14.776	-1.361E-3	4.065E-2
14.785	-1.703E-3	4.075E-2
14.793	-1.875E-3	4.086E-2
14.801	-1.920E-3	4.099E-2
14.810	-1.759E-3	4.109E-2
14.818	-1.442E-3	4.118E-2
14.826	-1.010E-3	4.128E-2
14.835	-4.831E-4	4.129E-2
14.843	4.076E-5	4.131E-2
14.852	5.392E-4	4.128E-2
14.860	9.774E-4	4.124E-2
14.868	1.225E-3	4.115E-2
14.877	1.255E-3	4.107E-2
14.885	1.079E-3	4.103E-2
14.893	7.562E-4	4.099E-2
14.902	2.824E-4	4.096E-2
14.910	-2.698E-4	4.099E-2
14.919	-8.216E-4	4.101E-2
14.927	-1.319E-3	4.102E-2
14.935	-1.698E-3	4.104E-2
14.944	-1.927E-3	4.106E-2
14.952	-1.988E-3	4.107E-2
14.960	-1.824E-3	4.107E-2
14.969	-1.544E-3	4.107E-2
14.977	-1.103E-3	4.107E-2
14.986	-5.961E-4	4.107E-2
14.994	-6.708E-5	4.107E-2
15.002	4.521E-4	4.107E-2
15.011	8.564E-4	4.107E-2
15.019	1.172E-3	4.109E-2
15.027	1.249E-3	4.112E-2
15.036	1.162E-3	4.113E-2
15.044	8.526E-4	4.114E-2
15.053	3.821E-4	4.116E-2
15.061	-1.370E-4	4.113E-2
15.069	-6.554E-4	4.112E-2
15.078	-1.144E-3	4.110E-2
15.086	-1.539E-3	4.106E-2
15.094	-1.781E-3	4.101E-2
15.103	-1.899E-3	4.092E-2
15.111	-1.807E-3	4.081E-2
15.120	-1.563E-3	4.076E-2
15.128	-1.195E-3	4.072E-2
15.136	-7.032E-4	4.068E-2
15.145	-1.933E-4	4.065E-2
15.153	3.204E-4	4.068E-2
15.161	7.808E-4	4.075E-2
15.170	1.076E-3	4.087E-2
15.178	1.227E-3	4.102E-2
15.187	1.174E-3	4.114E-2
15.195	9.384E-4	4.127E-2
15.203	5.518E-4	4.135E-2
15.212	6.834E-5	4.141E-2
15.220	-4.404E-4	4.145E-2
15.228	-9.147E-4	4.141E-2
15.237	-1.322E-3	4.132E-2
15.245	-1.603E-3	4.115E-2
15.254	-1.720E-3	4.099E-2
15.262	-1.698E-3	4.082E-2
15.270	-1.526E-3	4.063E-2
15.279	-1.223E-3	4.050E-2
15.287	-7.915E-4	4.044E-2
15.295	-3.269E-4	4.041E-2
15.304	1.554E-4	4.046E-2
15.312	5.820E-4	4.058E-2
15.321	9.348E-4	4.080E-2
15.329	1.104E-3	4.103E-2
15.337	1.078E-3	4.127E-2
15.346	8.849E-4	4.148E-2
15.354	5.471E-4	4.165E-2
15.363	1.097E-4	4.177E-2
15.371	-3.614E-4	4.177E-2
15.379	-8.273E-4	4.173E-2
15.388	-1.245E-3	4.154E-2
15.396	-1.537E-3	4.131E-2
15.404	-1.711E-3	4.105E-2
15.413	-1.731E-3	4.079E-2
15.421	-1.570E-3	4.055E-2
15.430	-1.317E-3	4.036E-2
15.438	-8.980E-4	4.022E-2
15.446	-4.565E-4	4.018E-2
15.455	7.173E-7	4.025E-2
15.463	4.053E-4	4.044E-2
15.471	7.403E-4	4.070E-2
15.480	9.452E-4	4.104E-2
15.488	1.006E-3	4.136E-2
15.497	8.854E-4	4.163E-2
15.505	6.022E-4	4.182E-2
15.513	2.552E-4	4.196E-2
15.522	-1.433E-4	4.199E-2
15.530	-5.698E-4	4.191E-2
15.538	-9.632E-4	4.174E-2
15.547	-1.283E-3	4.144E-2
15.555	-1.481E-3	4.110E-2
15.564	-1.529E-3	4.076E-2
15.572	-1.477E-3	4.042E-2
15.580	-1.293E-3	4.016E-2
15.589	-1.004E-3	3.998E-2
15.597	-6.160E-4	3.994E-2
15.605	-2.058E-4	4.003E-2
15.614	1.357E-4	4.027E-2
15.622	4.558E-4	4.060E-2
15.631	6.286E-4	4.098E-2
15.639	7.553E-4	4.137E-2
15.647	7.271E-4	4.172E-2
15.656	5.459E-4	4.201E-2
15.664	2.908E-4	4.219E-2
15.672	-7.167E-5	4.223E-2
15.681	-4.051E-4	4.214E-2
15.689	-7.533E-4	4.192E-2
15.698	-1.055E-3	4.159E-2
15.706	-1.255E-3	4.119E-2
15.714	-1.327E-3	4.080E-2
15.723	-1.313E-3	4.040E-2
15.731	-1.192E-3	4.010E-2
15.739	-1.008E-3	3.991E-2
15.748	-7.286E-4	3.986E-2
15.756	-4.180E-4	3.995E-2
15.765	-1.246E-4	4.017E-2
15.773	1.476E-4	4.052E-2
15.781	3.471E-4	4.094E-2
15.790	5.066E-4	4.143E-2
15.798	5.213E-4	4.185E-2
15.806	4.851E-4	4.216E-2
15.815	3.086E-4	4.239E-2
15.823	7.347E-5	4.246E-2
15.832	-1.902E-4	4.237E-2
15.840	-4.603E-4	4.213E-2
15.848	-6.931E-4	4.177E-2
15.857	-8.814E-4	4.131E-2
15.865	-9.922E-4	4.084E-2
15.873	-1.032E-3	4.040E-2
15.882	-1.017E-3	4.003E-2
15.890	-9.070E-4	3.983E-2
15.899	-7.275E-4	3.976E-2
15.907	-5.236E-4	3.985E-2
15.915	-3.103E-4	4.009E-2
15.924	-9.365E-5	4.045E-2
15.932	1.004E-4	4.090E-2
15.940	2.780E-4	4.136E-2
15.949	3.340E-4	4.180E-2
15.957	3.338E-4	4.218E-2
15.966	2.853E-4	4.243E-2
15.974	1.203E-4	4.250E-2
15.982	-7.727E-5	4.242E-2
15.991	-2.637E-4	4.218E-2
15.999	-4.940E-4	4.179E-2
16.007	-6.652E-4	4.131E-2
16.016	-8.277E-4	4.080E-2
16.024	-8.718E-4	4.034E-2
16.033	-9.002E-4	3.995E-2
16.041	-8.576E-4	3.968E-2
16.049	-8.020E-4	3.961E-2
16.058	-6.576E-4	3.970E-2
16.066	-4.999E-4	3.993E-2
16.075	-3.515E-4	4.031E-2
16.083	-1.503E-4	4.080E-2
16.091	-1.396E-5	4.131E-2
16.100	8.652E-5	4.178E-2
16.108	1.417E-4	4.219E-2
16.116	1.597E-4	4.245E-2
16.125	1.150E-4	4.254E-2
16.133	6.464E-5	4.246E-2
16.142	-7.962E-5	4.222E-2
16.150	-1.908E-4	4.181E-2
16.158	-3.691E-4	4.132E-2
16.167	-5.293E-4	4.081E-2
16.175	-6.387E-4	4.034E-2
16.183	-7.704E-4	3.993E-2
16.192	-8.335E-4	3.966E-2
16.200	-8.368E-4	3.954E-2
16.209	-8.337E-4	3.960E-2
16.217	-7.490E-4	3.987E-2
16.225	-6.232E-4	4.024E-2
16.234	-4.894E-4	4.068E-2
16.242	-3.706E-4	4.120E-2
16.250	-1.715E-4	4.171E-2
16.259	-6.251E-5	4.213E-2
16.267	6.066E-5	4.243E-2
16.276	1.200E-4	4.253E-2
16.284	1.309E-4	4.246E-2
16.292	1.024E-4	4.222E-2
16.301	5.362E-5	4.184E-2
16.309	-9.124E-5	4.135E-2
16.317	-2.072E-4	4.084E-2
16.326	-3.805E-4	4.037E-2
16.334	-5.616E-4	3.995E-2
16.343	-6.848E-4	3.967E-2
16.351	-8.065E-4	3.954E-2
16.359	-8.369E-4	3.958E-2
16.368	-8.382E-4	3.984E-2
16.376	-8.331E-4	4.020E-2
16.384	-7.639E-4	4.064E-2
16.393	-6.119E-4	4.112E-2
16.401	-4.174E-4	4.158E-2
16.410	-2.174E-4	4.199E-2
16.418	-3.780E-5	4.227E-2
16.426	1.148E-4	4.239E-2
16.435	2.542E-4	4.238E-2
16.443	3.262E-4	4.219E-2
16.451	3.286E-4	4.183E-2
16.460	2.828E-4	4.138E-2
16.468	1.140E-4	4.087E-2
16.477	-8.891E-5	4.040E-2
16.485	-3.216E-4	4.000E-2
16.493	-5.621E-4	3.971E-2
16.502	-7.835E-4	3.960E-2
16.510	-9.228E-4	3.963E-2
16.518	-1.036E-3	3.987E-2
16.527	-1.053E-3	4.019E-2
16.535	-1.044E-3	4.060E-2
16.544	-8.772E-4	4.106E-2
16.552	-6.917E-4	4.152E-2
16.560	-4.404E-4	4.191E-2
16.569	-1.559E-4	4.220E-2
16.577	8.980E-5	4.231E-2
16.585	3.196E-4	4.226E-2
16.594	4.730E-4	4.206E-2
16.602	5.684E-4	4.176E-2
16.611	5.465E-4	4.135E-2
16.619	4.211E-4	4.089E-2
16.627	1.897E-4	4.046E-2
16.636	-8.938E-5	4.009E-2
16.644	-3.733E-4	3.986E-2
16.652	-6.549E-4	3.973E-2
16.661	-9.028E-4	3.973E-2
16.669	-1.071E-3	3.990E-2
16.678	-1.220E-3	4.018E-2
16.686	-1.249E-3	4.056E-2
16.694	-1.115E-3	4.098E-2
16.703	-9.481E-4	4.139E-2
16.711	-6.785E-4	4.172E-2
16.719	-3.651E-4	4.198E-2
16.728	-2.427E-5	4.210E-2
16.736	2.649E-4	4.214E-2
16.745	5.262E-4	4.200E-2
16.753	6.619E-4	4.175E-2
16.761	7.184E-4	4.139E-2
16.770	6.066E-4	4.099E-2
16.778	4.086E-4	4.062E-2
16.787	1.091E-4	4.033E-2
16.795	-2.049E-4	4.010E-2
16.803	-5.786E-4	3.996E-2
16.812	-9.060E-4	3.995E-2
16.820	-1.168E-3	4.010E-2
16.828	-1.357E-3	4.035E-2
16.837	-1.399E-3	4.065E-2
16.845	-1.365E-3	4.100E-2
16.854	-1.192E-3	4.134E-2
16.862	-9.156E-4	4.162E-2
16.870	-5.723E-4	4.182E-2
16.879	-1.607E-4	4.194E-2
16.887	1.986E-4	4.195E-2
16.895	5.310E-4	4.182E-2
16.904	7.836E-4	4.159E-2
16.912	8.472E-4	4.131E-2
16.921	8.047E-4	4.102E-2
16.929	5.939E-4	4.072E-2
16.937	3.132E-4	4.045E-2
16.946	-7.874E-5	4.026E-2
16.954	-4.821E-4	4.016E-2
16.962	-8.915E-4	4.015E-2
16.971	-1.252E-3	4.025E-2
16.979	-1.506E-3	4.045E-2
16.988	-1.587E-3	4.068E-2
16.996	-1.560E-3	4.095E-2
17.004	-1.425E-3	4.125E-2
17.013	-1.117E-3	4.149E-2
17.021	-7.718E-4	4.169E-2
17.029	-3.687E-4	4.179E-2
17.038	8.330E-5	4.177E-2
17.046	5.067E-4	4.172E-2
17.055	8.036E-4	4.155E-2
17.063	9.885E-4	4.134E-2
17.071	9.994E-4	4.109E-2
17.080	8.221E-4	4.085E-2
17.088	5.357E-4	4.064E-2
17.096	1.142E-4	4.050E-2
17.105	-3.485E-4	4.042E-2
17.113	-8.033E-4	4.040E-2
17.122	-1.213E-3	4.045E-2
17.130	-1.521E-3	4.057E-2
17.138	-1.696E-3	4.078E-2
17.147	-1.729E-3	4.096E-2
17.155	-1.576E-3	4.114E-2
17.163	-1.316E-3	4.131E-2
17.172	-9.206E-4	4.143E-2
17.180	-4.461E-4	4.152E-2
17.189	3.316E-5	4.152E-2
17.197	4.959E-4	4.149E-2
17.205	8.485E-4	4.137E-2
17.214	1.058E-3	4.125E-2
17.222	1.083E-3	4.110E-2
17.230	9.909E-4	4.093E-2
17.239	7.149E-4	4.085E-2
17.247	3.071E-4	4.077E-2
17.256	-1.591E-4	4.072E-2
17.264	-6.309E-4	4.075E-2
17.272	-1.068E-3	4.081E-2
17.281	-1.441E-3	4.086E-2
17.289	-1.684E-3	4.095E-2
17.297	-1.744E-3	4.107E-2
17.306	-1.680E-3	4.115E-2
17.314	-1.463E-3	4.121E-2
17.323	-1.074E-3	4.130E-2
17.331	-6.268E-4	4.132E-2
17.339	-1.325E-4	4.132E-2
17.348	3.278E-4	4.130E-2
17.356	7.623E-4	4.126E-2
17.364	1.023E-3	4.121E-2
17.373	1.115E-3	4.118E-2
17.381	1.023E-3	4.114E-2
17.390	7.850E-4	4.111E-2
17.398	3.654E-4	4.105E-2
17.406	-1.082E-4	4.103E-2
17.415	-5.968E-4	4.104E-2
17.423	-1.052E-3	4.104E-2
17.431	-1.461E-3	4.106E-2
17.440	-1.729E-3	4.106E-2
17.448	-1.802E-3	4.106E-2
17.457	-1.757E-3	4.109E-2
17.465	-1.541E-3	4.108E-2
17.473	-1.203E-3	4.107E-2
17.482	-7.926E-4	4.107E-2
17.490	-3.241E-4	4.106E-2
17.499	1.513E-4	4.106E-2
17.507	5.739E-4	4.107E-2
17.515	9.092E-4	4.108E-2
17.524	1.024E-3	4.109E-2
17.532	9.995E-4	4.112E-2
17.540	7.906E-4	4.114E-2
17.549	4.662E-4	4.113E-2
17.557	4.319E-5	4.117E-2
17.566	-4.365E-4	4.122E-2
17.574	-8.893E-4	4.124E-2
17.582	-1.294E-3	4.121E-2
17.591	-1.568E-3	4.116E-2
17.599	-1.725E-3	4.107E-2
17.607	-1.729E-3	4.099E-2
17.616	-1.537E-3	4.089E-2
17.624	-1.265E-3	4.083E-2
17.633	-8.408E-4	4.079E-2
17.641	-3.811E-4	4.079E-2
17.649	9.249E-5	4.080E-2
17.658	5.410E-4	4.086E-2
17.666	8.447E-4	4.095E-2
17.674	1.029E-3	4.109E-2
17.683	1.030E-3	4.122E-2
17.691	8.674E-4	4.134E-2
17.700	5.594E-4	4.146E-2
17.708	1.299E-4	4.153E-2
17.716	-3.376E-4	4.155E-2
17.725	-7.936E-4	4.152E-2
17.733	-1.193E-3	4.145E-2
17.741	-1.517E-3	4.133E-2
17.750	-1.699E-3	4.114E-2
17.758	-1.718E-3	4.096E-2
17.767	-1.590E-3	4.082E-2
17.775	-1.328E-3	4.067E-2
17.783	-9.624E-4	4.058E-2
17.792	-5.716E-4	4.056E-2
17.800	-1.257E-4	4.060E-2
17.808	3.052E-4	4.068E-2
17.817	6.499E-4	4.084E-2
17.825	8.187E-4	4.103E-2
17.834	8.887E-4	4.124E-2
17.842	7.687E-4	4.148E-2
17.850	5.247E-4	4.165E-2
17.859	1.831E-4	4.178E-2
17.867	-2.184E-4	4.181E-2
17.875	-6.308E-4	4.176E-2
17.884	-1.031E-3	4.165E-2
17.892	-1.326E-3	4.149E-2
17.901	-1.523E-3	4.126E-2
17.909	-1.559E-3	4.102E-2
17.917	-1.513E-3	4.077E-2
17.926	-1.306E-3	4.057E-2
17.934	-1.011E-3	4.042E-2
17.942	-6.235E-4	4.037E-2
17.951	-2.046E-4	4.040E-2
17.959	1.562E-4	4.052E-2
17.968	5.031E-4	4.075E-2
17.976	7.557E-4	4.102E-2
17.984	8.214E-4	4.130E-2
17.993	7.944E-4	4.157E-2
18.001	5.714E-4	4.180E-2
18.009	3.005E-4	4.197E-2
18.018	-6.752E-5	4.202E-2
18.026	-4.190E-4	4.197E-2
18.035	-7.723E-4	4.182E-2
18.043	-1.069E-3	4.157E-2
18.051	-1.297E-3	4.128E-2
18.060	-1.359E-3	4.094E-2
18.068	-1.343E-3	4.065E-2
18.076	-1.227E-3	4.037E-2
18.085	-9.958E-4	4.018E-2
18.093	-6.745E-4	4.012E-2
18.102	-3.477E-4	4.015E-2
18.110	9.433E-6	4.031E-2
18.118	3.214E-4	4.059E-2
18.127	5.557E-4	4.089E-2
18.135	6.309E-4	4.123E-2
18.143	6.146E-4	4.157E-2
18.152	5.355E-4	4.184E-2
18.160	3.137E-4	4.202E-2
18.169	5.455E-5	4.211E-2
18.177	-2.495E-4	4.209E-2
18.185	-5.915E-4	4.191E-2
18.194	-8.462E-4	4.165E-2
18.202	-1.051E-3	4.134E-2
18.211	-1.151E-3	4.093E-2
18.219	-1.142E-3	4.056E-2
18.227	-1.069E-3	4.024E-2
18.236	-9.296E-4	4.005E-2
18.244	-7.413E-4	3.995E-2
18.252	-4.830E-4	3.997E-2
18.261	-1.974E-4	4.014E-2
18.269	5.756E-5	4.041E-2
18.278	2.883E-4	4.078E-2
18.286	4.004E-4	4.119E-2
18.294	4.746E-4	4.159E-2
18.303	4.254E-4	4.191E-2
18.311	3.044E-4	4.218E-2
18.319	1.000E-4	4.228E-2
18.328	-1.280E-4	4.225E-2
18.336	-3.671E-4	4.204E-2
18.345	-5.963E-4	4.176E-2
18.353	-8.077E-4	4.137E-2
18.361	-9.257E-4	4.093E-2
18.370	-1.006E-3	4.056E-2
18.378	-1.020E-3	4.018E-2
18.386	-8.950E-4	3.992E-2
18.395	-7.787E-4	3.981E-2
18.403	-5.982E-4	3.987E-2
18.412	-3.746E-4	4.005E-2
18.420	-1.495E-4	4.035E-2
18.428	4.260E-5	4.076E-2
18.437	1.543E-4	4.119E-2
18.445	2.667E-4	4.165E-2
18.453	3.058E-4	4.202E-2
18.462	2.652E-4	4.227E-2
18.470	1.520E-4	4.240E-2
18.479	1.838E-5	4.242E-2
18.487	-1.440E-4	4.222E-2
18.495	-3.296E-4	4.192E-2
18.504	-5.180E-4	4.152E-2
18.512	-6.381E-4	4.108E-2
18.520	-7.682E-4	4.063E-2
18.529	-8.151E-4	4.021E-2
18.537	-8.176E-4	3.993E-2
18.546	-7.952E-4	3.978E-2
18.554	-6.679E-4	3.984E-2
18.562	-5.575E-4	4.001E-2
18.571	-3.876E-4	4.033E-2
18.579	-2.394E-4	4.074E-2
18.587	-1.290E-4	4.122E-2
18.596	1.197E-5	4.168E-2
18.604	1.017E-4	4.207E-2
18.613	1.180E-4	4.232E-2
18.621	1.134E-4	4.247E-2
18.629	7.949E-5	4.247E-2
18.638	3.343E-7	4.226E-2
18.646	-1.114E-4	4.195E-2
18.654	-2.551E-4	4.154E-2
18.663	-3.945E-4	4.108E-2
18.671	-5.521E-4	4.062E-2
18.680	-6.249E-4	4.020E-2
18.688	-7.169E-4	3.991E-2
18.696	-7.713E-4	3.973E-2
18.705	-7.918E-4	3.972E-2
18.713	-7.546E-4	3.990E-2
18.721	-6.561E-4	4.017E-2
18.730	-5.593E-4	4.059E-2
18.738	-4.037E-4	4.105E-2
18.747	-2.749E-4	4.150E-2
18.755	-1.528E-4	4.191E-2
18.763	-3.848E-5	4.221E-2
18.772	4.667E-5	4.239E-2
18.780	8.847E-5	4.241E-2
18.788	9.054E-5	4.224E-2
18.797	8.180E-5	4.196E-2
18.805	-5.521E-5	4.156E-2
18.814	-1.595E-4	4.109E-2
18.822	-3.407E-4	4.065E-2
18.830	-4.465E-4	4.022E-2
18.839	-6.000E-4	3.992E-2
18.847	-6.933E-4	3.973E-2
18.856	-7.953E-4	3.971E-2
18.864	-8.228E-4	3.988E-2
18.872	-8.216E-4	4.015E-2
18.881	-7.782E-4	4.054E-2
18.889	-6.358E-4	4.100E-2
18.897	-5.008E-4	4.145E-2
18.906	-3.596E-4	4.184E-2
18.914	-1.512E-4	4.211E-2
18.923	2.178E-5	4.230E-2
18.931	1.328E-4	4.228E-2
18.939	2.434E-4	4.217E-2
18.948	2.734E-4	4.188E-2
18.956	2.614E-4	4.154E-2
18.964	1.496E-4	4.110E-2
18.973	7.442E-6	4.067E-2
18.981	-1.571E-4	4.027E-2
18.990	-3.750E-4	3.999E-2
18.998	-5.765E-4	3.983E-2
19.006	-7.699E-4	3.985E-2
19.015	-8.806E-4	3.996E-2
19.023	-9.407E-4	4.019E-2
19.031	-9.776E-4	4.056E-2
19.040	-8.748E-4	4.097E-2
19.048	-7.501E-4	4.140E-2
19.057	-5.673E-4	4.178E-2
19.065	-3.489E-4	4.204E-2
19.073	-1.161E-4	4.221E-2
19.082	1.005E-4	4.223E-2
19.090	2.927E-4	4.211E-2
19.098	3.792E-4	4.190E-2
19.107	3.806E-4	4.157E-2
19.115	3.187E-4	4.117E-2
19.124	1.650E-4	4.081E-2
19.132	-7.017E-5	4.045E-2
19.140	-3.429E-4	4.016E-2
19.149	-6.071E-4	4.000E-2
19.157	-8.436E-4	3.994E-2
19.165	-1.050E-3	4.005E-2
19.174	-1.120E-3	4.029E-2
19.182	-1.174E-3	4.061E-2
19.191	-1.127E-3	4.095E-2
19.199	-1.022E-3	4.135E-2
19.207	-8.010E-4	4.169E-2
19.216	-5.262E-4	4.194E-2
19.224	-2.214E-4	4.209E-2
19.232	7.229E-5	4.209E-2
19.241	3.163E-4	4.199E-2
19.249	5.253E-4	4.178E-2
19.258	5.802E-4	4.150E-2
19.266	5.666E-4	4.115E-2
19.274	4.108E-4	4.081E-2
19.283	1.616E-4	4.051E-2
19.291	-1.405E-4	4.030E-2
19.299	-4.388E-4	4.015E-2
19.308	-7.751E-4	4.014E-2
19.316	-1.051E-3	4.019E-2
19.325	-1.269E-3	4.037E-2
19.333	-1.330E-3	4.062E-2
19.341	-1.318E-3	4.090E-2
19.350	-1.209E-3	4.123E-2
19.358	-1.006E-3	4.152E-2
19.366	-7.105E-4	4.175E-2
19.375	-3.891E-4	4.186E-2
19.383	-2.797E-5	4.188E-2
19.392	2.842E-4	4.183E-2
19.400	5.342E-4	4.165E-2
19.408	7.261E-4	4.145E-2
19.417	7.481E-4	4.119E-2
19.425	5.937E-4	4.092E-2
19.433	3.528E-4	4.066E-2
19.442	6.220E-5	4.044E-2
19.450	-3.068E-4	4.032E-2
19.459	-6.812E-4	4.033E-2
19.467	-1.021E-3	4.036E-2
19.475	-1.301E-3	4.050E-2
19.484	-1.438E-3	4.071E-2
19.492	-1.503E-3	4.097E-2
19.500	-1.378E-3	4.124E-2
19.509	-1.138E-3	4.149E-2
19.517	-8.369E-4	4.166E-2
19.526	-4.420E-4	4.178E-2
19.534	-5.025E-5	4.179E-2
19.542	3.165E-4	4.175E-2
19.551	6.029E-4	4.162E-2
19.559	8.028E-4	4.144E-2
19.568	8.532E-4	4.125E-2
19.576	7.895E-4	4.105E-2
19.584	5.513E-4	4.086E-2
19.593	2.300E-4	4.070E-2
19.601	-1.783E-4	4.064E-2
19.609	-6.026E-4	4.062E-2
19.618	-1.004E-3	4.062E-2
19.626	-1.307E-3	4.072E-2
19.635	-1.527E-3	4.087E-2
19.643	-1.559E-3	4.103E-2
19.651	-1.515E-3	4.121E-2
19.660	-1.314E-3	4.135E-2
19.668	-1.018E-3	4.149E-2
19.676	-6.217E-4	4.155E-2
19.685	-1.747E-4	4.156E-2
19.693	2.494E-4	4.154E-2
19.702	5.909E-4	4.149E-2
19.710	8.259E-4	4.136E-2
19.718	9.614E-4	4.124E-2
19.727	9.424E-4	4.110E-2
19.735	7.304E-4	4.098E-2
19.743	3.934E-4	4.090E-2
19.752	-2.069E-5	4.084E-2
19.760	-4.569E-4	4.083E-2
19.769	-8.627E-4	4.083E-2
19.777	-1.237E-3	4.087E-2
19.785	-1.494E-3	4.094E-2
19.794	-1.584E-3	4.105E-2
19.802	-1.542E-3	4.113E-2
19.810	-1.379E-3	4.118E-2
19.819	-1.071E-3	4.127E-2
19.827	-6.753E-4	4.129E-2
19.836	-2.435E-4	4.131E-2
19.844	1.675E-4	4.130E-2
19.852	5.513E-4	4.127E-2
19.861	8.281E-4	4.125E-2
19.869	9.990E-4	4.125E-2
19.877	1.004E-3	4.119E-2
19.886	8.193E-4	4.114E-2
19.894	5.100E-4	4.110E-2
19.903	1.072E-4	4.108E-2
19.911	-3.546E-4	4.107E-2
19.919	-7.947E-4	4.107E-2
19.928	-1.149E-3	4.107E-2
19.936	-1.433E-3	4.108E-2
19.944	-1.586E-3	4.108E-2
19.953	-1.574E-3	4.107E-2
19.961	-1.468E-3	4.107E-2
19.970	-1.196E-3	4.107E-2
19.978	-8.378E-4	4.106E-2
19.986	-3.900E-4	4.105E-2
19.995	5.859E-5	4.105E-2
20.003	4.736E-4	4.105E-2
20.011	8.003E-4	4.107E-2
20.020	9.812E-4	4.109E-2
20.028	1.002E-3	4.109E-2
20.037	8.762E-4	4.114E-2
20.045	5.873E-4	4.116E-2
20.053	1.917E-4	4.116E-2
20.062	-2.406E-4	4.115E-2
20.070	-6.882E-4	4.113E-2
20.078	-1.060E-3	4.111E-2
20.087	-1.356E-3	4.105E-2
20.095	-1.531E-3	4.101E-2
20.104	-1.564E-3	4.092E-2
20.112	-1.489E-3	4.083E-2
20.120	-1.268E-3	4.078E-2
20.129	-9.041E-4	4.076E-2
20.137	-5.000E-4	4.073E-2
20.145	-1.072E-4	4.077E-2
20.154	3.158E-4	4.081E-2
20.162	6.208E-4	4.086E-2
20.171	8.305E-4	4.098E-2
20.179	8.883E-4	4.109E-2
20.187	8.108E-4	4.122E-2
20.196	5.551E-4	4.134E-2
20.204	2.384E-4	4.139E-2
20.212	-1.482E-4	4.138E-2
20.221	-5.739E-4	4.137E-2
20.229	-9.693E-4	4.131E-2
20.238	-1.301E-3	4.123E-2
20.246	-1.496E-3	4.108E-2
20.254	-1.552E-3	4.091E-2
20.263	-1.501E-3	4.077E-2
20.271	-1.316E-3	4.062E-2
20.280	-1.031E-3	4.053E-2
20.288	-6.407E-4	4.049E-2
20.296	-2.152E-4	4.053E-2
20.305	1.506E-4	4.061E-2
20.313	5.046E-4	4.074E-2
20.321	7.596E-4	4.091E-2
20.330	8.210E-4	4.108E-2
20.338	8.010E-4	4.129E-2
20.347	5.830E-4	4.148E-2
20.355	3.156E-4	4.159E-2
20.363	-5.384E-5	4.165E-2
20.372	-4.226E-4	4.169E-2
20.380	-8.028E-4	4.160E-2
20.388	-1.079E-3	4.144E-2
20.397	-1.304E-3	4.127E-2
20.405	-1.410E-3	4.104E-2
20.414	-1.384E-3	4.082E-2
20.422	-1.268E-3	4.062E-2
20.430	-1.032E-3	4.043E-2
20.439	-7.028E-4	4.036E-2
20.447	-3.797E-4	4.036E-2
20.455	-5.140E-6	4.043E-2
20.464	2.928E-4	4.060E-2
20.472	5.320E-4	4.083E-2
20.481	6.618E-4	4.108E-2
20.489	6.321E-4	4.134E-2
20.497	5.139E-4	4.156E-2
20.506	2.995E-4	4.174E-2
20.514	2.797E-5	4.182E-2
20.522	-3.199E-4	4.180E-2
20.531	-6.322E-4	4.172E-2
20.539	-8.983E-4	4.153E-2
20.548	-1.090E-3	4.129E-2
20.556	-1.259E-3	4.100E-2
20.564	-1.276E-3	4.070E-2
20.573	-1.170E-3	4.045E-2
20.581	-1.040E-3	4.024E-2
20.589	-8.051E-4	4.012E-2
20.598	-4.696E-4	4.012E-2
20.606	-1.784E-4	4.021E-2
20.615	9.163E-5	4.040E-2
20.623	3.206E-4	4.067E-2
20.631	5.026E-4	4.099E-2
20.640	5.452E-4	4.132E-2
20.648	4.976E-4	4.159E-2
20.656	3.255E-4	4.179E-2
20.665	1.052E-4	4.192E-2
20.673	-1.459E-4	4.195E-2
20.682	-4.311E-4	4.183E-2
20.690	-6.718E-4	4.160E-2
20.698	-8.662E-4	4.130E-2
20.707	-1.005E-3	4.097E-2
20.715	-1.051E-3	4.063E-2
20.723	-1.036E-3	4.034E-2
20.732	-9.413E-4	4.011E-2
20.740	-7.980E-4	3.996E-2
20.749	-5.755E-4	3.994E-2
20.757	-3.413E-4	4.006E-2
20.765	-1.013E-4	4.032E-2
20.774	9.971E-5	4.062E-2
20.782	2.880E-4	4.098E-2
20.790	3.383E-4	4.134E-2
20.799	3.312E-4	4.169E-2
20.807	2.917E-4	4.195E-2
20.816	1.091E-4	4.209E-2
20.824	-9.662E-5	4.207E-2
20.832	-3.270E-4	4.196E-2
20.841	-5.422E-4	4.174E-2
20.849	-7.280E-4	4.145E-2
20.857	-8.657E-4	4.106E-2
20.866	-9.169E-4	4.067E-2
20.874	-9.187E-4	4.033E-2
20.883	-8.474E-4	4.009E-2
20.891	-7.806E-4	3.992E-2
20.899	-6.105E-4	3.990E-2
20.908	-4.220E-4	3.999E-2
20.916	-2.271E-4	4.021E-2
20.924	-5.976E-5	4.056E-2
20.933	9.036E-5	4.093E-2
20.941	1.564E-4	4.131E-2
20.950	2.021E-4	4.168E-2
20.958	1.576E-4	4.197E-2
20.966	9.350E-5	4.216E-2
20.975	-1.286E-5	4.219E-2
20.983	-1.637E-4	4.207E-2
20.992	-3.499E-4	4.181E-2
21.000	-4.808E-4	4.149E-2
21.008	-6.294E-4	4.108E-2
21.017	-7.385E-4	4.067E-2
21.025	-8.177E-4	4.031E-2
21.033	-8.313E-4	4.002E-2
21.042	-8.091E-4	3.989E-2
21.050	-7.314E-4	3.986E-2
21.059	-6.389E-4	3.996E-2
21.067	-5.166E-4	4.018E-2
21.075	-3.915E-4	4.053E-2
21.084	-2.404E-4	4.093E-2
21.092	-1.545E-4	4.132E-2
21.100	-7.069E-5	4.171E-2
21.109	3.507E-6	4.200E-2
21.117	3.620E-5	4.219E-2
21.126	5.306E-5	4.223E-2
21.134	-3.595E-5	4.213E-2
21.142	-1.486E-4	4.192E-2
21.151	-2.421E-4	4.159E-2
21.159	-3.964E-4	4.117E-2
21.167	-5.012E-4	4.079E-2
21.176	-6.198E-4	4.041E-2
21.184	-6.520E-4	4.010E-2
21.193	-7.131E-4	3.991E-2
21.201	-7.564E-4	3.988E-2
21.209	-7.505E-4	3.996E-2
21.218	-6.699E-4	4.018E-2
21.226	-5.952E-4	4.052E-2
21.234	-4.526E-4	4.092E-2
21.243	-3.437E-4	4.132E-2
21.251	-1.873E-4	4.170E-2
21.260	-1.057E-4	4.200E-2
21.268	1.086E-5	4.221E-2
21.276	6.319E-5	4.223E-2
21.285	9.637E-5	4.218E-2
21.293	8.573E-5	4.196E-2
21.301	2.283E-5	4.163E-2
21.310	-8.990E-5	4.127E-2
21.318	-1.907E-4	4.085E-2
21.327	-3.342E-4	4.044E-2
21.335	-4.735E-4	4.015E-2
21.343	-6.093E-4	3.994E-2
21.352	-7.069E-4	3.989E-2
21.360	-8.004E-4	3.995E-2
21.368	-8.139E-4	4.016E-2
21.377	-8.136E-4	4.046E-2
21.385	-6.717E-4	4.085E-2
21.394	-5.677E-4	4.126E-2
21.402	-3.942E-4	4.160E-2
21.410	-2.232E-4	4.190E-2
21.419	-8.277E-5	4.211E-2
21.427	6.328E-5	4.221E-2
21.435	1.379E-4	4.214E-2
21.444	1.873E-4	4.195E-2
21.452	1.618E-4	4.166E-2
21.461	9.612E-5	4.130E-2
21.469	-1.288E-5	4.089E-2
21.477	-1.825E-4	4.052E-2
21.486	-3.738E-4	4.024E-2
21.494	-5.683E-4	4.009E-2
21.502	-7.375E-4	4.002E-2
21.511	-8.610E-4	4.012E-2
21.519	-9.208E-4	4.031E-2
21.528	-9.339E-4	4.060E-2
21.536	-9.054E-4	4.095E-2
21.544	-8.039E-4	4.134E-2
21.553	-6.162E-4	4.168E-2
21.561	-4.004E-4	4.197E-2
21.569	-1.706E-4	4.216E-2
21.578	4.325E-5	4.223E-2
21.586	2.129E-4	4.217E-2
21.595	3.031E-4	4.199E-2
21.603	3.458E-4	4.172E-2
21.611	3.359E-4	4.137E-2
21.620	2.384E-4	4.101E-2
21.628	7.223E-5	4.068E-2
21.636	-1.481E-4	4.038E-2
21.645	-3.800E-4	4.019E-2
21.653	-6.125E-4	4.013E-2
21.662	-8.202E-4	4.014E-2
21.670	-1.002E-3	4.034E-2
21.678	-1.054E-3	4.060E-2
21.687	-1.053E-3	4.090E-2
21.695	-9.928E-4	4.122E-2
21.704	-8.254E-4	4.154E-2
21.712	-5.946E-4	4.179E-2
21.720	-3.425E-4	4.196E-2
21.729	-6.708E-5	4.202E-2
21.737	1.481E-4	4.200E-2
21.745	3.268E-4	4.181E-2
21.754	4.668E-4	4.156E-2
21.762	5.243E-4	4.128E-2
21.771	4.137E-4	4.097E-2
21.779	2.362E-4	4.068E-2
21.787	6.651E-6	4.043E-2
21.796	-2.755E-4	4.024E-2
21.804	-5.898E-4	4.021E-2
21.812	-8.477E-4	4.023E-2
21.821	-1.055E-3	4.035E-2
21.829	-1.212E-3	4.058E-2
21.838	-1.278E-3	4.084E-2
21.846	-1.151E-3	4.110E-2
21.854	-1.005E-3	4.135E-2
21.863	-7.769E-4	4.156E-2
21.871	-4.523E-4	4.171E-2
21.879	-1.338E-4	4.177E-2
21.888	1.496E-4	4.176E-2
21.896	3.894E-4	4.163E-2
21.905	5.560E-4	4.147E-2
21.913	6.056E-4	4.125E-2
21.921	5.494E-4	4.102E-2
21.930	3.645E-4	4.080E-2
21.938	9.785E-5	4.060E-2
21.946	-1.768E-4	4.045E-2
21.955	-5.352E-4	4.038E-2
21.963	-8.641E-4	4.040E-2
21.972	-1.094E-3	4.050E-2
21.980	-1.303E-3	4.067E-2
21.988	-1.343E-3	4.085E-2
21.997	-1.327E-3	4.108E-2
22.005	-1.128E-3	4.129E-2
22.013	-8.664E-4	4.146E-2
22.022	-5.646E-4	4.157E-2
22.030	-1.850E-4	4.161E-2
22.039	1.380E-4	4.156E-2
22.047	4.400E-4	4.148E-2
22.055	6.355E-4	4.134E-2
22.064	7.725E-4	4.115E-2
22.072	7.567E-4	4.098E-2
22.080	5.675E-4	4.082E-2
22.089	3.150E-4	4.065E-2
22.097	-2.928E-5	4.056E-2
22.106	-4.131E-4	4.055E-2
22.114	-8.000E-4	4.058E-2
22.122	-1.077E-3	4.062E-2
22.131	-1.310E-3	4.076E-2
22.139	-1.434E-3	4.088E-2
22.147	-1.450E-3	4.105E-2
22.156	-1.321E-3	4.117E-2
22.164	-1.060E-3	4.132E-2
22.173	-7.328E-4	4.137E-2
22.181	-3.794E-4	4.138E-2
22.189	3.779E-5	4.135E-2
22.198	3.587E-4	4.130E-2
22.206	6.060E-4	4.122E-2
22.214	7.835E-4	4.110E-2
22.223	7.888E-4	4.101E-2
22.231	6.523E-4	4.089E-2
22.240	3.615E-4	4.081E-2
22.248	3.993E-5	4.078E-2
22.256	-3.670E-4	4.079E-2
22.265	-7.526E-4	4.080E-2
22.273	-1.084E-3	4.084E-2
22.281	-1.339E-3	4.087E-2
22.290	-1.506E-3	4.092E-2
22.298	-1.521E-3	4.101E-2
22.307	-1.387E-3	4.107E-2
22.315	-1.130E-3	4.111E-2
22.323	-8.014E-4	4.113E-2
22.332	-4.201E-4	4.112E-2
22.340	-2.016E-5	4.110E-2
22.349	3.209E-4	4.108E-2
22.357	6.055E-4	4.107E-2
22.365	8.002E-4	4.102E-2
22.374	8.252E-4	4.100E-2
22.382	7.625E-4	4.098E-2
22.390	5.269E-4	4.100E-2
22.399	1.627E-4	4.100E-2
22.407	-2.094E-4	4.102E-2
22.416	-6.096E-4	4.103E-2
22.424	-9.935E-4	4.104E-2
22.432	-1.290E-3	4.105E-2
22.441	-1.474E-3	4.106E-2
22.449	-1.528E-3	4.106E-2
22.457	-1.465E-3	4.106E-2
22.466	-1.276E-3	4.106E-2
22.474	-9.396E-4	4.104E-2
22.483	-5.956E-4	4.104E-2
22.491	-1.746E-4	4.103E-2
22.499	2.131E-4	4.104E-2
22.508	5.107E-4	4.105E-2
22.516	7.568E-4	4.106E-2
22.524	8.079E-4	4.110E-2
22.533	7.667E-4	4.112E-2
22.541	5.510E-4	4.112E-2
22.550	2.613E-4	4.116E-2
22.558	-1.277E-4	4.116E-2
22.566	-5.383E-4	4.114E-2
22.575	-8.852E-4	4.111E-2
22.583	-1.197E-3	4.107E-2
22.591	-1.395E-3	4.104E-2
22.600	-1.530E-3	4.099E-2
22.608	-1.477E-3	4.089E-2
22.617	-1.309E-3	4.083E-2
22.625	-1.034E-3	4.078E-2
22.633	-6.613E-4	4.075E-2
22.642	-2.738E-4	4.077E-2
22.650	7.812E-5	4.080E-2
22.658	4.053E-4	4.085E-2
22.667	6.169E-4	4.091E-2
22.675	7.531E-4	4.104E-2
22.684	7.535E-4	4.113E-2
22.692	5.533E-4	4.125E-2
22.700	3.007E-4	4.133E-2
22.709	-6.624E-5	4.136E-2
22.717	-4.168E-4	4.134E-2
22.725	-7.911E-4	4.133E-2
22.734	-1.079E-3	4.125E-2
22.742	-1.305E-3	4.111E-2
22.751	-1.389E-3	4.100E-2
22.759	-1.361E-3	4.084E-2
22.767	-1.247E-3	4.072E-2
22.776	-1.021E-3	4.062E-2
22.784	-6.902E-4	4.056E-2
22.792	-3.373E-4	4.056E-2
22.801	3.089E-5	4.060E-2
22.809	3.445E-4	4.069E-2
22.818	5.755E-4	4.082E-2
22.826	7.245E-4	4.102E-2
22.834	7.396E-4	4.118E-2
22.843	6.097E-4	4.137E-2
22.851	3.638E-4	4.151E-2
22.859	7.544E-5	4.158E-2
22.868	-2.758E-4	4.157E-2
22.876	-6.261E-4	4.154E-2
22.885	-8.983E-4	4.139E-2
22.893	-1.106E-3	4.124E-2
22.901	-1.247E-3	4.104E-2
22.910	-1.270E-3	4.082E-2
22.918	-1.207E-3	4.062E-2
22.926	-1.031E-3	4.045E-2
22.935	-7.627E-4	4.034E-2
22.943	-4.487E-4	4.034E-2
22.952	-1.301E-4	4.038E-2
22.960	1.499E-4	4.052E-2
22.968	3.694E-4	4.073E-2
22.977	5.394E-4	4.099E-2
22.985	5.487E-4	4.126E-2
22.993	5.305E-4	4.149E-2
23.002	3.430E-4	4.168E-2
23.010	9.655E-5	4.180E-2
23.019	-1.766E-4	4.182E-2
23.027	-4.734E-4	4.177E-2
23.035	-7.952E-4	4.158E-2
23.044	-1.028E-3	4.136E-2
23.052	-1.103E-3	4.108E-2
23.061	-1.148E-3	4.082E-2
23.069	-1.081E-3	4.058E-2
23.077	-9.980E-4	4.036E-2
23.086	-7.944E-4	4.024E-2
23.094	-5.524E-4	4.021E-2
23.102	-2.704E-4	4.027E-2
23.111	-1.140E-5	4.043E-2
23.119	1.629E-4	4.065E-2
23.128	3.091E-4	4.091E-2
23.136	3.700E-4	4.121E-2
23.144	3.578E-4	4.151E-2
23.153	2.576E-4	4.173E-2
23.161	6.783E-5	4.186E-2
23.169	-1.506E-4	4.191E-2
23.178	-3.855E-4	4.184E-2
23.186	-6.135E-4	4.168E-2
23.195	-8.262E-4	4.145E-2
23.203	-9.595E-4	4.115E-2
23.211	-1.052E-3	4.083E-2
23.220	-1.054E-3	4.055E-2
23.228	-9.723E-4	4.032E-2
23.236	-8.472E-4	4.015E-2
23.245	-6.257E-4	4.011E-2
23.253	-3.975E-4	4.016E-2
23.262	-1.601E-4	4.035E-2
23.270	3.918E-5	4.059E-2
23.278	1.615E-4	4.090E-2
23.287	2.754E-4	4.125E-2
23.295	2.901E-4	4.156E-2
23.303	2.517E-4	4.179E-2
23.312	1.294E-4	4.197E-2
23.320	-4.239E-5	4.201E-2
23.329	-2.106E-4	4.197E-2
23.337	-3.897E-4	4.178E-2
23.345	-5.752E-4	4.152E-2
23.354	-7.253E-4	4.118E-2
23.362	-8.229E-4	4.085E-2
23.370	-8.415E-4	4.054E-2
23.379	-8.270E-4	4.026E-2
23.387	-7.776E-4	4.012E-2
23.396	-6.267E-4	4.007E-2
23.404	-4.996E-4	4.013E-2
23.412	-3.598E-4	4.031E-2
23.421	-1.614E-4	4.059E-2
23.429	-5.998E-5	4.092E-2
23.437	6.202E-5	4.126E-2
23.446	8.682E-5	4.161E-2
23.454	9.517E-5	4.188E-2
23.463	8.882E-5	4.207E-2
23.471	2.682E-6	4.213E-2
23.479	-1.093E-4	4.208E-2
23.488	-2.287E-4	4.190E-2
23.496	-3.592E-4	4.163E-2
23.504	-5.085E-4	4.126E-2
23.513	-5.990E-4	4.089E-2
23.521	-6.695E-4	4.055E-2
23.530	-6.788E-4	4.025E-2
23.538	-6.629E-4	4.010E-2
23.546	-6.003E-4	4.002E-2
23.555	-5.413E-4	4.007E-2
23.563	-4.347E-4	4.029E-2
23.571	-3.184E-4	4.057E-2
23.580	-1.940E-4	4.090E-2
23.588	-9.116E-5	4.126E-2
23.597	-3.524E-5	4.163E-2
23.605	1.003E-5	4.195E-2
23.613	6.950E-5	4.216E-2
23.622	6.597E-5	4.224E-2
23.630	2.225E-5	4.220E-2
23.638	-4.156E-5	4.202E-2
23.647	-1.486E-4	4.174E-2
23.655	-2.573E-4	4.138E-2
23.664	-3.795E-4	4.098E-2
23.672	-4.817E-4	4.063E-2
23.680	-5.835E-4	4.032E-2
23.689	-6.191E-4	4.013E-2
23.697	-6.399E-4	4.005E-2
23.705	-6.311E-4	4.007E-2
23.714	-5.876E-4	4.028E-2
23.722	-5.460E-4	4.056E-2
23.731	-4.376E-4	4.090E-2
23.739	-3.388E-4	4.126E-2
23.747	-2.068E-4	4.163E-2
23.756	-1.177E-4	4.195E-2
23.764	-5.579E-5	4.217E-2
23.773	2.155E-5	4.225E-2
23.781	7.279E-5	4.221E-2
23.789	7.228E-5	4.203E-2
23.798	3.050E-5	4.175E-2
23.806	-4.250E-5	4.141E-2
23.814	-1.399E-4	4.106E-2
23.823	-2.943E-4	4.070E-2
23.831	-4.006E-4	4.038E-2
23.840	-5.385E-4	4.016E-2
23.848	-6.149E-4	4.008E-2
23.856	-6.910E-4	4.009E-2
23.865	-6.785E-4	4.028E-2
23.873	-6.678E-4	4.056E-2
23.881	-5.976E-4	4.088E-2
23.890	-5.204E-4	4.123E-2
23.898	-3.988E-4	4.158E-2
23.907	-2.725E-4	4.186E-2
23.915	-1.230E-4	4.205E-2
23.923	-2.965E-6	4.212E-2
23.932	8.865E-5	4.210E-2
23.940	1.253E-4	4.200E-2
23.948	1.293E-4	4.175E-2
23.957	9.808E-5	4.141E-2
23.965	3.323E-5	4.108E-2
23.974	-1.002E-4	4.071E-2
23.982	-2.821E-4	4.044E-2
23.990	-4.389E-4	4.021E-2
23.999	-6.009E-4	4.013E-2
24.007	-7.504E-4	4.014E-2
24.015	-8.372E-4	4.028E-2
24.024	-8.398E-4	4.054E-2
24.032	-8.402E-4	4.084E-2
24.041	-7.913E-4	4.118E-2
24.049	-6.360E-4	4.151E-2
24.057	-4.565E-4	4.180E-2
24.066	-2.754E-4	4.198E-2
24.074	-1.032E-4	4.207E-2
24.082	8.548E-5	4.203E-2
24.091	2.127E-4	4.191E-2
24.099	2.651E-4	4.170E-2
24.108	3.077E-4	4.142E-2
24.116	2.348E-4	4.110E-2
24.124	1.106E-4	4.079E-2
24.133	-9.712E-5	4.053E-2
24.141	-3.319E-4	4.035E-2
24.149	-5.641E-4	4.024E-2
24.158	-7.739E-4	4.028E-2
24.166	-9.001E-4	4.040E-2
24.175	-1.018E-3	4.062E-2
24.183	-1.037E-3	4.087E-2
24.191	-1.001E-3	4.116E-2
24.200	-8.521E-4	4.142E-2
24.208	-6.388E-4	4.170E-2
24.216	-4.033E-4	4.188E-2
24.225	-1.515E-4	4.200E-2
24.233	8.565E-5	4.198E-2
24.242	2.876E-4	4.186E-2
24.250	3.927E-4	4.166E-2
24.258	4.599E-4	4.144E-2
24.267	3.541E-4	4.116E-2
24.275	2.528E-4	4.085E-2
24.283	6.360E-5	4.062E-2
24.292	-1.750E-4	4.043E-2
24.300	-4.419E-4	4.034E-2
24.309	-6.877E-4	4.036E-2
24.317	-8.951E-4	4.043E-2
24.325	-1.012E-3	4.061E-2
24.334	-1.055E-3	4.084E-2
24.342	-1.054E-3	4.108E-2
24.350	-9.730E-4	4.131E-2
24.359	-7.995E-4	4.152E-2
24.367	-5.464E-4	4.169E-2
24.376	-2.513E-4	4.177E-2
24.384	2.865E-5	4.176E-2
24.392	2.872E-4	4.170E-2
24.401	4.899E-4	4.154E-2
24.409	5.675E-4	4.134E-2
24.417	5.660E-4	4.110E-2
24.426	4.600E-4	4.086E-2
24.434	1.857E-4	4.067E-2
24.443	-1.151E-4	4.054E-2
24.451	-3.947E-4	4.046E-2
24.459	-6.807E-4	4.043E-2
24.468	-9.491E-4	4.050E-2
24.476	-1.130E-3	4.064E-2
24.485	-1.264E-3	4.082E-2
24.493	-1.271E-3	4.102E-2
24.501	-1.122E-3	4.122E-2
24.510	-9.194E-4	4.138E-2
24.518	-6.348E-4	4.150E-2
24.526	-3.363E-4	4.155E-2
24.535	1.214E-5	4.154E-2
24.543	3.114E-4	4.150E-2
24.552	5.533E-4	4.136E-2
24.560	6.693E-4	4.121E-2
24.568	6.459E-4	4.107E-2
24.577	5.576E-4	4.089E-2
24.585	3.311E-4	4.078E-2
24.593	5.637E-5	4.066E-2
24.602	-2.888E-4	4.060E-2
24.610	-6.242E-4	4.060E-2
24.619	-9.115E-4	4.064E-2
24.627	-1.125E-3	4.076E-2
24.635	-1.275E-3	4.087E-2
24.644	-1.280E-3	4.101E-2
24.652	-1.246E-3	4.112E-2
24.660	-1.040E-3	4.124E-2
24.669	-7.838E-4	4.131E-2
24.677	-4.363E-4	4.134E-2
24.686	-1.016E-4	4.133E-2
24.694	2.561E-4	4.130E-2
24.702	5.284E-4	4.123E-2
24.711	7.001E-4	4.113E-2
24.719	7.833E-4	4.104E-2
24.727	6.823E-4	4.093E-2
24.736	4.794E-4	4.084E-2
24.744	1.801E-4	4.081E-2
24.753	-1.600E-4	4.078E-2
24.761	-5.323E-4	4.080E-2
24.769	-8.620E-4	4.083E-2
24.778	-1.114E-3	4.085E-2
24.786	-1.289E-3	4.090E-2
24.794	-1.305E-3	4.097E-2
24.803	-1.289E-3	4.105E-2
24.811	-1.099E-3	4.109E-2
24.820	-8.329E-4	4.108E-2
24.828	-5.197E-4	4.111E-2
24.836	-1.555E-4	4.110E-2
24.845	1.682E-4	4.109E-2
24.853	4.734E-4	4.105E-2
24.861	6.956E-4	4.104E-2
24.870	7.772E-4	4.102E-2
24.878	7.288E-4	4.101E-2
24.887	5.553E-4	4.101E-2
24.895	2.803E-4	4.102E-2
24.903	-7.821E-5	4.103E-2
24.912	-4.280E-4	4.103E-2
24.920	-7.860E-4	4.105E-2
24.928	-1.060E-3	4.105E-2
24.937	-1.284E-3	4.106E-2
24.945	-1.348E-3	4.106E-2
24.954	-1.333E-3	4.106E-2
24.962	-1.155E-3	4.105E-2
24.970	-8.911E-4	4.104E-2
24.979	-5.686E-4	4.104E-2
24.987	-2.124E-4	4.103E-2
24.995	1.432E-4	4.104E-2
25.004	4.404E-4	4.104E-2
25.012	6.315E-4	4.106E-2
25.021	7.708E-4	4.109E-2
25.029	7.562E-4	4.111E-2
25.037	5.894E-4	4.114E-2
25.046	3.365E-4	4.114E-2
25.054	1.406E-5	4.112E-2
25.062	-3.389E-4	4.114E-2
25.071	-6.761E-4	4.112E-2
25.079	-9.758E-4	4.110E-2
25.088	-1.234E-3	4.105E-2
25.096	-1.330E-3	4.101E-2
25.104	-1.316E-3	4.093E-2
25.113	-1.220E-3	4.087E-2
25.121	-1.010E-3	4.081E-2
25.129	-7.108E-4	4.078E-2
25.138	-3.864E-4	4.079E-2
25.146	-4.732E-5	4.080E-2
25.155	2.770E-4	4.082E-2
25.163	5.246E-4	4.090E-2
25.171	6.388E-4	4.102E-2
25.180	6.419E-4	4.110E-2
25.188	5.339E-4	4.120E-2
25.197	3.105E-4	4.131E-2
25.205	4.258E-5	4.136E-2
25.213	-3.085E-4	4.135E-2
25.222	-6.334E-4	4.133E-2
25.230	-9.091E-4	4.128E-2
25.238	-1.107E-3	4.118E-2
25.247	-1.272E-3	4.108E-2
25.255	-1.285E-3	4.093E-2
25.264	-1.222E-3	4.080E-2
25.272	-1.040E-3	4.068E-2
25.280	-7.814E-4	4.059E-2
25.289	-4.530E-4	4.057E-2
25.297	-1.325E-4	4.059E-2
25.305	1.445E-4	4.064E-2
25.314	3.768E-4	4.078E-2
25.322	5.472E-4	4.093E-2
25.331	5.686E-4	4.108E-2
25.339	5.312E-4	4.126E-2
25.347	3.444E-4	4.136E-2
25.356	9.353E-5	4.148E-2
25.364	-1.838E-4	4.150E-2
25.372	-5.142E-4	4.151E-2
25.381	-8.130E-4	4.143E-2
25.389	-1.039E-3	4.131E-2
25.398	-1.143E-3	4.111E-2
25.406	-1.216E-3	4.091E-2
25.414	-1.151E-3	4.071E-2
25.423	-1.021E-3	4.057E-2
25.431	-8.063E-4	4.046E-2
25.439	-5.433E-4	4.039E-2
25.448	-2.491E-4	4.040E-2
25.456	2.300E-5	4.051E-2
25.465	2.681E-4	4.069E-2
25.473	4.142E-4	4.086E-2
25.481	4.816E-4	4.108E-2
25.490	4.822E-4	4.130E-2
25.498	3.466E-4	4.149E-2
25.506	1.218E-4	4.160E-2
25.515	-1.185E-4	4.164E-2
25.523	-3.848E-4	4.168E-2
25.532	-6.205E-4	4.157E-2
25.540	-8.366E-4	4.137E-2
25.548	-1.016E-3	4.112E-2
25.557	-1.063E-3	4.087E-2
25.565	-1.053E-3	4.063E-2
25.573	-9.818E-4	4.041E-2
25.582	-8.211E-4	4.029E-2
25.590	-5.976E-4	4.022E-2
25.599	-3.653E-4	4.022E-2
25.607	-1.284E-4	4.034E-2
25.615	9.587E-5	4.053E-2
25.624	2.794E-4	4.080E-2
25.632	3.380E-4	4.107E-2
25.640	3.378E-4	4.132E-2
25.649	2.937E-4	4.154E-2
25.657	1.211E-4	4.172E-2
25.666	-8.836E-5	4.177E-2
25.674	-3.236E-4	4.177E-2
25.682	-5.488E-4	4.163E-2
25.691	-7.267E-4	4.147E-2
25.699	-8.712E-4	4.122E-2
25.707	-9.552E-4	4.094E-2
25.716	-1.013E-3	4.068E-2
25.724	-9.647E-4	4.041E-2
25.733	-8.553E-4	4.022E-2
25.741	-6.582E-4	4.014E-2
25.749	-4.570E-4	4.015E-2
25.758	-2.441E-4	4.029E-2
25.766	-1.140E-4	4.053E-2
25.774	6.279E-5	4.082E-2
25.783	1.386E-4	4.110E-2
25.791	1.730E-4	4.138E-2
25.800	1.211E-4	4.163E-2
25.808	6.324E-5	4.182E-2
25.816	-8.365E-5	4.192E-2
25.825	-2.169E-4	4.194E-2
25.833	-3.897E-4	4.179E-2
25.842	-5.648E-4	4.156E-2
25.850	-6.596E-4	4.128E-2
25.858	-7.772E-4	4.097E-2
25.867	-8.301E-4	4.066E-2
25.875	-8.271E-4	4.038E-2
25.883	-8.083E-4	4.018E-2
25.892	-6.471E-4	4.009E-2
25.900	-5.424E-4	4.012E-2
25.909	-3.855E-4	4.022E-2
25.917	-2.222E-4	4.043E-2
25.925	-1.101E-4	4.073E-2
25.934	1.180E-5	4.108E-2
25.942	8.901E-5	4.140E-2
25.950	1.058E-4	4.172E-2
25.959	8.892E-5	4.191E-2
25.967	2.891E-5	4.202E-2
25.976	-8.808E-5	4.201E-2
25.984	-1.853E-4	4.187E-2
25.992	-3.210E-4	4.167E-2
26.001	-4.280E-4	4.139E-2
26.009	-5.441E-4	4.104E-2
26.017	-5.986E-4	4.070E-2
26.026	-6.397E-4	4.039E-2
26.034	-6.300E-4	4.016E-2
26.043	-6.129E-4	4.007E-2
26.051	-5.555E-4	4.010E-2
26.059	-4.617E-4	4.022E-2
26.068	-3.494E-4	4.042E-2
26.076	-2.617E-4	4.072E-2
26.084	-1.592E-4	4.108E-2
26.093	-1.032E-4	4.142E-2
26.101	-4.782E-5	4.174E-2
26.110	-2.449E-5	4.196E-2
26.118	-5.090E-5	4.205E-2
26.126	-1.093E-4	4.203E-2
26.135	-1.469E-4	4.191E-2
26.143	-1.755E-4	4.170E-2
26.151	-3.039E-4	4.140E-2
26.160	-3.927E-4	4.109E-2
26.168	-4.648E-4	4.074E-2
26.177	-5.888E-4	4.045E-2
26.185	-6.269E-4	4.020E-2
26.193	-6.212E-4	4.010E-2
26.202	-6.200E-4	4.011E-2
26.210	-6.106E-4	4.021E-2
26.218	-5.790E-4	4.042E-2
26.227	-5.148E-4	4.069E-2
26.235	-4.076E-4	4.103E-2
26.244	-3.475E-4	4.137E-2
26.252	-1.971E-4	4.165E-2
26.260	-1.279E-4	4.191E-2
26.269	-8.130E-5	4.203E-2
26.277	-3.880E-5	4.202E-2
26.285	-5.636E-5	4.190E-2
26.294	-7.875E-5	4.170E-2
26.302	-1.265E-4	4.142E-2
26.311	-1.943E-4	4.110E-2
26.319	-3.252E-4	4.077E-2
26.327	-4.077E-4	4.048E-2
26.336	-5.376E-4	4.028E-2
26.344	-6.259E-4	4.017E-2
26.352	-6.499E-4	4.016E-2
26.361	-7.035E-4	4.026E-2
26.369	-7.416E-4	4.048E-2
26.378	-6.927E-4	4.079E-2
26.386	-6.133E-4	4.111E-2
26.394	-5.104E-4	4.145E-2
26.403	-3.967E-4	4.174E-2
26.411	-2.347E-4	4.196E-2
26.419	-1.525E-4	4.206E-2
26.428	-3.782E-5	4.205E-2
26.436	3.980E-5	4.194E-2
26.445	7.715E-5	4.176E-2
26.453	8.374E-5	4.148E-2
26.461	2.586E-5	4.116E-2
26.470	-1.012E-4	4.083E-2
26.478	-2.034E-4	4.055E-2
26.486	-3.692E-4	4.035E-2
26.495	-5.374E-4	4.021E-2
26.503	-6.474E-4	4.019E-2
26.512	-7.676E-4	4.028E-2
26.520	-8.243E-4	4.047E-2
26.528	-8.231E-4	4.071E-2
26.537	-7.898E-4	4.104E-2
26.545	-6.649E-4	4.134E-2
26.554	-5.328E-4	4.159E-2
26.562	-3.694E-4	4.178E-2
26.570	-1.617E-4	4.190E-2
26.579	9.697E-6	4.194E-2
26.587	1.269E-4	4.186E-2
26.595	2.365E-4	4.166E-2
26.604	2.685E-4	4.144E-2
26.612	2.746E-4	4.115E-2
26.621	1.393E-4	4.085E-2
26.629	-2.832E-5	4.060E-2
26.637	-2.108E-4	4.039E-2
26.646	-4.097E-4	4.028E-2
26.654	-5.960E-4	4.031E-2
26.662	-7.752E-4	4.037E-2
26.671	-8.761E-4	4.055E-2
26.679	-9.167E-4	4.079E-2
26.688	-8.661E-4	4.105E-2
26.696	-7.732E-4	4.132E-2
26.704	-6.261E-4	4.155E-2
26.713	-4.276E-4	4.174E-2
26.721	-1.862E-4	4.183E-2
26.729	4.455E-5	4.182E-2
26.738	2.396E-4	4.175E-2
26.746	3.864E-4	4.159E-2
26.755	4.313E-4	4.135E-2
26.763	3.971E-4	4.109E-2
26.771	2.955E-4	4.084E-2
26.780	1.160E-4	4.061E-2
26.788	-9.472E-5	4.043E-2
26.796	-3.482E-4	4.034E-2
26.805	-5.888E-4	4.034E-2
26.813	-8.120E-4	4.037E-2
26.822	-9.931E-4	4.056E-2
26.830	-1.058E-3	4.075E-2
26.838	-1.057E-3	4.099E-2
26.847	-1.011E-3	4.122E-2
26.855	-8.411E-4	4.144E-2
26.863	-6.079E-4	4.161E-2
26.872	-3.707E-4	4.169E-2
26.880	-1.093E-4	4.173E-2
26.889	1.245E-4	4.168E-2
26.897	3.192E-4	4.157E-2
26.905	4.475E-4	4.139E-2
26.914	4.543E-4	4.116E-2
26.922	3.359E-4	4.092E-2
26.930	1.576E-4	4.074E-2
26.939	-9.606E-5	4.062E-2
26.947	-3.730E-4	4.056E-2
26.956	-6.319E-4	4.056E-2
26.964	-8.653E-4	4.059E-2
26.972	-1.069E-3	4.069E-2
26.981	-1.147E-3	4.083E-2
26.989	-1.177E-3	4.100E-2
26.997	-1.108E-3	4.116E-2
27.006	-9.877E-4	4.131E-2
27.014	-7.745E-4	4.143E-2
27.023	-4.959E-4	4.152E-2
27.031	-1.883E-4	4.153E-2
27.039	7.840E-5	4.151E-2
27.048	3.169E-4	4.142E-2
27.056	5.052E-4	4.131E-2
27.064	5.543E-4	4.116E-2
27.073	5.346E-4	4.099E-2
27.081	3.456E-4	4.087E-2
27.090	9.972E-5	4.078E-2
27.098	-1.753E-4	4.071E-2
27.106	-5.040E-4	4.073E-2
27.115	-8.161E-4	4.080E-2
27.123	-1.051E-3	4.085E-2
27.131	-1.226E-3	4.095E-2
27.140	-1.295E-3	4.108E-2
27.148	-1.246E-3	4.120E-2
27.157	-1.082E-3	4.131E-2
27.165	-8.500E-4	4.138E-2
27.173	-5.712E-4	4.137E-2
27.182	-2.089E-4	4.138E-2
27.190	8.151E-5	4.134E-2
27.198	3.351E-4	4.128E-2
27.207	5.445E-4	4.121E-2
27.215	5.919E-4	4.112E-2
27.224	5.673E-4	4.104E-2
27.232	4.119E-4	4.094E-2
27.240	1.458E-4	4.090E-2
27.249	-1.445E-4	4.086E-2
27.257	-4.418E-4	4.085E-2
27.266	-7.781E-4	4.085E-2
27.274	-1.046E-3	4.087E-2
27.282	-1.238E-3	4.090E-2
27.291	-1.333E-3	4.100E-2
27.299	-1.303E-3	4.106E-2
27.307	-1.123E-3	4.108E-2
27.316	-8.988E-4	4.110E-2
27.324	-6.123E-4	4.111E-2
27.333	-2.800E-4	4.110E-2
27.341	3.341E-5	4.108E-2
27.349	3.261E-4	4.107E-2
27.358	5.508E-4	4.104E-2
27.366	6.176E-4	4.103E-2
27.374	5.972E-4	4.101E-2
27.383	5.099E-4	4.103E-2
27.391	2.905E-4	4.103E-2
27.400	1.840E-5	4.103E-2
27.408	-3.308E-4	4.104E-2
27.416	-6.332E-4	4.105E-2
27.425	-9.166E-4	4.106E-2
27.433	-1.097E-3	4.106E-2
27.441	-1.229E-3	4.106E-2
27.450	-1.253E-3	4.106E-2
27.458	-1.134E-3	4.105E-2
27.467	-9.291E-4	4.105E-2
27.475	-6.789E-4	4.104E-2
27.483	-3.488E-4	4.104E-2
27.492	-4.614E-5	4.104E-2
27.500	2.589E-4	4.104E-2
27.508	5.071E-4	4.104E-2
27.517	6.237E-4	4.107E-2
27.525	6.214E-4	4.110E-2
27.534	5.488E-4	4.109E-2
27.542	3.325E-4	4.112E-2
27.550	7.151E-5	4.116E-2
27.559	-2.509E-4	4.115E-2
27.567	-5.946E-4	4.112E-2
27.575	-8.640E-4	4.110E-2
27.584	-1.068E-3	4.106E-2
27.592	-1.249E-3	4.103E-2
27.601	-1.262E-3	4.098E-2
27.609	-1.205E-3	4.089E-2
27.617	-1.047E-3	4.083E-2
27.626	-8.078E-4	4.080E-2
27.634	-5.023E-4	4.079E-2
27.642	-1.784E-4	4.080E-2
27.651	9.930E-5	4.082E-2
27.659	3.353E-4	4.086E-2
27.668	5.246E-4	4.094E-2
27.676	5.559E-4	4.107E-2
27.684	5.245E-4	4.116E-2
27.693	3.347E-4	4.125E-2
27.701	9.331E-5	4.131E-2
27.709	-1.757E-4	4.133E-2
27.718	-5.036E-4	4.132E-2
27.726	-8.062E-4	4.128E-2
27.735	-1.041E-3	4.123E-2
27.743	-1.140E-3	4.110E-2
27.751	-1.189E-3	4.100E-2
27.760	-1.146E-3	4.087E-2
27.768	-1.033E-3	4.077E-2
27.776	-8.134E-4	4.067E-2
27.785	-5.543E-4	4.061E-2
27.793	-2.469E-4	4.061E-2
27.802	2.497E-5	4.062E-2
27.810	2.770E-4	4.078E-2
27.818	4.501E-4	4.088E-2
27.827	5.016E-4	4.105E-2
27.835	4.962E-4	4.120E-2
27.843	3.469E-4	4.134E-2
27.852	1.167E-4	4.144E-2
27.860	-1.233E-4	4.152E-2
27.869	-3.941E-4	4.152E-2
27.877	-6.384E-4	4.148E-2
27.885	-8.596E-4	4.135E-2
27.894	-1.030E-3	4.117E-2
27.902	-1.053E-3	4.104E-2
27.910	-1.057E-3	4.086E-2
27.919	-1.004E-3	4.068E-2
27.927	-8.214E-4	4.057E-2
27.936	-5.929E-4	4.052E-2
27.944	-3.513E-4	4.055E-2
27.952	-1.007E-4	4.061E-2
27.961	1.234E-4	4.072E-2
27.969	3.054E-4	4.091E-2
27.978	3.709E-4	4.109E-2
27.986	3.604E-4	4.130E-2
27.994	2.960E-4	4.149E-2
28.003	1.121E-4	4.160E-2
28.011	-1.162E-4	4.169E-2
28.019	-3.528E-4	4.172E-2
28.028	-5.871E-4	4.163E-2
28.036	-8.010E-4	4.153E-2
28.045	-9.234E-4	4.131E-2
28.053	-1.025E-3	4.109E-2
28.061	-1.035E-3	4.085E-2
28.070	-9.743E-4	4.064E-2
28.078	-8.445E-4	4.048E-2
28.086	-6.303E-4	4.042E-2
28.095	-4.058E-4	4.040E-2
28.103	-1.660E-4	4.045E-2
28.112	3.055E-5	4.061E-2
28.120	1.707E-4	4.082E-2
28.128	2.856E-4	4.106E-2
28.137	3.107E-4	4.129E-2
28.145	2.668E-4	4.152E-2
28.153	1.411E-4	4.170E-2
28.162	-3.031E-5	4.179E-2
28.170	-2.080E-4	4.178E-2
28.179	-3.968E-4	4.172E-2
28.187	-5.788E-4	4.155E-2
28.195	-7.479E-4	4.131E-2
28.204	-8.324E-4	4.106E-2
28.212	-8.369E-4	4.080E-2
28.220	-8.337E-4	4.058E-2
28.229	-7.803E-4	4.039E-2
28.237	-6.243E-4	4.030E-2
28.246	-4.532E-4	4.031E-2
28.254	-2.979E-4	4.039E-2
28.262	-1.220E-4	4.057E-2
28.271	2.865E-5	4.081E-2
28.279	1.254E-4	4.108E-2
28.287	1.614E-4	4.134E-2
28.296	1.401E-4	4.157E-2
28.304	8.855E-5	4.176E-2
28.313	-3.973E-5	4.186E-2
28.321	-1.600E-4	4.182E-2
28.329	-3.407E-4	4.175E-2
28.338	-4.565E-4	4.156E-2
28.346	-5.860E-4	4.132E-2
28.354	-6.682E-4	4.104E-2
28.363	-7.306E-4	4.077E-2
28.371	-7.589E-4	4.052E-2
28.380	-7.385E-4	4.033E-2
28.388	-6.457E-4	4.020E-2
28.396	-5.657E-4	4.017E-2
28.405	-4.096E-4	4.023E-2
28.413	-3.029E-4	4.039E-2
28.421	-1.618E-4	4.064E-2
28.430	-9.280E-5	4.093E-2
28.438	-1.163E-5	4.127E-2
28.447	1.408E-5	4.154E-2
28.455	2.834E-5	4.175E-2
28.463	-3.128E-5	4.185E-2
28.472	-1.087E-4	4.183E-2
28.480	-1.930E-4	4.176E-2
28.488	-3.227E-4	4.156E-2
28.497	-4.039E-4	4.131E-2
28.505	-5.265E-4	4.103E-2
28.514	-5.980E-4	4.075E-2
28.522	-6.040E-4	4.045E-2
28.530	-6.078E-4	4.021E-2
28.539	-6.069E-4	4.009E-2
28.547	-5.868E-4	4.009E-2
28.555	-5.467E-4	4.016E-2
28.564	-4.198E-4	4.035E-2
28.572	-3.490E-4	4.061E-2
28.581	-2.608E-4	4.090E-2
28.589	-1.613E-4	4.122E-2
28.597	-1.209E-4	4.151E-2
28.606	-1.007E-4	4.174E-2
28.614	-9.805E-5	4.185E-2
28.622	-1.131E-4	4.182E-2
28.631	-1.244E-4	4.176E-2
28.639	-1.755E-4	4.158E-2
28.648	-2.628E-4	4.132E-2
28.656	-3.760E-4	4.104E-2
28.664	-4.190E-4	4.074E-2
28.673	-5.180E-4	4.044E-2
28.681	-5.592E-4	4.020E-2
28.690	-6.181E-4	4.009E-2
28.698	-6.154E-4	4.007E-2
28.706	-6.086E-4	4.014E-2
28.715	-5.854E-4	4.033E-2
28.723	-5.405E-4	4.059E-2
28.731	-4.435E-4	4.088E-2
28.740	-3.635E-4	4.120E-2
28.748	-2.620E-4	4.151E-2
28.757	-1.696E-4	4.174E-2
28.765	-1.271E-4	4.185E-2
28.773	-9.572E-5	4.187E-2
28.782	-1.045E-4	4.183E-2
28.790	-1.095E-4	4.164E-2
28.798	-1.361E-4	4.141E-2
28.807	-1.640E-4	4.114E-2
28.815	-2.499E-4	4.083E-2
28.824	-3.915E-4	4.056E-2
28.832	-4.518E-4	4.035E-2
28.840	-5.437E-4	4.020E-2
28.849	-6.155E-4	4.015E-2
28.857	-6.440E-4	4.020E-2
28.865	-6.402E-4	4.037E-2
28.874	-6.183E-4	4.061E-2
28.882	-5.830E-4	4.088E-2
28.891	-5.174E-4	4.119E-2
28.899	-3.878E-4	4.150E-2
28.907	-2.932E-4	4.173E-2
28.916	-1.557E-4	4.184E-2
28.924	-8.460E-5	4.185E-2
28.932	1.728E-5	4.180E-2
28.941	7.314E-5	4.159E-2
28.949	8.086E-5	4.134E-2
28.958	4.554E-5	4.107E-2
28.966	-5.980E-5	4.080E-2
28.974	-1.564E-4	4.055E-2
28.983	-3.327E-4	4.034E-2
28.991	-4.345E-4	4.021E-2
28.999	-5.772E-4	4.014E-2
29.008	-6.669E-4	4.019E-2
29.016	-7.447E-4	4.036E-2
29.025	-7.813E-4	4.058E-2
29.033	-7.759E-4	4.085E-2
29.041	-6.658E-4	4.110E-2
29.050	-5.581E-4	4.134E-2
29.058	-3.876E-4	4.155E-2
29.066	-2.185E-4	4.169E-2
29.075	-7.552E-5	4.175E-2
29.083	7.016E-5	4.171E-2
29.092	1.422E-4	4.156E-2
29.100	1.765E-4	4.133E-2
29.108	1.458E-4	4.108E-2
29.117	7.929E-5	4.081E-2
29.125	-6.236E-5	4.059E-2
29.133	-2.079E-4	4.039E-2
29.142	-3.824E-4	4.028E-2
29.150	-5.691E-4	4.029E-2
29.159	-7.533E-4	4.033E-2
29.167	-8.609E-4	4.044E-2
29.175	-8.882E-4	4.062E-2
29.184	-8.690E-4	4.085E-2
29.192	-8.168E-4	4.108E-2
29.200	-6.788E-4	4.131E-2
29.209	-5.100E-4	4.150E-2
29.217	-3.372E-4	4.162E-2
29.226	-1.239E-4	4.165E-2
29.234	7.348E-5	4.161E-2
29.242	2.008E-4	4.150E-2
29.251	2.935E-4	4.131E-2
29.259	3.090E-4	4.108E-2
29.267	2.599E-4	4.085E-2
29.276	1.182E-4	4.065E-2
29.284	-8.040E-5	4.048E-2
29.293	-3.159E-4	4.039E-2
29.301	-5.505E-4	4.038E-2
29.309	-7.603E-4	4.038E-2
29.318	-8.974E-4	4.049E-2
29.326	-1.022E-3	4.066E-2
29.335	-1.051E-3	4.085E-2
29.343	-1.013E-3	4.106E-2
29.351	-8.573E-4	4.126E-2
29.360	-6.529E-4	4.141E-2
29.368	-4.135E-4	4.154E-2
29.376	-1.642E-4	4.156E-2
29.385	7.052E-5	4.152E-2
29.393	2.685E-4	4.144E-2
29.402	3.716E-4	4.131E-2
29.410	4.037E-4	4.111E-2
29.418	3.429E-4	4.093E-2
29.427	2.460E-4	4.076E-2
29.435	6.843E-5	4.063E-2
29.443	-1.612E-4	4.054E-2
29.452	-4.254E-4	4.056E-2
29.460	-6.556E-4	4.057E-2
29.469	-8.565E-4	4.063E-2
29.477	-9.963E-4	4.078E-2
29.485	-1.045E-3	4.092E-2
29.494	-1.029E-3	4.106E-2
29.502	-9.204E-4	4.123E-2
29.510	-7.254E-4	4.134E-2
29.519	-5.046E-4	4.141E-2
29.527	-2.286E-4	4.148E-2
29.536	4.300E-5	4.149E-2
29.544	2.849E-4	4.141E-2
29.552	4.619E-4	4.132E-2
29.561	5.111E-4	4.119E-2
29.569	5.205E-4	4.108E-2
29.577	3.768E-4	4.094E-2
29.586	1.440E-4	4.087E-2
29.594	-1.075E-4	4.081E-2
29.603	-3.829E-4	4.079E-2
29.611	-6.416E-4	4.080E-2
29.619	-8.630E-4	4.086E-2
29.628	-1.034E-3	4.094E-2
29.636	-1.109E-3	4.107E-2
29.644	-1.089E-3	4.115E-2
29.653	-1.014E-3	4.125E-2
29.661	-8.309E-4	4.131E-2
29.670	-5.816E-4	4.134E-2
29.678	-3.219E-4	4.135E-2
29.686	-4.216E-5	4.132E-2
29.695	1.835E-4	4.128E-2
29.703	3.678E-4	4.123E-2
29.711	5.017E-4	4.114E-2
29.720	5.229E-4	4.106E-2
29.728	3.954E-4	4.099E-2
29.737	1.980E-4	4.093E-2
29.745	-8.385E-5	4.087E-2
29.753	-3.806E-4	4.086E-2
29.762	-6.439E-4	4.085E-2
29.770	-8.811E-4	4.086E-2
29.778	-1.069E-3	4.091E-2
29.787	-1.167E-3	4.097E-2
29.795	-1.224E-3	4.105E-2
29.804	-1.112E-3	4.108E-2
29.812	-9.523E-4	4.109E-2
29.820	-7.308E-4	4.108E-2
29.829	-4.468E-4	4.109E-2
29.837	-1.453E-4	4.108E-2
29.845	1.218E-4	4.107E-2
29.854	3.348E-4	4.104E-2
29.862	5.064E-4	4.104E-2
29.871	5.224E-4	4.104E-2
29.879	4.895E-4	4.102E-2
29.887	3.087E-4	4.103E-2
29.896	6.955E-5	4.103E-2
29.904	-2.104E-4	4.105E-2
29.912	-5.198E-4	4.105E-2
29.921	-8.139E-4	4.106E-2
29.929	-1.030E-3	4.106E-2
29.938	-1.129E-3	4.107E-2
29.946	-1.173E-3	4.106E-2
29.954	-1.114E-3	4.106E-2
29.963	-9.797E-4	4.105E-2
29.971	-7.670E-4	4.105E-2
29.979	-4.849E-4	4.103E-2
29.988	-1.826E-4	4.101E-2
29.996	8.999E-5	4.102E-2
30.005	3.247E-4	4.104E-2
30.013	4.970E-4	4.106E-2
30.021	5.569E-4	4.107E-2
30.030	5.176E-4	4.110E-2
30.038	3.355E-4	4.114E-2
30.047	1.073E-4	4.114E-2
30.055	-1.502E-4	4.114E-2
30.063	-4.404E-4	4.113E-2
30.072	-7.241E-4	4.111E-2
30.080	-9.845E-4	4.109E-2
30.088	-1.094E-3	4.104E-2
30.097	-1.143E-3	4.100E-2
30.105	-1.079E-3	4.093E-2
30.114	-9.975E-4	4.084E-2
30.122	-7.955E-4	4.080E-2
30.130	-5.425E-4	4.081E-2
30.139	-2.440E-4	4.077E-2
30.147	2.207E-5	4.080E-2
30.155	2.713E-4	4.084E-2
30.164	4.330E-4	4.089E-2
30.172	5.085E-4	4.101E-2
30.181	5.190E-4	4.109E-2
30.189	3.423E-4	4.117E-2
30.197	1.235E-4	4.128E-2
30.206	-1.248E-4	4.131E-2
30.214	-3.918E-4	4.132E-2
30.222	-6.438E-4	4.130E-2
30.231	-8.581E-4	4.126E-2
30.239	-1.030E-3	4.113E-2
30.248	-1.076E-3	4.103E-2
30.256	-1.064E-3	4.090E-2
30.264	-1.005E-3	4.080E-2
30.273	-8.300E-4	4.072E-2
30.281	-5.921E-4	4.067E-2
30.289	-3.359E-4	4.064E-2
30.298	-8.457E-5	4.064E-2
30.306	1.336E-4	4.073E-2
30.315	3.154E-4	4.085E-2
30.323	3.887E-4	4.100E-2
30.331	3.682E-4	4.112E-2
30.340	2.922E-4	4.127E-2
30.348	1.076E-4	4.137E-2
30.356	-1.232E-4	4.143E-2
30.365	-3.641E-4	4.147E-2
30.373	-6.014E-4	4.145E-2
30.382	-8.274E-4	4.137E-2
30.390	-9.932E-4	4.124E-2
30.398	-1.070E-3	4.107E-2
30.407	-1.071E-3	4.089E-2
30.415	-1.018E-3	4.076E-2
30.423	-8.507E-4	4.063E-2
30.432	-6.289E-4	4.057E-2
30.440	-3.934E-4	4.057E-2
30.449	-1.523E-4	4.059E-2
30.457	7.163E-5	4.068E-2
30.465	2.385E-4	4.083E-2
30.474	3.432E-4	4.101E-2
30.482	3.434E-4	4.119E-2
30.490	3.064E-4	4.139E-2
30.499	1.451E-4	4.152E-2
30.507	-4.462E-5	4.159E-2
30.516	-2.636E-4	4.158E-2
30.524	-5.107E-4	4.153E-2
30.532	-6.887E-4	4.143E-2
30.541	-8.397E-4	
30.549	-9.050E-4	
30.557	-9.283E-4	
