#multi:
	mass A	mass B	
t	x	x	
0.000	-4.285E-3	4.065E-2
0.008	-4.313E-3	4.067E-2
0.017	-4.315E-3	4.067E-2
0.025	-4.326E-3	4.069E-2
0.034	-4.332E-3	4.068E-2
0.042	-4.330E-3	4.068E-2
0.050	-4.330E-3	4.068E-2
0.059	-4.335E-3	4.068E-2
0.067	-4.317E-3	4.067E-2
0.075	-4.250E-3	4.066E-2
0.084	-4.161E-3	4.065E-2
0.092	-4.003E-3	4.066E-2
0.101	-3.837E-3	4.065E-2
0.109	-3.585E-3	4.065E-2
0.117	-3.298E-3	4.065E-2
0.126	-2.945E-3	4.066E-2
0.134	-2.444E-3	4.067E-2
0.142	-1.733E-3	4.067E-2
0.151	-8.789E-4	4.072E-2
0.159	7.409E-5	4.077E-2
0.168	1.017E-3	4.087E-2
0.176	1.744E-3	4.092E-2
0.184	2.335E-3	4.100E-2
0.193	2.557E-3	4.112E-2
0.201	2.366E-3	4.118E-2
0.209	1.893E-3	4.122E-2
0.218	1.079E-3	4.124E-2
0.226	1.666E-4	4.128E-2
0.235	-7.828E-4	4.123E-2
0.243	-1.672E-3	4.116E-2
0.251	-2.328E-3	4.103E-2
0.260	-2.838E-3	4.089E-2
0.268	-3.043E-3	4.070E-2
0.276	-2.936E-3	4.053E-2
0.285	-2.548E-3	4.040E-2
0.293	-2.003E-3	4.031E-2
0.302	-1.169E-3	4.034E-2
0.310	-2.918E-4	4.038E-2
0.318	5.798E-4	4.048E-2
0.327	1.435E-3	4.066E-2
0.335	1.996E-3	4.089E-2
0.343	2.327E-3	4.112E-2
0.352	2.271E-3	4.137E-2
0.360	1.838E-3	4.159E-2
0.369	1.185E-3	4.175E-2
0.377	3.268E-4	4.182E-2
0.385	-5.695E-4	4.178E-2
0.394	-1.397E-3	4.164E-2
0.402	-2.162E-3	4.140E-2
0.410	-2.682E-3	4.109E-2
0.419	-2.913E-3	4.075E-2
0.427	-2.911E-3	4.043E-2
0.436	-2.650E-3	4.014E-2
0.444	-2.119E-3	3.995E-2
0.452	-1.457E-3	3.983E-2
0.461	-6.200E-4	3.981E-2
0.469	2.741E-4	3.998E-2
0.477	1.050E-3	4.024E-2
0.486	1.678E-3	4.059E-2
0.494	2.093E-3	4.100E-2
0.503	2.134E-3	4.138E-2
0.511	1.901E-3	4.176E-2
0.519	1.340E-3	4.205E-2
0.528	5.884E-4	4.217E-2
0.536	-1.883E-4	4.221E-2
0.544	-1.011E-3	4.205E-2
0.553	-1.732E-3	4.174E-2
0.561	-2.252E-3	4.134E-2
0.570	-2.555E-3	4.086E-2
0.578	-2.667E-3	4.039E-2
0.586	-2.476E-3	3.996E-2
0.595	-2.114E-3	3.962E-2
0.603	-1.551E-3	3.948E-2
0.611	-8.015E-4	3.948E-2
0.620	-5.911E-5	3.966E-2
0.628	6.840E-4	3.999E-2
0.637	1.277E-3	4.044E-2
0.645	1.687E-3	4.095E-2
0.653	1.889E-3	4.151E-2
0.662	1.745E-3	4.202E-2
0.670	1.340E-3	4.240E-2
0.678	7.672E-4	4.265E-2
0.687	5.624E-5	4.269E-2
0.695	-6.344E-4	4.251E-2
0.704	-1.306E-3	4.215E-2
0.712	-1.847E-3	4.161E-2
0.720	-2.186E-3	4.099E-2
0.729	-2.320E-3	4.034E-2
0.737	-2.307E-3	3.981E-2
0.746	-2.009E-3	3.935E-2
0.754	-1.554E-3	3.908E-2
0.762	-9.793E-4	3.906E-2
0.771	-3.166E-4	3.923E-2
0.779	3.262E-4	3.959E-2
0.787	8.920E-4	4.012E-2
0.796	1.302E-3	4.076E-2
0.804	1.509E-3	4.143E-2
0.813	1.506E-3	4.204E-2
0.821	1.280E-3	4.253E-2
0.829	8.326E-4	4.281E-2
0.838	3.069E-4	4.286E-2
0.846	-2.926E-4	4.273E-2
0.854	-9.123E-4	4.233E-2
0.863	-1.373E-3	4.174E-2
0.871	-1.754E-3	4.106E-2
0.880	-1.980E-3	4.034E-2
0.888	-2.006E-3	3.969E-2
0.896	-1.889E-3	3.917E-2
0.905	-1.604E-3	3.885E-2
0.913	-1.136E-3	3.877E-2
0.921	-6.111E-4	3.893E-2
0.930	-8.930E-5	3.935E-2
0.938	4.351E-4	3.995E-2
0.947	8.302E-4	4.066E-2
0.955	1.115E-3	4.142E-2
0.963	1.228E-3	4.212E-2
0.972	1.155E-3	4.270E-2
0.980	8.727E-4	4.306E-2
0.988	4.993E-4	4.317E-2
0.997	5.103E-5	4.300E-2
1.005	-4.027E-4	4.258E-2
1.014	-8.646E-4	4.197E-2
1.022	-1.270E-3	4.121E-2
1.030	-1.522E-3	4.038E-2
1.039	-1.697E-3	3.965E-2
1.047	-1.713E-3	3.906E-2
1.055	-1.537E-3	3.864E-2
1.064	-1.298E-3	3.851E-2
1.072	-9.135E-4	3.865E-2
1.081	-4.626E-4	3.906E-2
1.089	-4.516E-5	3.972E-2
1.097	3.383E-4	4.047E-2
1.106	6.484E-4	4.128E-2
1.114	8.276E-4	4.209E-2
1.122	9.282E-4	4.272E-2
1.131	9.303E-4	4.318E-2
1.139	7.015E-4	4.334E-2
1.148	4.323E-4	4.323E-2
1.156	4.695E-5	4.280E-2
1.164	-3.223E-4	4.218E-2
1.173	-6.633E-4	4.139E-2
1.181	-9.855E-4	4.053E-2
1.189	-1.238E-3	3.968E-2
1.198	-1.347E-3	3.905E-2
1.206	-1.369E-3	3.859E-2
1.215	-1.259E-3	3.841E-2
1.223	-1.051E-3	3.851E-2
1.231	-8.154E-4	3.893E-2
1.240	-4.755E-4	3.959E-2
1.248	-1.525E-4	4.036E-2
1.256	1.346E-4	4.121E-2
1.265	4.087E-4	4.201E-2
1.273	5.775E-4	4.271E-2
1.282	7.147E-4	4.321E-2
1.290	7.376E-4	4.342E-2
1.298	6.064E-4	4.330E-2
1.307	3.812E-4	4.292E-2
1.315	1.226E-4	4.230E-2
1.323	-2.024E-4	4.151E-2
1.332	-5.199E-4	4.065E-2
1.340	-8.162E-4	3.980E-2
1.349	-1.054E-3	3.907E-2
1.357	-1.244E-3	3.859E-2
1.365	-1.309E-3	3.838E-2
1.374	-1.300E-3	3.844E-2
1.382	-1.163E-3	3.879E-2
1.391	-1.007E-3	3.941E-2
1.399	-7.537E-4	4.021E-2
1.407	-4.105E-4	4.108E-2
1.416	-1.226E-4	4.190E-2
1.424	1.775E-4	4.259E-2
1.432	4.750E-4	4.308E-2
1.441	6.184E-4	4.329E-2
1.449	7.350E-4	4.321E-2
1.458	7.022E-4	4.288E-2
1.466	5.547E-4	4.231E-2
1.474	3.221E-4	4.157E-2
1.483	1.821E-5	4.072E-2
1.491	-3.319E-4	3.985E-2
1.499	-6.545E-4	3.918E-2
1.508	-9.695E-4	3.870E-2
1.516	-1.244E-3	3.847E-2
1.525	-1.365E-3	3.855E-2
1.533	-1.425E-3	3.885E-2
1.541	-1.351E-3	3.941E-2
1.550	-1.149E-3	4.018E-2
1.558	-8.581E-4	4.101E-2
1.566	-5.134E-4	4.180E-2
1.575	-1.300E-4	4.249E-2
1.583	2.455E-4	4.300E-2
1.592	6.005E-4	4.326E-2
1.600	8.533E-4	4.323E-2
1.608	9.584E-4	4.293E-2
1.617	9.748E-4	4.240E-2
1.625	8.374E-4	4.172E-2
1.633	5.436E-4	4.094E-2
1.642	1.834E-4	4.012E-2
1.650	-2.943E-4	3.944E-2
1.659	-7.239E-4	3.893E-2
1.667	-1.124E-3	3.869E-2
1.675	-1.467E-3	3.873E-2
1.684	-1.668E-3	3.901E-2
1.692	-1.738E-3	3.951E-2
1.700	-1.673E-3	4.018E-2
1.709	-1.451E-3	4.093E-2
1.717	-1.077E-3	4.167E-2
1.726	-6.413E-4	4.229E-2
1.734	-1.436E-4	4.279E-2
1.742	3.305E-4	4.304E-2
1.751	7.674E-4	4.302E-2
1.759	1.070E-3	4.278E-2
1.767	1.227E-3	4.232E-2
1.776	1.201E-3	4.168E-2
1.784	9.973E-4	4.097E-2
1.793	5.944E-4	4.023E-2
1.801	1.096E-4	3.958E-2
1.809	-4.199E-4	3.909E-2
1.818	-9.772E-4	3.882E-2
1.826	-1.457E-3	3.881E-2
1.834	-1.793E-3	3.901E-2
1.843	-1.991E-3	3.945E-2
1.851	-1.989E-3	4.003E-2
1.860	-1.826E-3	4.070E-2
1.868	-1.504E-3	4.137E-2
1.876	-1.025E-3	4.196E-2
1.885	-4.607E-4	4.245E-2
1.893	1.406E-4	4.273E-2
1.901	7.229E-4	4.275E-2
1.910	1.201E-3	4.258E-2
1.918	1.505E-3	4.221E-2
1.927	1.601E-3	4.169E-2
1.935	1.421E-3	4.108E-2
1.943	1.079E-3	4.045E-2
1.952	5.474E-4	3.988E-2
1.960	-9.989E-5	3.947E-2
1.968	-7.494E-4	3.923E-2
1.977	-1.372E-3	3.918E-2
1.985	-1.825E-3	3.931E-2
1.994	-2.155E-3	3.966E-2
2.002	-2.269E-3	4.014E-2
2.010	-2.173E-3	4.070E-2
2.019	-1.880E-3	4.126E-2
2.027	-1.451E-3	4.179E-2
2.035	-8.499E-4	4.218E-2
2.044	-1.598E-4	4.246E-2
2.052	5.258E-4	4.252E-2
2.061	1.163E-3	4.241E-2
2.069	1.633E-3	4.212E-2
2.077	1.866E-3	4.169E-2
2.086	1.868E-3	4.118E-2
2.094	1.535E-3	4.066E-2
2.103	9.981E-4	4.020E-2
2.111	3.133E-4	3.983E-2
2.119	-4.311E-4	3.959E-2
2.128	-1.125E-3	3.950E-2
2.136	-1.733E-3	3.959E-2
2.144	-2.186E-3	3.979E-2
2.153	-2.412E-3	4.014E-2
2.161	-2.425E-3	4.058E-2
2.170	-2.196E-3	4.104E-2
2.178	-1.742E-3	4.146E-2
2.186	-1.108E-3	4.177E-2
2.195	-3.834E-4	4.200E-2
2.203	3.731E-4	4.207E-2
2.211	1.099E-3	4.202E-2
2.220	1.653E-3	4.182E-2
2.228	2.014E-3	4.154E-2
2.237	2.036E-3	4.118E-2
2.245	1.768E-3	4.081E-2
2.253	1.260E-3	4.048E-2
2.262	5.349E-4	4.019E-2
2.270	-2.229E-4	4.000E-2
2.278	-1.024E-3	3.994E-2
2.287	-1.731E-3	3.996E-2
2.295	-2.252E-3	4.011E-2
2.304	-2.544E-3	4.037E-2
2.312	-2.597E-3	4.065E-2
2.320	-2.462E-3	4.092E-2
2.329	-2.045E-3	4.119E-2
2.337	-1.454E-3	4.140E-2
2.345	-6.718E-4	4.156E-2
2.354	1.248E-4	4.163E-2
2.362	9.340E-4	4.161E-2
2.371	1.625E-3	4.152E-2
2.379	2.092E-3	4.135E-2
2.387	2.227E-3	4.116E-2
2.396	2.094E-3	4.092E-2
2.404	1.645E-3	4.071E-2
2.412	9.739E-4	4.054E-2
2.421	1.407E-4	4.039E-2
2.429	-7.161E-4	4.035E-2
2.438	-1.503E-3	4.035E-2
2.446	-2.113E-3	4.041E-2
2.454	-2.533E-3	4.050E-2
2.463	-2.687E-3	4.062E-2
2.471	-2.545E-3	4.075E-2
2.479	-2.218E-3	4.087E-2
2.488	-1.631E-3	4.098E-2
2.496	-9.115E-4	4.109E-2
2.505	-1.068E-4	4.114E-2
2.513	7.476E-4	4.116E-2
2.521	1.475E-3	4.115E-2
2.530	2.000E-3	4.112E-2
2.538	2.250E-3	4.108E-2
2.546	2.151E-3	4.102E-2
2.555	1.774E-3	4.097E-2
2.563	1.145E-3	4.090E-2
2.572	3.071E-4	4.087E-2
2.580	-5.410E-4	4.082E-2
2.588	-1.367E-3	4.077E-2
2.597	-2.018E-3	4.075E-2
2.605	-2.471E-3	4.069E-2
2.613	-2.712E-3	4.067E-2
2.622	-2.680E-3	4.066E-2
2.630	-2.394E-3	4.066E-2
2.639	-1.901E-3	4.065E-2
2.647	-1.232E-3	4.066E-2
2.655	-4.153E-4	4.069E-2
2.664	4.056E-4	4.073E-2
2.672	1.188E-3	4.080E-2
2.680	1.781E-3	4.091E-2
2.689	2.120E-3	4.100E-2
2.697	2.166E-3	4.110E-2
2.706	1.876E-3	4.116E-2
2.714	1.321E-3	4.121E-2
2.722	5.510E-4	4.122E-2
2.731	-2.670E-4	4.120E-2
2.739	-1.102E-3	4.112E-2
2.747	-1.798E-3	4.103E-2
2.756	-2.295E-3	4.089E-2
2.764	-2.545E-3	4.071E-2
2.773	-2.570E-3	4.054E-2
2.781	-2.438E-3	4.041E-2
2.789	-2.006E-3	4.028E-2
2.798	-1.363E-3	4.021E-2
2.806	-5.957E-4	4.021E-2
2.815	2.061E-4	4.025E-2
2.823	9.678E-4	4.041E-2
2.831	1.591E-3	4.063E-2
2.840	1.962E-3	4.087E-2
2.848	2.087E-3	4.112E-2
2.856	1.913E-3	4.135E-2
2.865	1.466E-3	4.153E-2
2.873	7.864E-4	4.164E-2
2.882	3.975E-5	4.163E-2
2.890	-7.613E-4	4.159E-2
2.898	-1.481E-3	4.139E-2
2.907	-2.022E-3	4.114E-2
2.915	-2.361E-3	4.085E-2
2.923	-2.514E-3	4.054E-2
2.932	-2.381E-3	4.024E-2
2.940	-2.044E-3	3.999E-2
2.949	-1.523E-3	3.982E-2
2.957	-8.228E-4	3.977E-2
2.965	-9.590E-5	3.984E-2
2.974	6.097E-4	4.002E-2
2.982	1.255E-3	4.030E-2
2.990	1.699E-3	4.066E-2
2.999	1.897E-3	4.107E-2
3.007	1.856E-3	4.144E-2
3.016	1.502E-3	4.173E-2
3.024	9.661E-4	4.198E-2
3.032	2.842E-4	4.205E-2
3.041	-4.346E-4	4.198E-2
3.049	-1.105E-3	4.177E-2
3.057	-1.659E-3	4.143E-2
3.066	-2.061E-3	4.101E-2
3.074	-2.249E-3	4.059E-2
3.083	-2.227E-3	4.017E-2
3.091	-1.983E-3	3.980E-2
3.099	-1.549E-3	3.954E-2
3.108	-9.747E-4	3.947E-2
3.116	-3.444E-4	3.953E-2
3.124	3.288E-4	3.975E-2
3.133	9.459E-4	4.013E-2
3.141	1.415E-3	4.061E-2
3.150	1.673E-3	4.113E-2
3.158	1.685E-3	4.161E-2
3.166	1.478E-3	4.203E-2
3.175	1.056E-3	4.231E-2
3.183	4.931E-4	4.245E-2
3.191	-1.304E-4	4.240E-2
3.200	-7.614E-4	4.215E-2
3.208	-1.303E-3	4.172E-2
3.217	-1.709E-3	4.121E-2
3.225	-1.965E-3	4.065E-2
3.233	-2.025E-3	4.011E-2
3.242	-1.854E-3	3.966E-2
3.250	-1.588E-3	3.932E-2
3.258	-1.123E-3	3.920E-2
3.267	-5.676E-4	3.927E-2
3.275	4.602E-6	3.951E-2
3.284	5.493E-4	3.993E-2
3.292	1.010E-3	4.048E-2
3.300	1.302E-3	4.109E-2
3.309	1.413E-3	4.169E-2
3.317	1.326E-3	4.218E-2
3.325	1.027E-3	4.255E-2
3.334	6.058E-4	4.273E-2
3.342	8.786E-5	4.269E-2
3.351	-4.167E-4	4.244E-2
3.359	-8.895E-4	4.201E-2
3.367	-1.303E-3	4.142E-2
3.376	-1.574E-3	4.076E-2
3.384	-1.693E-3	4.010E-2
3.392	-1.688E-3	3.955E-2
3.401	-1.515E-3	3.913E-2
3.409	-1.216E-3	3.892E-2
3.418	-8.193E-4	3.900E-2
3.426	-3.521E-4	3.925E-2
3.434	1.078E-4	3.970E-2
3.443	5.255E-4	4.032E-2
3.451	8.663E-4	4.104E-2
3.459	1.022E-3	4.174E-2
3.468	1.051E-3	4.232E-2
3.476	9.307E-4	4.274E-2
3.485	6.711E-4	4.297E-2
3.493	2.917E-4	4.296E-2
3.501	-1.113E-4	4.270E-2
3.510	-5.448E-4	4.223E-2
3.518	-9.055E-4	4.158E-2
3.527	-1.210E-3	4.087E-2
3.535	-1.399E-3	4.017E-2
3.543	-1.511E-3	3.953E-2
3.552	-1.471E-3	3.906E-2
3.560	-1.298E-3	3.882E-2
3.568	-1.032E-3	3.881E-2
3.577	-6.686E-4	3.906E-2
3.585	-3.374E-4	3.952E-2
3.594	3.866E-5	4.017E-2
3.602	3.458E-4	4.092E-2
3.610	5.846E-4	4.164E-2
3.619	7.539E-4	4.228E-2
3.627	7.728E-4	4.276E-2
3.635	6.415E-4	4.303E-2
3.644	4.366E-4	4.301E-2
3.652	1.231E-4	4.277E-2
3.661	-1.542E-4	4.229E-2
3.669	-4.807E-4	4.164E-2
3.677	-8.133E-4	4.089E-2
3.686	-1.049E-3	4.015E-2
3.694	-1.235E-3	3.950E-2
3.702	-1.304E-3	3.898E-2
3.711	-1.294E-3	3.869E-2
3.719	-1.136E-3	3.871E-2
3.728	-9.637E-4	3.895E-2
3.736	-6.936E-4	3.943E-2
3.744	-3.994E-4	4.007E-2
3.753	-1.092E-4	4.081E-2
3.761	1.346E-4	4.159E-2
3.769	3.535E-4	4.227E-2
3.778	5.393E-4	4.279E-2
3.786	5.748E-4	4.306E-2
3.795	5.578E-4	4.308E-2
3.803	4.024E-4	4.283E-2
3.811	2.004E-4	4.236E-2
3.820	-7.499E-5	4.172E-2
3.828	-3.656E-4	4.100E-2
3.836	-6.190E-4	4.023E-2
3.845	-8.488E-4	3.954E-2
3.853	-1.057E-3	3.899E-2
3.862	-1.160E-3	3.867E-2
3.870	-1.209E-3	3.859E-2
3.878	-1.217E-3	3.880E-2
3.887	-1.084E-3	3.926E-2
3.895	-8.633E-4	3.987E-2
3.903	-6.179E-4	4.063E-2
3.912	-3.386E-4	4.140E-2
3.920	-6.186E-5	4.209E-2
3.929	2.056E-4	4.263E-2
3.937	3.950E-4	4.299E-2
3.945	5.227E-4	4.304E-2
3.954	5.516E-4	4.285E-2
3.962	5.303E-4	4.248E-2
3.970	3.499E-4	4.186E-2
3.979	1.047E-4	4.112E-2
3.987	-1.595E-4	4.036E-2
3.996	-4.676E-4	3.970E-2
4.004	-8.206E-4	3.915E-2
4.012	-1.068E-3	3.883E-2
4.021	-1.289E-3	3.877E-2
4.029	-1.352E-3	3.893E-2
4.037	-1.336E-3	3.933E-2
4.046	-1.261E-3	3.988E-2
4.054	-1.045E-3	4.060E-2
4.063	-7.691E-4	4.134E-2
4.071	-4.145E-4	4.203E-2
4.079	-9.769E-5	4.255E-2
4.088	2.726E-4	4.289E-2
4.096	5.620E-4	4.301E-2
4.104	7.791E-4	4.288E-2
4.113	8.285E-4	4.252E-2
4.121	7.811E-4	4.197E-2
4.130	5.866E-4	4.129E-2
4.138	3.071E-4	4.059E-2
4.146	-8.688E-5	3.994E-2
4.155	-4.634E-4	3.939E-2
4.163	-8.782E-4	3.907E-2
4.172	-1.217E-3	3.893E-2
4.180	-1.493E-3	3.907E-2
4.188	-1.596E-3	3.942E-2
4.197	-1.575E-3	3.996E-2
4.205	-1.463E-3	4.059E-2
4.213	-1.219E-3	4.126E-2
4.222	-8.624E-4	4.191E-2
4.230	-3.981E-4	4.240E-2
4.239	5.758E-5	4.276E-2
4.247	4.945E-4	4.287E-2
4.255	8.521E-4	4.278E-2
4.264	1.055E-3	4.247E-2
4.272	1.110E-3	4.199E-2
4.280	1.007E-3	4.138E-2
4.289	7.454E-4	4.072E-2
4.297	3.385E-4	4.012E-2
4.306	-1.340E-4	3.962E-2
4.314	-6.278E-4	3.930E-2
4.322	-1.086E-3	3.917E-2
4.331	-1.493E-3	3.927E-2
4.339	-1.749E-3	3.954E-2
4.347	-1.848E-3	3.999E-2
4.356	-1.775E-3	4.052E-2
4.364	-1.550E-3	4.110E-2
4.373	-1.182E-3	4.165E-2
4.381	-7.404E-4	4.210E-2
4.389	-1.985E-4	4.243E-2
4.398	3.527E-4	4.257E-2
4.406	8.290E-4	4.250E-2
4.414	1.198E-3	4.226E-2
4.423	1.395E-3	4.184E-2
4.431	1.408E-3	4.134E-2
4.440	1.201E-3	4.078E-2
4.448	7.870E-4	4.027E-2
4.456	2.709E-4	3.980E-2
4.465	-3.110E-4	3.951E-2
4.473	-8.818E-4	3.936E-2
4.481	-1.382E-3	3.939E-2
4.490	-1.767E-3	3.961E-2
4.498	-1.985E-3	3.996E-2
4.507	-2.008E-3	4.043E-2
4.515	-1.824E-3	4.090E-2
4.523	-1.489E-3	4.137E-2
4.532	-9.862E-4	4.179E-2
4.540	-4.088E-4	4.207E-2
4.548	2.394E-4	4.222E-2
4.557	8.232E-4	4.222E-2
4.565	1.295E-3	4.205E-2
4.574	1.626E-3	4.175E-2
4.582	1.688E-3	4.135E-2
4.590	1.541E-3	4.090E-2
4.599	1.176E-3	4.046E-2
4.607	5.988E-4	4.009E-2
4.615	-5.230E-5	3.986E-2
4.624	-7.080E-4	3.976E-2
4.632	-1.361E-3	3.975E-2
4.641	-1.823E-3	3.990E-2
4.649	-2.107E-3	4.018E-2
4.657	-2.255E-3	4.050E-2
4.666	-2.134E-3	4.086E-2
4.674	-1.830E-3	4.121E-2
4.682	-1.341E-3	4.153E-2
4.691	-6.930E-4	4.178E-2
4.699	2.096E-5	4.189E-2
4.708	6.993E-4	4.187E-2
4.716	1.295E-3	4.177E-2
4.724	1.683E-3	4.158E-2
4.733	1.885E-3	4.131E-2
4.741	1.812E-3	4.098E-2
4.749	1.449E-3	4.067E-2
4.758	9.106E-4	4.040E-2
4.766	2.102E-4	4.021E-2
4.775	-5.567E-4	4.010E-2
4.783	-1.254E-3	4.010E-2
4.791	-1.810E-3	4.019E-2
4.800	-2.200E-3	4.036E-2
4.808	-2.382E-3	4.060E-2
4.816	-2.358E-3	4.083E-2
4.825	-2.125E-3	4.107E-2
4.833	-1.681E-3	4.131E-2
4.842	-1.055E-3	4.148E-2
4.850	-3.462E-4	4.158E-2
4.858	3.781E-4	4.159E-2
4.867	1.040E-3	4.156E-2
4.875	1.532E-3	4.146E-2
4.884	1.798E-3	4.130E-2
4.892	1.773E-3	4.112E-2
4.900	1.494E-3	4.094E-2
4.909	9.976E-4	4.076E-2
4.917	3.142E-4	4.064E-2
4.925	-4.159E-4	4.052E-2
4.934	-1.133E-3	4.048E-2
4.942	-1.753E-3	4.047E-2
4.951	-2.228E-3	4.050E-2
4.959	-2.465E-3	4.062E-2
4.967	-2.466E-3	4.070E-2
4.976	-2.279E-3	4.082E-2
4.984	-1.844E-3	4.091E-2
4.992	-1.256E-3	4.097E-2
5.001	-5.270E-4	4.105E-2
5.009	2.178E-4	4.107E-2
5.018	9.259E-4	4.113E-2
5.026	1.470E-3	4.112E-2
5.034	1.810E-3	4.110E-2
5.043	1.895E-3	4.107E-2
5.051	1.704E-3	4.105E-2
5.059	1.244E-3	4.107E-2
5.068	5.704E-4	4.100E-2
5.076	-1.669E-4	4.093E-2
5.085	-8.835E-4	4.089E-2
5.093	-1.556E-3	4.085E-2
5.101	-2.055E-3	4.080E-2
5.110	-2.372E-3	4.081E-2
5.118	-2.484E-3	4.075E-2
5.126	-2.339E-3	4.070E-2
5.135	-1.997E-3	4.068E-2
5.143	-1.467E-3	4.067E-2
5.152	-7.805E-4	4.067E-2
5.160	-5.616E-5	4.068E-2
5.168	6.609E-4	4.075E-2
5.177	1.254E-3	4.086E-2
5.185	1.705E-3	4.093E-2
5.193	1.870E-3	4.105E-2
5.202	1.755E-3	4.115E-2
5.210	1.368E-3	4.122E-2
5.219	7.549E-4	4.122E-2
5.227	4.704E-5	4.123E-2
5.235	-6.567E-4	4.116E-2
5.244	-1.344E-3	4.110E-2
5.252	-1.891E-3	4.096E-2
5.260	-2.272E-3	4.082E-2
5.269	-2.419E-3	4.065E-2
5.277	-2.370E-3	4.047E-2
5.286	-2.068E-3	4.035E-2
5.294	-1.580E-3	4.025E-2
5.302	-9.379E-4	4.020E-2
5.311	-2.601E-4	4.024E-2
5.319	4.104E-4	4.035E-2
5.327	1.045E-3	4.053E-2
5.336	1.496E-3	4.071E-2
5.344	1.732E-3	4.093E-2
5.353	1.703E-3	4.116E-2
5.361	1.421E-3	4.136E-2
5.369	9.346E-4	4.154E-2
5.378	2.856E-4	4.160E-2
5.386	-4.017E-4	4.158E-2
5.394	-1.052E-3	4.146E-2
5.403	-1.614E-3	4.124E-2
5.411	-2.013E-3	4.098E-2
5.420	-2.233E-3	4.068E-2
5.428	-2.233E-3	4.040E-2
5.436	-2.013E-3	4.015E-2
5.445	-1.605E-3	3.997E-2
5.453	-1.051E-3	3.988E-2
5.461	-4.090E-4	3.992E-2
5.470	2.756E-4	4.003E-2
5.478	8.953E-4	4.025E-2
5.487	1.350E-3	4.058E-2
5.495	1.625E-3	4.093E-2
5.503	1.672E-3	4.129E-2
5.512	1.486E-3	4.161E-2
5.520	1.085E-3	4.184E-2
5.528	5.179E-4	4.198E-2
5.537	-1.167E-4	4.200E-2
5.545	-7.316E-4	4.185E-2
5.554	-1.310E-3	4.159E-2
5.562	-1.728E-3	4.122E-2
5.570	-1.994E-3	4.081E-2
5.579	-2.033E-3	4.041E-2
5.587	-1.930E-3	4.002E-2
5.596	-1.640E-3	3.974E-2
5.604	-1.226E-3	3.960E-2
5.612	-6.624E-4	3.956E-2
5.621	-7.978E-5	3.969E-2
5.629	4.933E-4	3.998E-2
5.637	9.875E-4	4.040E-2
5.646	1.302E-3	4.086E-2
5.654	1.425E-3	4.133E-2
5.663	1.340E-3	4.176E-2
5.671	1.035E-3	4.208E-2
5.679	5.894E-4	4.227E-2
5.688	6.322E-5	4.228E-2
5.696	-4.864E-4	4.213E-2
5.704	-1.014E-3	4.182E-2
5.713	-1.463E-3	4.140E-2
5.721	-1.745E-3	4.088E-2
5.730	-1.886E-3	4.037E-2
5.738	-1.894E-3	3.993E-2
5.746	-1.696E-3	3.955E-2
5.755	-1.338E-3	3.932E-2
5.763	-8.747E-4	3.928E-2
5.771	-3.709E-4	3.944E-2
5.780	1.129E-4	3.977E-2
5.788	5.620E-4	4.022E-2
5.797	8.994E-4	4.074E-2
5.805	1.044E-3	4.131E-2
5.813	1.045E-3	4.181E-2
5.822	9.065E-4	4.223E-2
5.830	5.578E-4	4.249E-2
5.838	1.490E-4	4.252E-2
5.847	-3.112E-4	4.240E-2
5.855	-7.667E-4	4.208E-2
5.864	-1.127E-3	4.160E-2
5.872	-1.446E-3	4.103E-2
5.880	-1.613E-3	4.044E-2
5.889	-1.598E-3	3.987E-2
5.897	-1.528E-3	3.946E-2
5.905	-1.300E-3	3.920E-2
5.914	-9.938E-4	3.914E-2
5.922	-6.087E-4	3.925E-2
5.931	-1.828E-4	3.959E-2
5.939	1.969E-4	4.007E-2
5.947	5.249E-4	4.069E-2
5.956	7.628E-4	4.133E-2
5.964	8.370E-4	4.190E-2
5.972	8.039E-4	4.234E-2
5.981	5.962E-4	4.262E-2
5.989	3.383E-4	4.274E-2
5.998	1.253E-5	4.260E-2
6.006	-3.409E-4	4.224E-2
6.014	-6.719E-4	4.175E-2
6.023	-9.711E-4	4.114E-2
6.031	-1.222E-3	4.049E-2
6.039	-1.325E-3	3.986E-2
6.048	-1.322E-3	3.936E-2
6.056	-1.259E-3	3.905E-2
6.065	-1.047E-3	3.895E-2
6.073	-8.135E-4	3.907E-2
6.081	-5.056E-4	3.942E-2
6.090	-1.773E-4	3.995E-2
6.098	1.054E-4	4.059E-2
6.106	3.438E-4	4.128E-2
6.115	5.409E-4	4.191E-2
6.123	5.888E-4	4.240E-2
6.132	5.711E-4	4.276E-2
6.140	4.449E-4	4.286E-2
6.148	2.387E-4	4.278E-2
6.157	2.743E-7	4.243E-2
6.165	-2.825E-4	4.193E-2
6.173	-5.716E-4	4.131E-2
6.182	-8.074E-4	4.063E-2
6.190	-1.024E-3	3.998E-2
6.199	-1.091E-3	3.943E-2
6.207	-1.103E-3	3.907E-2
6.215	-1.060E-3	3.893E-2
6.224	-9.622E-4	3.906E-2
6.232	-8.016E-4	3.937E-2
6.240	-5.762E-4	3.984E-2
6.249	-3.431E-4	4.052E-2
6.257	-9.495E-5	4.120E-2
6.266	1.298E-4	4.183E-2
6.274	3.121E-4	4.236E-2
6.282	4.193E-4	4.273E-2
6.291	4.491E-4	4.289E-2
6.299	3.438E-4	4.282E-2
6.308	2.402E-4	4.249E-2
6.316	6.538E-5	4.199E-2
6.324	-1.541E-4	4.134E-2
6.333	-3.910E-4	4.066E-2
6.341	-6.219E-4	4.000E-2
6.349	-8.333E-4	3.943E-2
6.358	-1.006E-3	3.906E-2
6.366	-1.069E-3	3.888E-2
6.375	-1.072E-3	3.896E-2
6.383	-1.029E-3	3.926E-2
6.391	-8.940E-4	3.974E-2
6.400	-6.806E-4	4.038E-2
6.408	-4.205E-4	4.108E-2
6.416	-1.435E-4	4.174E-2
6.425	9.892E-5	4.230E-2
6.433	3.191E-4	4.267E-2
6.442	4.992E-4	4.287E-2
6.450	5.838E-4	4.285E-2
6.458	5.759E-4	4.253E-2
6.467	4.858E-4	4.204E-2
6.475	3.137E-4	4.145E-2
6.483	8.026E-5	4.075E-2
6.492	-1.933E-4	4.010E-2
6.500	-4.553E-4	3.955E-2
6.509	-6.919E-4	3.913E-2
6.517	-8.956E-4	3.894E-2
6.525	-1.076E-3	3.902E-2
6.534	-1.120E-3	3.928E-2
6.542	-1.099E-3	3.971E-2
6.550	-9.065E-4	4.030E-2
6.559	-6.800E-4	4.095E-2
6.567	-4.095E-4	4.158E-2
6.576	-1.254E-4	4.212E-2
6.584	2.377E-4	4.251E-2
6.592	5.204E-4	4.271E-2
6.601	7.561E-4	4.270E-2
6.609	8.805E-4	4.247E-2
6.617	8.768E-4	4.204E-2
6.626	7.460E-4	4.147E-2
6.634	5.342E-4	4.085E-2
6.643	2.658E-4	4.025E-2
6.651	-1.010E-4	3.971E-2
6.659	-4.567E-4	3.931E-2
6.668	-8.152E-4	3.911E-2
6.676	-1.101E-3	3.910E-2
6.684	-1.295E-3	3.931E-2
6.693	-1.348E-3	3.971E-2
6.701	-1.305E-3	4.024E-2
6.710	-1.118E-3	4.082E-2
6.718	-8.347E-4	4.143E-2
6.726	-4.480E-4	4.193E-2
6.735	-3.728E-5	4.233E-2
6.743	3.276E-4	4.251E-2
6.751	7.090E-4	4.252E-2
6.760	9.790E-4	4.232E-2
6.768	1.109E-3	4.196E-2
6.777	1.078E-3	4.145E-2
6.785	9.312E-4	4.089E-2
6.793	5.981E-4	4.034E-2
6.802	2.025E-4	3.988E-2
6.810	-2.825E-4	3.952E-2
6.818	-7.595E-4	3.931E-2
6.827	-1.155E-3	3.929E-2
6.835	-1.444E-3	3.948E-2
6.844	-1.619E-3	3.979E-2
6.852	-1.606E-3	4.024E-2
6.860	-1.499E-3	4.075E-2
6.869	-1.229E-3	4.126E-2
6.877	-8.497E-4	4.174E-2
6.885	-3.854E-4	4.210E-2
6.894	1.038E-4	4.229E-2
6.902	5.676E-4	4.230E-2
6.911	9.706E-4	4.215E-2
6.919	1.219E-3	4.183E-2
6.927	1.284E-3	4.141E-2
6.936	1.185E-3	4.093E-2
6.944	9.426E-4	4.046E-2
6.953	5.064E-4	4.003E-2
6.961	2.329E-5	3.970E-2
6.969	-5.170E-4	3.952E-2
6.978	-1.053E-3	3.951E-2
6.986	-1.462E-3	3.962E-2
6.994	-1.752E-3	3.991E-2
7.003	-1.837E-3	4.025E-2
7.011	-1.780E-3	4.067E-2
7.020	-1.538E-3	4.111E-2
7.028	-1.129E-3	4.152E-2
7.036	-6.163E-4	4.182E-2
7.045	-6.791E-5	4.201E-2
7.053	4.870E-4	4.206E-2
7.061	9.913E-4	4.195E-2
7.070	1.364E-3	4.175E-2
7.078	1.501E-3	4.144E-2
7.087	1.464E-3	4.105E-2
7.095	1.211E-3	4.069E-2
7.103	7.768E-4	4.034E-2
7.112	2.502E-4	4.008E-2
7.120	-3.536E-4	3.995E-2
7.128	-9.259E-4	3.994E-2
7.137	-1.422E-3	3.998E-2
7.145	-1.826E-3	4.017E-2
7.154	-1.996E-3	4.043E-2
7.162	-1.999E-3	4.071E-2
7.170	-1.795E-3	4.103E-2
7.179	-1.408E-3	4.135E-2
7.187	-9.095E-4	4.159E-2
7.195	-3.164E-4	4.175E-2
7.204	3.097E-4	4.181E-2
7.212	8.815E-4	4.176E-2
7.221	1.307E-3	4.162E-2
7.229	1.583E-3	4.138E-2
7.237	1.588E-3	4.112E-2
7.246	1.388E-3	4.085E-2
7.254	9.575E-4	4.063E-2
7.262	3.919E-4	4.043E-2
7.271	-2.570E-4	4.028E-2
7.279	-9.074E-4	4.021E-2
7.288	-1.497E-3	4.021E-2
7.296	-1.939E-3	4.034E-2
7.304	-2.199E-3	4.051E-2
7.313	-2.236E-3	4.068E-2
7.321	-2.076E-3	4.090E-2
7.329	-1.745E-3	4.108E-2
7.338	-1.254E-3	4.126E-2
7.346	-6.240E-4	4.138E-2
7.355	4.974E-5	4.141E-2
7.363	6.987E-4	4.139E-2
7.371	1.242E-3	4.133E-2
7.380	1.600E-3	4.120E-2
7.388	1.689E-3	4.108E-2
7.396	1.556E-3	4.092E-2
7.405	1.192E-3	4.078E-2
7.413	6.265E-4	4.069E-2
7.422	-2.355E-5	4.063E-2
7.430	-7.213E-4	4.057E-2
7.438	-1.366E-3	4.059E-2
7.447	-1.826E-3	4.061E-2
7.455	-2.156E-3	4.067E-2
7.463	-2.270E-3	4.072E-2
7.472	-2.183E-3	4.080E-2
7.480	-1.913E-3	4.090E-2
7.489	-1.457E-3	4.097E-2
7.497	-8.402E-4	4.099E-2
7.505	-1.692E-4	4.103E-2
7.514	5.086E-4	4.108E-2
7.522	1.083E-3	4.109E-2
7.530	1.499E-3	4.110E-2
7.539	1.690E-3	4.110E-2
7.547	1.643E-3	4.110E-2
7.556	1.318E-3	4.106E-2
7.564	8.018E-4	4.105E-2
7.572	1.775E-4	4.106E-2
7.581	-5.416E-4	4.102E-2
7.589	-1.191E-3	4.100E-2
7.597	-1.753E-3	4.098E-2
7.606	-2.114E-3	4.088E-2
7.614	-2.301E-3	4.084E-2
7.623	-2.242E-3	4.081E-2
7.631	-2.013E-3	4.078E-2
7.639	-1.582E-3	4.079E-2
7.648	-1.011E-3	4.081E-2
7.656	-3.606E-4	4.083E-2
7.665	3.081E-4	4.089E-2
7.673	9.398E-4	4.093E-2
7.681	1.409E-3	4.103E-2
7.690	1.668E-3	4.113E-2
7.698	1.679E-3	4.123E-2
7.706	1.462E-3	4.135E-2
7.715	1.013E-3	4.140E-2
7.723	4.149E-4	4.141E-2
7.732	-2.305E-4	4.139E-2
7.740	-8.610E-4	4.133E-2
7.748	-1.433E-3	4.120E-2
7.757	-1.863E-3	4.105E-2
7.765	-2.131E-3	4.089E-2
7.773	-2.187E-3	4.072E-2
7.782	-2.013E-3	4.056E-2
7.790	-1.664E-3	4.046E-2
7.799	-1.171E-3	4.040E-2
7.807	-5.743E-4	4.041E-2
7.815	7.049E-5	4.045E-2
7.824	6.583E-4	4.058E-2
7.832	1.164E-3	4.076E-2
7.840	1.487E-3	4.095E-2
7.849	1.540E-3	4.116E-2
7.857	1.395E-3	4.137E-2
7.866	1.034E-3	4.154E-2
7.874	5.133E-4	4.163E-2
7.882	-8.514E-5	4.162E-2
7.891	-6.916E-4	4.157E-2
7.899	-1.254E-3	4.139E-2
7.907	-1.705E-3	4.116E-2
7.916	-1.979E-3	4.090E-2
7.924	-2.064E-3	4.062E-2
7.933	-1.952E-3	4.038E-2
7.941	-1.696E-3	4.017E-2
7.949	-1.279E-3	4.002E-2
7.958	-6.946E-4	4.000E-2
7.966	-1.125E-4	4.003E-2
7.974	4.693E-4	4.021E-2
7.983	9.761E-4	4.045E-2
7.991	1.317E-3	4.077E-2
8.000	1.437E-3	4.109E-2
8.008	1.394E-3	4.141E-2
8.016	1.140E-3	4.165E-2
8.025	6.587E-4	4.181E-2
8.033	1.090E-4	4.185E-2
8.041	-4.389E-4	4.180E-2
8.050	-9.625E-4	4.160E-2
8.058	-1.440E-3	4.132E-2
8.067	-1.742E-3	4.094E-2
8.075	-1.904E-3	4.057E-2
8.083	-1.874E-3	4.022E-2
8.092	-1.721E-3	3.993E-2
8.100	-1.353E-3	3.973E-2
8.108	-8.758E-4	3.969E-2
8.117	-3.574E-4	3.974E-2
8.125	1.477E-4	3.996E-2
8.134	5.984E-4	4.025E-2
8.142	9.788E-4	4.065E-2
8.150	1.174E-3	4.110E-2
8.159	1.198E-3	4.152E-2
8.167	1.032E-3	4.185E-2
8.175	7.045E-4	4.207E-2
8.184	2.880E-4	4.216E-2
8.192	-1.806E-4	4.212E-2
8.201	-6.416E-4	4.188E-2
8.209	-1.070E-3	4.154E-2
8.217	-1.381E-3	4.111E-2
8.226	-1.558E-3	4.064E-2
8.234	-1.581E-3	4.018E-2
8.242	-1.477E-3	3.980E-2
8.251	-1.247E-3	3.953E-2
8.259	-8.811E-4	3.943E-2
8.268	-4.428E-4	3.949E-2
8.276	2.851E-5	3.973E-2
8.284	4.519E-4	4.009E-2
8.293	7.421E-4	4.056E-2
8.301	9.806E-4	4.109E-2
8.309	1.046E-3	4.158E-2
8.318	9.793E-4	4.201E-2
8.326	7.567E-4	4.231E-2
8.335	4.783E-4	4.243E-2
8.343	7.969E-5	4.239E-2
8.351	-3.223E-4	4.218E-2
8.360	-6.895E-4	4.181E-2
8.368	-1.004E-3	4.132E-2
8.377	-1.242E-3	4.078E-2
8.385	-1.345E-3	4.026E-2
8.393	-1.321E-3	3.979E-2
8.402	-1.139E-3	3.947E-2
8.410	-8.931E-4	3.931E-2
8.418	-5.981E-4	3.935E-2
8.427	-2.111E-4	3.956E-2
8.435	1.147E-4	3.996E-2
8.444	4.499E-4	4.045E-2
8.452	6.689E-4	4.099E-2
8.460	7.609E-4	4.155E-2
8.469	7.861E-4	4.203E-2
8.477	7.085E-4	4.238E-2
8.485	5.105E-4	4.252E-2
8.494	2.658E-4	4.249E-2
8.502	-2.574E-5	4.227E-2
8.511	-3.869E-4	4.186E-2
8.519	-6.644E-4	4.134E-2
8.527	-8.825E-4	4.076E-2
8.536	-1.044E-3	4.016E-2
8.544	-1.107E-3	3.967E-2
8.552	-1.065E-3	3.932E-2
8.561	-9.025E-4	3.912E-2
8.569	-7.035E-4	3.911E-2
8.578	-4.871E-4	3.932E-2
8.586	-2.226E-4	3.973E-2
8.594	3.853E-5	4.027E-2
8.603	2.859E-4	4.086E-2
8.611	4.880E-4	4.146E-2
8.619	5.920E-4	4.201E-2
8.628	6.018E-4	4.242E-2
8.636	5.250E-4	4.260E-2
8.645	3.842E-4	4.257E-2
8.653	1.817E-4	4.235E-2
8.661	-7.350E-5	4.197E-2
8.670	-3.409E-4	4.145E-2
8.678	-5.838E-4	4.080E-2
8.686	-7.851E-4	4.021E-2
8.695	-9.251E-4	3.969E-2
8.703	-9.706E-4	3.929E-2
8.712	-9.991E-4	3.906E-2
8.720	-9.445E-4	3.905E-2
8.728	-8.185E-4	3.928E-2
8.737	-6.274E-4	3.967E-2
8.745	-3.932E-4	4.022E-2
8.753	-1.645E-4	4.081E-2
8.762	4.658E-5	4.144E-2
8.770	2.467E-4	4.199E-2
8.779	3.599E-4	4.241E-2
8.787	3.916E-4	4.266E-2
8.795	3.780E-4	4.269E-2
8.804	3.226E-4	4.252E-2
8.812	1.580E-4	4.212E-2
8.820	-3.519E-5	4.159E-2
8.829	-2.817E-4	4.095E-2
8.837	-5.156E-4	4.033E-2
8.846	-7.168E-4	3.978E-2
8.854	-8.827E-4	3.936E-2
8.862	-1.021E-3	3.910E-2
8.871	-1.058E-3	3.906E-2
8.879	-1.055E-3	3.924E-2
8.887	-9.681E-4	3.963E-2
8.896	-8.290E-4	4.017E-2
8.904	-6.111E-4	4.076E-2
8.913	-3.772E-4	4.136E-2
8.921	-1.407E-4	4.190E-2
8.929	8.921E-5	4.231E-2
8.938	2.847E-4	4.255E-2
8.946	3.753E-4	4.256E-2
8.954	4.455E-4	4.242E-2
8.963	3.577E-4	4.208E-2
8.971	2.767E-4	4.158E-2
8.980	9.047E-5	4.100E-2
8.988	-1.398E-4	4.038E-2
8.996	-3.848E-4	3.982E-2
9.005	-6.402E-4	3.941E-2
9.013	-8.535E-4	3.918E-2
9.021	-1.038E-3	3.914E-2
9.030	-1.120E-3	3.928E-2
9.038	-1.126E-3	3.962E-2
9.047	-1.048E-3	4.013E-2
9.055	-8.998E-4	4.070E-2
9.063	-6.472E-4	4.127E-2
9.072	-3.710E-4	4.181E-2
9.080	-7.734E-5	4.222E-2
9.089	1.918E-4	4.250E-2
9.097	4.025E-4	4.253E-2
9.105	5.796E-4	4.242E-2
9.114	6.350E-4	4.211E-2
9.122	5.862E-4	4.164E-2
9.130	4.878E-4	4.110E-2
9.139	2.436E-4	4.054E-2
9.147	-5.759E-5	4.003E-2
9.156	-3.925E-4	3.960E-2
9.164	-7.245E-4	3.933E-2
9.172	-1.031E-3	3.927E-2
9.181	-1.269E-3	3.936E-2
9.189	-1.357E-3	3.966E-2
9.197	-1.350E-3	4.010E-2
9.206	-1.250E-3	4.063E-2
9.214	-1.031E-3	4.116E-2
9.223	-7.553E-4	4.164E-2
9.231	-3.885E-4	4.203E-2
9.239	-1.633E-5	4.228E-2
9.248	3.080E-4	4.235E-2
9.256	5.935E-4	4.226E-2
9.264	7.981E-4	4.200E-2
9.273	8.388E-4	4.160E-2
9.281	7.776E-4	4.113E-2
9.290	5.486E-4	4.062E-2
9.298	2.304E-4	4.017E-2
9.306	-1.741E-4	3.977E-2
9.315	-5.990E-4	3.953E-2
9.323	-1.007E-3	3.946E-2
9.331	-1.320E-3	3.952E-2
9.340	-1.532E-3	3.976E-2
9.348	-1.606E-3	4.012E-2
9.357	-1.561E-3	4.059E-2
9.365	-1.339E-3	4.108E-2
9.373	-1.024E-3	4.152E-2
9.382	-6.298E-4	4.188E-2
9.390	-1.727E-4	4.208E-2
9.398	2.761E-4	4.217E-2
9.407	6.915E-4	4.212E-2
9.415	9.572E-4	4.188E-2
9.424	1.124E-3	4.156E-2
9.432	1.073E-3	4.115E-2
9.440	8.940E-4	4.072E-2
9.449	5.348E-4	4.030E-2
9.457	1.041E-4	3.996E-2
9.465	-3.755E-4	3.973E-2
9.474	-8.521E-4	3.968E-2
9.482	-1.277E-3	3.973E-2
9.491	-1.580E-3	3.992E-2
9.499	-1.741E-3	4.020E-2
9.507	-1.756E-3	4.057E-2
9.516	-1.599E-3	4.096E-2
9.524	-1.298E-3	4.131E-2
9.532	-8.646E-4	4.162E-2
9.541	-3.702E-4	4.181E-2
9.549	1.343E-4	4.189E-2
9.558	5.998E-4	4.186E-2
9.566	1.003E-3	4.168E-2
9.574	1.245E-3	4.142E-2
9.583	1.304E-3	4.112E-2
9.591	1.165E-3	4.077E-2
9.599	8.530E-4	4.047E-2
9.608	3.710E-4	4.020E-2
9.616	-1.588E-4	4.000E-2
9.625	-6.794E-4	3.993E-2
9.633	-1.190E-3	3.996E-2
9.641	-1.587E-3	4.008E-2
9.650	-1.817E-3	4.030E-2
9.658	-1.867E-3	4.056E-2
9.666	-1.804E-3	4.087E-2
9.675	-1.530E-3	4.114E-2
9.683	-1.110E-3	4.137E-2
9.692	-5.834E-4	4.154E-2
9.700	-1.367E-5	4.160E-2
9.708	4.960E-4	4.159E-2
9.717	9.916E-4	4.152E-2
9.725	1.323E-3	4.136E-2
9.734	1.436E-3	4.115E-2
9.742	1.376E-3	4.091E-2
9.750	1.049E-3	4.068E-2
9.759	5.884E-4	4.048E-2
9.767	3.156E-5	4.035E-2
9.775	-5.551E-4	4.028E-2
9.784	-1.114E-3	4.025E-2
9.792	-1.559E-3	4.030E-2
9.801	-1.850E-3	4.041E-2
9.809	-1.983E-3	4.060E-2
9.817	-1.933E-3	4.076E-2
9.826	-1.715E-3	4.091E-2
9.834	-1.340E-3	4.108E-2
9.842	-8.047E-4	4.118E-2
9.851	-2.147E-4	4.122E-2
9.859	3.739E-4	4.122E-2
9.868	9.272E-4	4.118E-2
9.876	1.330E-3	4.111E-2
9.884	1.505E-3	4.100E-2
9.893	1.484E-3	4.087E-2
9.901	1.237E-3	4.075E-2
9.909	8.002E-4	4.064E-2
9.918	2.642E-4	4.058E-2
9.926	-3.495E-4	4.057E-2
9.935	-9.255E-4	4.055E-2
9.943	-1.439E-3	4.059E-2
9.951	-1.817E-3	4.064E-2
9.960	-2.006E-3	4.068E-2
9.968	-2.012E-3	4.072E-2
9.976	-1.821E-3	4.077E-2
9.985	-1.448E-3	4.088E-2
9.993	-9.544E-4	4.093E-2
10.002	-3.934E-4	4.094E-2
10.010	2.337E-4	4.095E-2
10.018	7.975E-4	4.094E-2
10.027	1.244E-3	4.093E-2
10.035	1.501E-3	4.092E-2
10.043	1.554E-3	4.092E-2
10.052	1.349E-3	4.091E-2
10.060	9.593E-4	4.090E-2
10.069	4.220E-4	4.089E-2
10.077	-1.897E-4	4.088E-2
10.085	-7.888E-4	4.088E-2
10.094	-1.341E-3	4.083E-2
10.102	-1.740E-3	4.079E-2
10.110	-1.986E-3	4.074E-2
10.119	-2.042E-3	4.067E-2
10.127	-1.914E-3	4.064E-2
10.136	-1.598E-3	4.064E-2
10.144	-1.126E-3	4.062E-2
10.152	-5.605E-4	4.063E-2
10.161	3.846E-5	4.064E-2
10.169	6.135E-4	4.071E-2
10.177	1.089E-3	4.081E-2
10.186	1.399E-3	4.091E-2
10.194	1.514E-3	4.101E-2
10.203	1.403E-3	4.114E-2
10.211	1.084E-3	4.120E-2
10.219	5.722E-4	4.123E-2
10.228	1.879E-5	4.120E-2
10.236	-5.761E-4	4.118E-2
10.244	-1.132E-3	4.109E-2
10.253	-1.556E-3	4.096E-2
10.261	-1.822E-3	4.083E-2
10.270	-1.924E-3	4.067E-2
10.278	-1.874E-3	4.051E-2
10.286	-1.623E-3	4.039E-2
10.295	-1.266E-3	4.029E-2
10.303	-7.546E-4	4.025E-2
10.311	-1.812E-4	4.027E-2
10.320	3.704E-4	4.036E-2
10.328	8.497E-4	4.054E-2
10.337	1.211E-3	4.073E-2
10.345	1.361E-3	4.093E-2
10.353	1.282E-3	4.114E-2
10.362	1.034E-3	4.132E-2
10.370	6.005E-4	4.143E-2
10.378	8.659E-5	4.148E-2
10.387	-4.409E-4	4.151E-2
10.395	-9.682E-4	4.138E-2
10.404	-1.454E-3	4.119E-2
10.412	-1.762E-3	4.094E-2
10.420	-1.938E-3	4.068E-2
10.429	-1.932E-3	4.043E-2
10.437	-1.752E-3	4.020E-2
10.446	-1.389E-3	4.005E-2
10.454	-9.053E-4	3.996E-2
10.462	-3.739E-4	3.998E-2
10.471	1.361E-4	4.012E-2
10.479	5.941E-4	4.034E-2
10.487	9.817E-4	4.064E-2
10.496	1.195E-3	4.094E-2
10.504	1.210E-3	4.123E-2
10.513	1.061E-3	4.150E-2
10.521	7.297E-4	4.169E-2
10.529	2.890E-4	4.178E-2
10.538	-1.925E-4	4.178E-2
10.546	-6.648E-4	4.164E-2
10.554	-1.100E-3	4.140E-2
10.563	-1.415E-3	4.109E-2
10.571	-1.619E-3	4.074E-2
10.580	-1.611E-3	4.039E-2
10.588	-1.530E-3	4.010E-2
10.596	-1.284E-3	3.989E-2
10.605	-8.833E-4	3.977E-2
10.613	-4.295E-4	3.977E-2
10.621	4.518E-5	3.993E-2
10.630	5.005E-4	4.017E-2
10.638	8.409E-4	4.050E-2
10.647	1.055E-3	4.089E-2
10.655	1.169E-3	4.130E-2
10.663	1.046E-3	4.164E-2
10.672	8.017E-4	4.187E-2
10.680	4.674E-4	4.203E-2
10.688	6.375E-5	4.203E-2
10.697	-3.713E-4	4.186E-2
10.705	-7.871E-4	4.160E-2
10.714	-1.117E-3	4.123E-2
10.722	-1.335E-3	4.081E-2
10.730	-1.381E-3	4.040E-2
10.739	-1.340E-3	4.000E-2
10.747	-1.151E-3	3.971E-2
10.755	-8.674E-4	3.954E-2
10.764	-5.352E-4	3.953E-2
10.772	-1.569E-4	3.970E-2
10.781	2.576E-4	3.997E-2
10.789	5.575E-4	4.037E-2
10.797	7.930E-4	4.083E-2
10.806	9.665E-4	4.131E-2
10.814	9.744E-4	4.173E-2
10.822	7.874E-4	4.206E-2
10.831	5.431E-4	4.225E-2
10.839	2.604E-4	4.227E-2
10.848	-1.142E-4	4.212E-2
10.856	-4.502E-4	4.182E-2
10.864	-7.733E-4	4.141E-2
10.873	-1.020E-3	4.092E-2
10.881	-1.136E-3	4.042E-2
10.889	-1.142E-3	3.998E-2
10.898	-1.093E-3	3.964E-2
10.906	-8.749E-4	3.945E-2
10.915	-6.365E-4	3.946E-2
10.923	-3.575E-4	3.956E-2
10.931	-1.196E-5	3.985E-2
10.940	2.596E-4	4.028E-2
10.948	5.021E-4	4.077E-2
10.956	7.041E-4	4.132E-2
10.965	7.483E-4	4.179E-2
10.973	7.502E-4	4.215E-2
10.982	5.600E-4	4.235E-2
10.990	3.404E-4	4.234E-2
10.998	8.532E-5	4.225E-2
11.007	-1.852E-4	4.194E-2
11.015	-4.308E-4	4.154E-2
11.023	-6.506E-4	4.102E-2
11.032	-8.465E-4	4.050E-2
11.040	-8.853E-4	4.001E-2
11.049	-8.830E-4	3.959E-2
11.057	-8.439E-4	3.933E-2
11.065	-6.785E-4	3.927E-2
11.074	-5.076E-4	3.939E-2
11.082	-3.020E-4	3.972E-2
11.090	-8.030E-5	4.016E-2
11.099	1.324E-4	4.068E-2
11.107	3.057E-4	4.122E-2
11.116	4.343E-4	4.173E-2
11.124	4.827E-4	4.214E-2
11.132	4.907E-4	4.237E-2
11.141	3.867E-4	4.246E-2
11.149	2.488E-4	4.233E-2
11.158	5.016E-5	4.203E-2
11.166	-1.726E-4	4.159E-2
11.174	-3.813E-4	4.106E-2
11.183	-5.802E-4	4.049E-2
11.191	-6.783E-4	3.997E-2
11.199	-8.193E-4	3.956E-2
11.208	-8.506E-4	3.928E-2
11.216	-8.274E-4	3.921E-2
11.225	-6.841E-4	3.932E-2
11.233	-5.876E-4	3.961E-2
11.241	-3.998E-4	4.008E-2
11.250	-1.873E-4	4.062E-2
11.258	3.771E-5	4.118E-2
11.266	2.194E-4	4.167E-2
11.275	2.996E-4	4.210E-2
11.283	3.969E-4	4.238E-2
11.292	4.077E-4	4.247E-2
11.300	3.437E-4	4.236E-2
11.308	2.549E-4	4.207E-2
11.317	1.042E-4	4.164E-2
11.325	-7.535E-5	4.111E-2
11.333	-2.861E-4	4.054E-2
11.342	-5.044E-4	4.003E-2
11.350	-6.781E-4	3.960E-2
11.359	-7.939E-4	3.928E-2
11.367	-8.898E-4	3.919E-2
11.375	-8.829E-4	3.929E-2
11.384	-8.708E-4	3.956E-2
11.392	-6.908E-4	3.997E-2
11.400	-5.530E-4	4.049E-2
11.409	-3.753E-4	4.104E-2
11.417	-1.569E-4	4.157E-2
11.426	5.397E-5	4.202E-2
11.434	2.567E-4	4.231E-2
11.442	4.039E-4	4.244E-2
11.451	4.726E-4	4.237E-2
11.459	4.927E-4	4.210E-2
11.467	4.477E-4	4.167E-2
11.476	2.573E-4	4.115E-2
11.484	7.414E-5	4.062E-2
11.493	-1.558E-4	4.011E-2
11.501	-3.908E-4	3.971E-2
11.509	-6.215E-4	3.943E-2
11.518	-8.133E-4	3.931E-2
11.526	-9.055E-4	3.934E-2
11.534	-8.999E-4	3.958E-2
11.543	-8.904E-4	3.997E-2
11.551	-8.378E-4	4.045E-2
11.560	-6.423E-4	4.097E-2
11.568	-4.069E-4	4.146E-2
11.576	-1.473E-4	4.186E-2
11.585	1.160E-4	4.216E-2
11.593	3.474E-4	4.231E-2
11.601	5.282E-4	4.226E-2
11.610	6.537E-4	4.204E-2
11.618	6.769E-4	4.169E-2
11.627	5.450E-4	4.120E-2
11.635	3.630E-4	4.068E-2
11.643	1.109E-4	4.020E-2
11.652	-1.829E-4	3.979E-2
11.660	-4.695E-4	3.951E-2
11.668	-7.923E-4	3.938E-2
11.677	-1.031E-3	3.945E-2
11.685	-1.212E-3	3.966E-2
11.694	-1.264E-3	4.000E-2
11.702	-1.260E-3	4.043E-2
11.710	-1.068E-3	4.090E-2
11.719	-8.300E-4	4.137E-2
11.727	-5.497E-4	4.178E-2
11.735	-1.824E-4	4.206E-2
11.744	1.382E-4	4.221E-2
11.752	4.399E-4	4.221E-2
11.761	6.141E-4	4.203E-2
11.769	7.627E-4	4.172E-2
11.777	7.562E-4	4.133E-2
11.786	5.814E-4	4.087E-2
11.794	3.300E-4	4.044E-2
11.802	-1.320E-5	4.004E-2
11.811	-3.952E-4	3.976E-2
11.819	-7.902E-4	3.964E-2
11.828	-1.079E-3	3.968E-2
11.836	-1.336E-3	3.984E-2
11.844	-1.492E-3	4.010E-2
11.853	-1.499E-3	4.049E-2
11.861	-1.364E-3	4.089E-2
11.870	-1.104E-3	4.130E-2
11.878	-7.860E-4	4.164E-2
11.886	-3.872E-4	4.188E-2
11.895	3.587E-5	4.202E-2
11.903	4.160E-4	4.203E-2
11.911	7.376E-4	4.188E-2
11.920	9.465E-4	4.161E-2
11.928	1.007E-3	4.127E-2
11.937	9.283E-4	4.091E-2
11.945	6.952E-4	4.051E-2
11.953	3.312E-4	4.019E-2
11.962	-9.776E-5	3.996E-2
11.970	-5.559E-4	3.981E-2
11.978	-9.473E-4	3.979E-2
11.987	-1.321E-3	3.992E-2
11.995	-1.540E-3	4.016E-2
12.004	-1.573E-3	4.044E-2
12.012	-1.531E-3	4.079E-2
12.020	-1.315E-3	4.114E-2
12.029	-9.650E-4	4.141E-2
12.037	-5.705E-4	4.162E-2
12.045	-1.110E-4	4.176E-2
12.054	3.487E-4	4.177E-2
12.062	7.536E-4	4.168E-2
12.071	1.036E-3	4.150E-2
12.079	1.174E-3	4.125E-2
12.087	1.152E-3	4.096E-2
12.096	8.732E-4	4.066E-2
12.104	5.018E-4	4.042E-2
12.112	4.910E-5	4.021E-2
12.121	-4.278E-4	4.010E-2
12.129	-8.814E-4	4.012E-2
12.138	-1.297E-3	4.019E-2
12.146	-1.577E-3	4.035E-2
12.154	-1.708E-3	4.057E-2
12.163	-1.717E-3	4.082E-2
12.171	-1.527E-3	4.108E-2
12.179	-1.196E-3	4.132E-2
12.188	-7.813E-4	4.149E-2
12.196	-2.932E-4	4.160E-2
12.205	2.051E-4	4.159E-2
12.213	6.419E-4	4.157E-2
12.221	1.011E-3	4.143E-2
12.230	1.212E-3	4.126E-2
12.238	1.227E-3	4.107E-2
12.246	1.042E-3	4.088E-2
12.255	6.871E-4	4.069E-2
12.263	1.643E-4	4.054E-2
12.272	-3.631E-4	4.047E-2
12.280	-8.633E-4	4.043E-2
12.288	-1.318E-3	4.046E-2
12.297	-1.669E-3	4.052E-2
12.305	-1.869E-3	4.064E-2
12.313	-1.917E-3	4.078E-2
12.322	-1.779E-3	4.095E-2
12.330	-1.496E-3	4.109E-2
12.339	-1.052E-3	4.120E-2
12.347	-5.513E-4	4.125E-2
12.355	2.042E-6	4.131E-2
12.364	5.364E-4	4.132E-2
12.372	9.758E-4	4.126E-2
12.380	1.244E-3	4.118E-2
12.389	1.293E-3	4.107E-2
12.397	1.176E-3	4.097E-2
12.406	8.493E-4	4.086E-2
12.414	3.604E-4	4.079E-2
12.422	-1.573E-4	4.075E-2
12.431	-6.874E-4	4.070E-2
12.439	-1.191E-3	4.069E-2
12.447	-1.586E-3	4.068E-2
12.456	-1.823E-3	4.071E-2
12.464	-1.849E-3	4.071E-2
12.473	-1.775E-3	4.078E-2
12.481	-1.505E-3	4.088E-2
12.489	-1.097E-3	4.091E-2
12.498	-5.912E-4	4.093E-2
12.506	-4.443E-5	4.093E-2
12.515	4.740E-4	4.093E-2
12.523	9.615E-4	4.092E-2
12.531	1.265E-3	4.094E-2
12.540	1.408E-3	4.093E-2
12.548	1.336E-3	4.092E-2
12.556	1.033E-3	4.092E-2
12.565	5.876E-4	4.091E-2
12.573	6.162E-5	4.091E-2
12.582	-4.770E-4	4.088E-2
12.590	-1.031E-3	4.086E-2
12.598	-1.471E-3	4.083E-2
12.607	-1.750E-3	4.078E-2
12.615	-1.895E-3	4.079E-2
12.623	-1.906E-3	4.071E-2
12.632	-1.658E-3	4.066E-2
12.640	-1.306E-3	4.065E-2
12.649	-8.213E-4	4.065E-2
12.657	-3.127E-4	4.066E-2
12.665	2.486E-4	4.069E-2
12.674	7.436E-4	4.073E-2
12.682	1.096E-3	4.085E-2
12.690	1.263E-3	4.094E-2
12.699	1.248E-3	4.105E-2
12.707	1.024E-3	4.113E-2
12.716	6.239E-4	4.118E-2
12.724	1.269E-4	4.117E-2
12.732	-3.958E-4	4.116E-2
12.741	-9.025E-4	4.112E-2
12.749	-1.329E-3	4.103E-2
12.757	-1.640E-3	4.091E-2
12.766	-1.821E-3	4.076E-2
12.774	-1.805E-3	4.061E-2
12.783	-1.643E-3	4.048E-2
12.791	-1.342E-3	4.037E-2
12.799	-8.784E-4	4.034E-2
12.808	-3.767E-4	4.037E-2
12.816	1.252E-4	4.043E-2
12.824	5.892E-4	4.056E-2
12.833	9.757E-4	4.073E-2
12.841	1.195E-3	4.091E-2
12.850	1.230E-3	4.112E-2
12.858	1.089E-3	4.130E-2
12.866	7.586E-4	4.142E-2
12.875	3.233E-4	4.151E-2
12.883	-1.644E-4	4.154E-2
12.891	-6.489E-4	4.145E-2
12.900	-1.087E-3	4.132E-2
12.908	-1.404E-3	4.112E-2
12.917	-1.629E-3	4.089E-2
12.925	-1.723E-3	4.065E-2
12.933	-1.605E-3	4.042E-2
12.942	-1.347E-3	4.023E-2
12.950	-9.434E-4	4.014E-2
12.958	-5.436E-4	4.015E-2
12.967	-8.916E-5	4.021E-2
12.975	3.553E-4	4.039E-2
12.984	7.452E-4	4.063E-2
12.992	9.963E-4	4.090E-2
13.000	1.072E-3	4.116E-2
13.009	9.956E-4	4.141E-2
13.017	7.627E-4	4.161E-2
13.025	3.983E-4	4.173E-2
13.034	-6.660E-5	4.176E-2
13.042	-5.283E-4	4.172E-2
13.051	-9.338E-4	4.156E-2
13.059	-1.307E-3	4.131E-2
13.067	-1.523E-3	4.099E-2
13.076	-1.599E-3	4.065E-2
13.084	-1.558E-3	4.035E-2
13.092	-1.341E-3	4.011E-2
13.101	-1.031E-3	3.997E-2
13.109	-6.482E-4	3.993E-2
13.118	-2.243E-4	4.000E-2
13.126	1.856E-4	4.019E-2
13.134	5.282E-4	4.047E-2
13.143	8.025E-4	4.082E-2
13.151	9.299E-4	4.118E-2
13.159	9.412E-4	4.151E-2
13.168	7.736E-4	4.181E-2
13.176	5.086E-4	4.198E-2
13.185	1.584E-4	4.203E-2
13.193	-2.420E-4	4.198E-2
13.201	-6.307E-4	4.177E-2
13.210	-9.287E-4	4.149E-2
13.218	-1.223E-3	4.113E-2
13.227	-1.350E-3	4.071E-2
13.235	-1.347E-3	4.031E-2
13.243	-1.244E-3	4.003E-2
13.252	-1.028E-3	3.982E-2
13.260	-7.549E-4	3.974E-2
13.268	-4.095E-4	3.978E-2
13.277	-6.483E-5	3.999E-2
13.285	2.511E-4	4.028E-2
13.294	5.190E-4	4.068E-2
13.302	6.990E-4	4.111E-2
13.310	7.574E-4	4.152E-2
13.319	7.046E-4	4.184E-2
13.327	5.184E-4	4.206E-2
13.335	2.711E-4	4.212E-2
13.344	1.244E-6	4.206E-2
13.352	-3.419E-4	4.183E-2
13.361	-6.291E-4	4.150E-2
13.369	-8.647E-4	4.111E-2
13.377	-1.023E-3	4.065E-2
13.386	-1.111E-3	4.022E-2
13.394	-1.073E-3	3.986E-2
13.402	-9.010E-4	3.964E-2
13.411	-6.834E-4	3.955E-2
13.419	-4.329E-4	3.960E-2
13.428	-1.676E-4	3.979E-2
13.436	9.716E-5	4.015E-2
13.444	3.247E-4	4.059E-2
13.453	5.145E-4	4.108E-2
13.461	6.079E-4	4.155E-2
13.469	5.941E-4	4.190E-2
13.478	5.098E-4	4.214E-2
13.486	3.389E-4	4.225E-2
13.495	1.061E-4	4.223E-2
13.503	-1.289E-4	4.200E-2
13.511	-3.715E-4	4.164E-2
13.520	-6.077E-4	4.117E-2
13.528	-7.634E-4	4.070E-2
13.536	-8.931E-4	4.021E-2
13.545	-9.020E-4	3.980E-2
13.553	-8.871E-4	3.952E-2
13.562	-7.591E-4	3.941E-2
13.570	-6.310E-4	3.948E-2
13.578	-4.149E-4	3.971E-2
13.587	-1.916E-4	4.004E-2
13.595	4.107E-5	4.048E-2
13.603	2.437E-4	4.098E-2
13.612	3.449E-4	4.144E-2
13.620	4.628E-4	4.185E-2
13.629	4.247E-4	4.214E-2
13.637	3.371E-4	4.226E-2
13.645	2.449E-4	4.223E-2
13.654	7.370E-5	4.203E-2
13.662	-1.059E-4	4.167E-2
13.670	-2.895E-4	4.120E-2
13.679	-4.820E-4	4.069E-2
13.687	-6.626E-4	4.020E-2
13.696	-7.445E-4	3.977E-2
13.704	-8.314E-4	3.948E-2
13.712	-8.301E-4	3.933E-2
13.721	-7.759E-4	3.935E-2
13.729	-6.760E-4	3.954E-2
13.737	-5.185E-4	3.988E-2
13.746	-3.627E-4	4.037E-2
13.754	-1.761E-4	4.089E-2
13.763	6.384E-6	4.139E-2
13.771	1.578E-4	4.181E-2
13.779	2.561E-4	4.212E-2
13.788	3.085E-4	4.227E-2
13.796	3.035E-4	4.226E-2
13.804	2.622E-4	4.206E-2
13.813	1.457E-4	4.173E-2
13.821	1.727E-6	4.130E-2
13.830	-1.689E-4	4.078E-2
13.838	-3.564E-4	4.032E-2
13.846	-5.084E-4	3.989E-2
13.855	-6.708E-4	3.959E-2
13.863	-7.387E-4	3.942E-2
13.871	-7.904E-4	3.946E-2
13.880	-8.123E-4	3.964E-2
13.888	-7.600E-4	3.998E-2
13.897	-6.456E-4	4.042E-2
13.905	-4.613E-4	4.091E-2
13.913	-2.588E-4	4.140E-2
13.922	-9.116E-5	4.183E-2
13.930	8.397E-5	4.213E-2
13.939	2.387E-4	4.229E-2
13.947	3.446E-4	4.228E-2
13.955	3.795E-4	4.210E-2
13.964	3.349E-4	4.180E-2
13.972	2.503E-4	4.136E-2
13.980	1.014E-4	4.088E-2
13.989	-9.784E-5	4.040E-2
13.997	-3.269E-4	3.998E-2
14.006	-5.591E-4	3.967E-2
14.014	-7.714E-4	3.950E-2
14.022	-9.048E-4	3.949E-2
14.031	-9.813E-4	3.967E-2
14.039	-1.014E-3	3.996E-2
14.047	-9.540E-4	4.037E-2
14.056	-8.270E-4	4.084E-2
14.064	-6.275E-4	4.132E-2
14.073	-3.887E-4	4.174E-2
14.081	-1.286E-4	4.207E-2
14.089	1.044E-4	4.224E-2
14.098	3.092E-4	4.227E-2
14.106	4.361E-4	4.212E-2
14.114	5.031E-4	4.182E-2
14.123	5.111E-4	4.141E-2
14.131	3.376E-4	4.095E-2
14.140	1.412E-4	4.048E-2
14.148	-1.103E-4	4.007E-2
14.156	-3.951E-4	3.975E-2
14.165	-6.640E-4	3.957E-2
14.173	-8.872E-4	3.955E-2
14.181	-1.042E-3	3.967E-2
14.190	-1.148E-3	3.994E-2
14.198	-1.127E-3	4.029E-2
14.207	-9.980E-4	4.069E-2
14.215	-8.404E-4	4.114E-2
14.223	-5.800E-4	4.154E-2
14.232	-2.865E-4	4.184E-2
14.240	1.728E-5	4.202E-2
14.248	3.161E-4	4.205E-2
14.257	5.582E-4	4.195E-2
14.265	7.034E-4	4.172E-2
14.274	7.387E-4	4.140E-2
14.282	6.974E-4	4.098E-2
14.290	4.977E-4	4.058E-2
14.299	2.509E-4	4.022E-2
14.307	-9.939E-5	3.994E-2
14.315	-4.416E-4	3.976E-2
14.324	-7.708E-4	3.975E-2
14.332	-1.053E-3	3.980E-2
14.341	-1.224E-3	4.001E-2
14.349	-1.296E-3	4.032E-2
14.357	-1.241E-3	4.069E-2
14.366	-1.079E-3	4.109E-2
14.374	-8.069E-4	4.141E-2
14.382	-4.569E-4	4.166E-2
14.391	-7.482E-5	4.181E-2
14.399	2.749E-4	4.185E-2
14.408	5.998E-4	4.179E-2
14.416	8.221E-4	4.160E-2
14.424	9.275E-4	4.133E-2
14.433	9.460E-4	4.098E-2
14.441	7.346E-4	4.064E-2
14.449	4.748E-4	4.034E-2
14.458	9.568E-5	4.013E-2
14.466	-3.141E-4	3.997E-2
14.475	-6.935E-4	3.993E-2
14.483	-1.051E-3	3.997E-2
14.491	-1.300E-3	4.017E-2
14.500	-1.392E-3	4.041E-2
14.508	-1.429E-3	4.069E-2
14.516	-1.314E-3	4.097E-2
14.525	-1.036E-3	4.126E-2
14.533	-6.747E-4	4.152E-2
14.542	-2.451E-4	4.165E-2
14.550	1.473E-4	4.169E-2
14.558	5.326E-4	4.161E-2
14.567	8.506E-4	4.148E-2
14.575	1.016E-3	4.130E-2
14.583	1.023E-3	4.106E-2
14.592	8.758E-4	4.079E-2
14.600	5.705E-4	4.057E-2
14.609	1.639E-4	4.040E-2
14.617	-2.944E-4	4.026E-2
14.625	-7.537E-4	4.020E-2
14.634	-1.143E-3	4.021E-2
14.642	-1.456E-3	4.035E-2
14.651	-1.618E-3	4.053E-2
14.659	-1.634E-3	4.071E-2
14.667	-1.550E-3	4.092E-2
14.676	-1.305E-3	4.113E-2
14.684	-9.155E-4	4.130E-2
14.692	-4.528E-4	4.141E-2
14.701	3.068E-5	4.144E-2
14.709	4.901E-4	4.141E-2
14.718	8.814E-4	4.132E-2
14.726	1.091E-3	4.118E-2
14.734	1.154E-3	4.099E-2
14.743	1.030E-3	4.083E-2
14.751	7.667E-4	4.066E-2
14.759	3.680E-4	4.052E-2
14.768	-1.087E-4	4.041E-2
14.776	-5.903E-4	4.038E-2
14.785	-1.046E-3	4.040E-2
14.793	-1.430E-3	4.044E-2
14.801	-1.675E-3	4.058E-2
14.810	-1.764E-3	4.069E-2
14.818	-1.713E-3	4.084E-2
14.826	-1.509E-3	4.095E-2
14.835	-1.121E-3	4.107E-2
14.843	-6.546E-4	4.114E-2
14.852	-1.538E-4	4.117E-2
14.860	3.238E-4	4.116E-2
14.868	7.534E-4	4.113E-2
14.877	1.049E-3	4.108E-2
14.885	1.182E-3	4.099E-2
14.893	1.149E-3	4.089E-2
14.902	8.620E-4	4.083E-2
14.910	4.986E-4	4.074E-2
14.919	4.461E-5	4.067E-2
14.927	-4.376E-4	4.066E-2
14.935	-8.929E-4	4.065E-2
14.944	-1.303E-3	4.065E-2
14.952	-1.575E-3	4.066E-2
14.960	-1.696E-3	4.070E-2
14.969	-1.692E-3	4.074E-2
14.977	-1.519E-3	4.073E-2
14.986	-1.222E-3	4.080E-2
14.994	-7.897E-4	4.085E-2
15.002	-3.202E-4	4.087E-2
15.011	1.755E-4	4.090E-2
15.019	5.970E-4	4.091E-2
15.027	9.735E-4	4.091E-2
15.036	1.165E-3	4.092E-2
15.044	1.185E-3	4.091E-2
15.053	1.003E-3	4.091E-2
15.061	6.678E-4	4.091E-2
15.069	1.768E-4	4.091E-2
15.078	-3.294E-4	4.089E-2
15.086	-8.165E-4	4.088E-2
15.094	-1.259E-3	4.086E-2
15.103	-1.558E-3	4.085E-2
15.111	-1.732E-3	4.076E-2
15.120	-1.741E-3	4.068E-2
15.128	-1.605E-3	4.064E-2
15.136	-1.310E-3	4.063E-2
15.145	-8.949E-4	4.063E-2
15.153	-4.043E-4	4.064E-2
15.161	9.056E-5	4.065E-2
15.170	5.508E-4	4.070E-2
15.178	9.383E-4	4.077E-2
15.187	1.174E-3	4.090E-2
15.195	1.223E-3	4.099E-2
15.203	1.097E-3	4.108E-2
15.212	7.734E-4	4.115E-2
15.220	3.576E-4	4.118E-2
15.228	-1.156E-4	4.116E-2
15.237	-5.962E-4	4.113E-2
15.245	-1.034E-3	4.107E-2
15.254	-1.380E-3	4.094E-2
15.262	-1.575E-3	4.084E-2
15.270	-1.589E-3	4.068E-2
15.279	-1.528E-3	4.057E-2
15.287	-1.295E-3	4.046E-2
15.296	-9.038E-4	4.040E-2
15.304	-4.658E-4	4.040E-2
15.312	-3.170E-5	4.041E-2
15.321	3.972E-4	4.051E-2
15.329	7.544E-4	4.064E-2
15.337	1.012E-3	4.083E-2
15.346	1.125E-3	4.099E-2
15.354	1.028E-3	4.116E-2
15.363	7.780E-4	4.132E-2
15.371	4.234E-4	4.141E-2
15.379	-2.620E-5	4.142E-2
15.388	-5.031E-4	4.138E-2
15.396	-9.212E-4	4.129E-2
15.404	-1.266E-3	4.112E-2
15.413	-1.505E-3	4.090E-2
15.421	-1.591E-3	4.068E-2
15.430	-1.531E-3	4.045E-2
15.438	-1.347E-3	4.027E-2
15.446	-1.031E-3	4.016E-2
15.455	-6.495E-4	4.012E-2
15.463	-2.174E-4	4.015E-2
15.471	2.158E-4	4.030E-2
15.480	5.602E-4	4.045E-2
15.488	8.352E-4	4.068E-2
15.497	9.510E-4	4.094E-2
15.505	9.533E-4	4.119E-2
15.513	7.913E-4	4.141E-2
15.522	5.035E-4	4.156E-2
15.530	1.420E-4	4.161E-2
15.538	-2.759E-4	4.158E-2
15.547	-6.706E-4	4.146E-2
15.555	-9.941E-4	4.121E-2
15.564	-1.276E-3	4.094E-2
15.572	-1.415E-3	4.063E-2
15.580	-1.452E-3	4.036E-2
15.589	-1.328E-3	4.014E-2
15.597	-1.076E-3	3.997E-2
15.605	-7.838E-4	3.992E-2
15.614	-4.004E-4	3.994E-2
15.622	-3.489E-5	4.007E-2
15.631	3.051E-4	4.028E-2
15.639	5.770E-4	4.059E-2
15.647	7.593E-4	4.091E-2
15.656	7.971E-4	4.124E-2
15.664	6.741E-4	4.155E-2
15.672	4.453E-4	4.177E-2
15.681	1.195E-4	4.185E-2
15.689	-1.862E-4	4.183E-2
15.698	-5.544E-4	4.167E-2
15.706	-8.471E-4	4.141E-2
15.714	-1.078E-3	4.110E-2
15.723	-1.263E-3	4.072E-2
15.731	-1.282E-3	4.038E-2
15.739	-1.275E-3	4.008E-2
15.748	-1.085E-3	3.988E-2
15.756	-8.423E-4	3.978E-2
15.765	-5.652E-4	3.977E-2
15.773	-2.199E-4	3.994E-2
15.781	8.901E-5	4.020E-2
15.790	3.355E-4	4.054E-2
15.798	5.320E-4	4.094E-2
15.806	5.994E-4	4.131E-2
15.815	5.745E-4	4.165E-2
15.823	4.683E-4	4.188E-2
15.832	2.530E-4	4.200E-2
15.840	1.643E-5	4.202E-2
15.848	-2.550E-4	4.185E-2
15.857	-5.561E-4	4.159E-2
15.865	-7.954E-4	4.122E-2
15.873	-9.866E-4	4.080E-2
15.882	-1.054E-3	4.041E-2
15.890	-1.056E-3	4.004E-2
15.899	-1.016E-3	3.976E-2
15.907	-8.504E-4	3.964E-2
15.915	-6.347E-4	3.968E-2
15.924	-3.867E-4	3.980E-2
15.932	-1.316E-4	4.007E-2
15.940	9.646E-5	4.046E-2
15.949	2.828E-4	4.089E-2
15.957	3.874E-4	4.132E-2
15.966	3.862E-4	4.167E-2
15.974	3.631E-4	4.196E-2
15.982	2.669E-4	4.213E-2
15.991	9.383E-5	4.210E-2
15.999	-1.160E-4	4.193E-2
16.008	-3.495E-4	4.169E-2
16.016	-5.688E-4	4.130E-2
16.024	-7.339E-4	4.088E-2
16.033	-8.620E-4	4.043E-2
16.041	-9.101E-4	4.002E-2
16.049	-8.963E-4	3.973E-2
16.058	-8.127E-4	3.955E-2
16.066	-6.931E-4	3.953E-2
16.075	-5.207E-4	3.970E-2
16.083	-3.494E-4	3.997E-2
16.091	-1.556E-4	4.037E-2
16.100	2.683E-5	4.082E-2
16.108	1.842E-4	4.129E-2
16.116	2.640E-4	4.168E-2
16.125	3.058E-4	4.200E-2
16.133	2.853E-4	4.219E-2
16.142	2.380E-4	4.223E-2
16.150	1.039E-4	4.210E-2
16.158	-2.711E-5	4.182E-2
16.167	-2.229E-4	4.142E-2
16.175	-3.955E-4	4.095E-2
16.183	-5.328E-4	4.048E-2
16.192	-6.619E-4	4.004E-2
16.200	-6.868E-4	3.973E-2
16.209	-6.830E-4	3.954E-2
16.217	-6.578E-4	3.950E-2
16.225	-6.078E-4	3.962E-2
16.234	-4.481E-4	3.994E-2
16.242	-3.400E-4	4.034E-2
16.250	-1.716E-4	4.079E-2
16.259	2.341E-5	4.128E-2
16.267	1.232E-4	4.168E-2
16.276	2.614E-4	4.200E-2
16.284	3.067E-4	4.221E-2
16.292	3.122E-4	4.225E-2
16.301	3.069E-4	4.214E-2
16.309	2.422E-4	4.185E-2
16.317	1.003E-4	4.146E-2
16.326	-5.511E-5	4.100E-2
16.334	-2.112E-4	4.051E-2
16.343	-3.919E-4	4.008E-2
16.351	-5.081E-4	3.977E-2
16.359	-6.489E-4	3.956E-2
16.368	-6.724E-4	3.951E-2
16.376	-6.666E-4	3.962E-2
16.384	-6.410E-4	3.990E-2
16.393	-5.867E-4	4.027E-2
16.401	-4.214E-4	4.071E-2
16.410	-2.499E-4	4.115E-2
16.418	-1.267E-4	4.157E-2
16.426	5.108E-5	4.188E-2
16.435	2.385E-4	4.208E-2
16.443	3.239E-4	4.212E-2
16.451	3.597E-4	4.203E-2
16.460	3.597E-4	4.179E-2
16.468	2.965E-4	4.143E-2
16.477	2.026E-4	4.100E-2
16.485	1.498E-5	4.058E-2
16.493	-1.797E-4	4.018E-2
16.502	-3.816E-4	3.984E-2
16.510	-5.780E-4	3.968E-2
16.518	-6.903E-4	3.963E-2
16.527	-8.239E-4	3.974E-2
16.535	-8.583E-4	3.997E-2
16.544	-8.344E-4	4.029E-2
16.552	-6.891E-4	4.068E-2
16.560	-5.696E-4	4.112E-2
16.569	-3.739E-4	4.153E-2
16.577	-1.485E-4	4.184E-2
16.585	8.063E-5	4.205E-2
16.594	2.853E-4	4.211E-2
16.602	4.715E-4	4.204E-2
16.611	5.320E-4	4.182E-2
16.619	5.350E-4	4.150E-2
16.627	4.890E-4	4.112E-2
16.636	3.060E-4	4.070E-2
16.644	8.462E-5	4.028E-2
16.652	-1.621E-4	3.997E-2
16.661	-4.078E-4	3.975E-2
16.669	-6.372E-4	3.971E-2
16.678	-8.457E-4	3.976E-2
16.686	-9.024E-4	3.996E-2
16.694	-9.426E-4	4.024E-2
16.703	-8.944E-4	4.063E-2
16.711	-8.021E-4	4.103E-2
16.720	-5.952E-4	4.140E-2
16.728	-3.260E-4	4.168E-2
16.736	-2.744E-5	4.185E-2
16.745	2.366E-4	4.193E-2
16.753	4.828E-4	4.191E-2
16.761	6.746E-4	4.171E-2
16.770	7.144E-4	4.145E-2
16.778	7.095E-4	4.110E-2
16.787	5.354E-4	4.073E-2
16.795	3.041E-4	4.039E-2
16.803	4.051E-5	4.010E-2
16.812	-2.761E-4	3.994E-2
16.820	-6.181E-4	3.987E-2
16.828	-8.733E-4	3.994E-2
16.837	-1.076E-3	4.008E-2
16.845	-1.135E-3	4.038E-2
16.854	-1.123E-3	4.068E-2
16.862	-1.020E-3	4.101E-2
16.870	-8.168E-4	4.137E-2
16.879	-5.348E-4	4.162E-2
16.887	-1.980E-4	4.180E-2
16.895	1.356E-4	4.186E-2
16.904	4.601E-4	4.184E-2
16.912	6.757E-4	4.168E-2
16.921	7.864E-4	4.143E-2
16.929	8.105E-4	4.114E-2
16.937	6.948E-4	4.084E-2
16.946	4.135E-4	4.054E-2
16.954	1.004E-4	4.032E-2
16.962	-2.426E-4	4.017E-2
16.971	-6.402E-4	4.010E-2
16.979	-9.766E-4	4.014E-2
16.988	-1.271E-3	4.025E-2
16.996	-1.388E-3	4.044E-2
17.004	-1.435E-3	4.068E-2
17.013	-1.336E-3	4.095E-2
17.021	-1.119E-3	4.119E-2
17.029	-8.108E-4	4.140E-2
17.038	-4.339E-4	4.157E-2
17.046	-4.759E-5	4.162E-2
17.055	3.216E-4	4.161E-2
17.063	6.064E-4	4.152E-2
17.071	8.269E-4	4.135E-2
17.080	8.703E-4	4.113E-2
17.088	7.987E-4	4.090E-2
17.096	5.727E-4	4.067E-2
17.105	2.667E-4	4.046E-2
17.113	-1.200E-4	4.032E-2
17.122	-5.390E-4	4.027E-2
17.130	-9.413E-4	4.024E-2
17.138	-1.293E-3	4.032E-2
17.147	-1.510E-3	4.047E-2
17.155	-1.555E-3	4.065E-2
17.163	-1.514E-3	4.087E-2
17.172	-1.320E-3	4.105E-2
17.180	-1.035E-3	4.122E-2
17.189	-6.288E-4	4.133E-2
17.197	-1.958E-4	4.139E-2
17.205	2.342E-4	4.139E-2
17.214	5.865E-4	4.134E-2
17.222	8.573E-4	4.122E-2
17.230	9.842E-4	4.106E-2
17.239	9.756E-4	4.091E-2
17.247	7.926E-4	4.074E-2
17.256	4.679E-4	4.063E-2
17.264	8.236E-5	4.051E-2
17.272	-3.677E-4	4.044E-2
17.281	-7.985E-4	4.043E-2
17.289	-1.166E-3	4.046E-2
17.297	-1.458E-3	4.053E-2
17.306	-1.584E-3	4.064E-2
17.314	-1.563E-3	4.073E-2
17.323	-1.396E-3	4.086E-2
17.331	-1.126E-3	4.094E-2
17.339	-7.454E-4	4.104E-2
17.348	-3.237E-4	4.111E-2
17.356	1.223E-4	4.112E-2
17.364	5.236E-4	4.111E-2
17.373	8.324E-4	4.107E-2
17.381	1.014E-3	4.100E-2
17.390	1.022E-3	4.090E-2
17.398	8.566E-4	4.085E-2
17.406	5.640E-4	4.077E-2
17.415	1.442E-4	4.073E-2
17.423	-3.215E-4	4.068E-2
17.432	-7.813E-4	4.068E-2
17.440	-1.160E-3	4.067E-2
17.448	-1.506E-3	4.067E-2
17.457	-1.669E-3	4.069E-2
17.465	-1.723E-3	4.071E-2
17.473	-1.575E-3	4.074E-2
17.482	-1.320E-3	4.072E-2
17.490	-9.223E-4	4.075E-2
17.499	-4.550E-4	4.080E-2
17.507	1.547E-5	4.084E-2
17.515	4.400E-4	4.087E-2
17.524	7.819E-4	4.088E-2
17.532	1.013E-3	4.089E-2
17.540	1.058E-3	4.089E-2
17.549	9.448E-4	4.089E-2
17.557	6.955E-4	4.090E-2
17.566	3.347E-4	4.090E-2
17.574	-1.096E-4	4.090E-2
17.582	-5.759E-4	4.089E-2
17.591	-9.835E-4	4.089E-2
17.599	-1.331E-3	4.084E-2
17.607	-1.529E-3	4.079E-2
17.616	-1.592E-3	4.074E-2
17.624	-1.507E-3	4.068E-2
17.633	-1.308E-3	4.065E-2
17.641	-9.630E-4	4.065E-2
17.649	-5.785E-4	4.064E-2
17.658	-1.203E-4	4.065E-2
17.666	3.030E-4	4.069E-2
17.674	6.680E-4	4.073E-2
17.683	9.032E-4	4.084E-2
17.691	9.950E-4	4.092E-2
17.700	9.464E-4	4.099E-2
17.708	7.505E-4	4.108E-2
17.716	3.964E-4	4.113E-2
17.725	-1.010E-5	4.114E-2
17.733	-4.616E-4	4.113E-2
17.741	-8.576E-4	4.109E-2
17.750	-1.218E-3	4.096E-2
17.758	-1.471E-3	4.086E-2
17.767	-1.565E-3	4.072E-2
17.775	-1.516E-3	4.061E-2
17.783	-1.345E-3	4.049E-2
17.792	-1.054E-3	4.042E-2
17.800	-6.607E-4	4.039E-2
17.808	-2.280E-4	4.041E-2
17.817	2.036E-4	4.046E-2
17.825	5.405E-4	4.059E-2
17.834	8.302E-4	4.073E-2
17.842	9.484E-4	4.090E-2
17.850	9.623E-4	4.108E-2
17.859	7.981E-4	4.122E-2
17.867	5.122E-4	4.133E-2
17.875	1.428E-4	4.137E-2
17.884	-2.718E-4	4.137E-2
17.892	-6.769E-4	4.130E-2
17.901	-1.005E-3	4.116E-2
17.909	-1.287E-3	4.095E-2
17.917	-1.433E-3	4.075E-2
17.926	-1.461E-3	4.055E-2
17.934	-1.331E-3	4.039E-2
17.942	-1.085E-3	4.025E-2
17.951	-7.527E-4	4.018E-2
17.959	-3.731E-4	4.019E-2
17.968	4.151E-6	4.025E-2
17.976	3.561E-4	4.042E-2
17.984	6.295E-4	4.063E-2
17.993	8.049E-4	4.087E-2
18.001	8.216E-4	4.112E-2
18.009	7.200E-4	4.134E-2
18.018	5.081E-4	4.152E-2
18.026	2.004E-4	4.161E-2
18.035	-1.658E-4	4.160E-2
18.043	-5.312E-4	4.154E-2
18.051	-8.663E-4	4.136E-2
18.060	-1.118E-3	4.112E-2
18.068	-1.260E-3	4.086E-2
18.077	-1.315E-3	4.060E-2
18.085	-1.251E-3	4.037E-2
18.093	-1.064E-3	4.019E-2
18.102	-8.081E-4	4.006E-2
18.110	-4.993E-4	4.003E-2
18.118	-1.591E-4	4.013E-2
18.127	1.407E-4	4.032E-2
18.135	4.000E-4	4.060E-2
18.144	5.740E-4	4.091E-2
18.152	6.324E-4	4.120E-2
18.160	5.931E-4	4.146E-2
18.169	4.288E-4	4.164E-2
18.177	1.552E-4	4.177E-2
18.185	-1.416E-4	4.179E-2
18.194	-4.176E-4	4.170E-2
18.202	-7.192E-4	4.154E-2
18.211	-1.005E-3	4.127E-2
18.219	-1.127E-3	4.095E-2
18.227	-1.257E-3	4.062E-2
18.236	-1.239E-3	4.032E-2
18.244	-1.092E-3	4.011E-2
18.252	-8.852E-4	3.998E-2
18.261	-6.278E-4	3.998E-2
18.269	-3.444E-4	4.002E-2
18.278	-8.826E-5	4.024E-2
18.286	1.467E-4	4.050E-2
18.294	3.296E-4	4.084E-2
18.303	4.782E-4	4.119E-2
18.311	5.049E-4	4.152E-2
18.319	3.925E-4	4.178E-2
18.328	2.391E-4	4.193E-2
18.336	4.148E-5	4.200E-2
18.345	-1.906E-4	4.190E-2
18.353	-4.354E-4	4.167E-2
18.361	-6.516E-4	4.136E-2
18.370	-8.215E-4	4.097E-2
18.378	-9.146E-4	4.061E-2
18.386	-9.102E-4	4.025E-2
18.395	-8.837E-4	3.997E-2
18.403	-7.402E-4	3.978E-2
18.412	-6.092E-4	3.974E-2
18.420	-3.874E-4	3.981E-2
18.428	-1.656E-4	4.001E-2
18.437	6.141E-5	4.034E-2
18.445	2.562E-4	4.072E-2
18.453	3.664E-4	4.111E-2
18.462	4.204E-4	4.147E-2
18.470	3.998E-4	4.180E-2
18.479	2.911E-4	4.198E-2
18.487	1.671E-4	4.205E-2
18.495	-2.255E-5	4.197E-2
18.504	-2.514E-4	4.178E-2
18.512	-4.516E-4	4.146E-2
18.520	-6.142E-4	4.105E-2
18.529	-7.394E-4	4.065E-2
18.537	-8.233E-4	4.026E-2
18.546	-8.387E-4	3.996E-2
18.554	-8.235E-4	3.976E-2
18.562	-7.268E-4	3.971E-2
18.571	-5.983E-4	3.977E-2
18.579	-4.104E-4	3.999E-2
18.587	-2.638E-4	4.030E-2
18.596	-1.104E-4	4.068E-2
18.604	3.892E-5	4.109E-2
18.613	1.375E-4	4.149E-2
18.621	1.833E-4	4.182E-2
18.629	1.605E-4	4.204E-2
18.638	1.037E-4	4.209E-2
18.646	3.488E-5	4.203E-2
18.654	-9.692E-5	4.181E-2
18.663	-2.528E-4	4.150E-2
18.671	-4.032E-4	4.112E-2
18.680	-5.695E-4	4.069E-2
18.688	-6.576E-4	4.026E-2
18.696	-7.442E-4	3.995E-2
18.705	-7.979E-4	3.973E-2
18.713	-8.044E-4	3.967E-2
18.721	-7.426E-4	3.974E-2
18.730	-6.415E-4	3.996E-2
18.738	-5.252E-4	4.025E-2
18.747	-3.835E-4	4.065E-2
18.755	-2.200E-4	4.107E-2
18.763	-1.009E-4	4.147E-2
18.772	3.559E-5	4.183E-2
18.780	1.077E-4	4.205E-2
18.789	1.220E-4	4.212E-2
18.797	1.281E-4	4.206E-2
18.805	8.093E-5	4.185E-2
18.814	-8.254E-6	4.155E-2
18.822	-1.489E-4	4.115E-2
18.830	-3.295E-4	4.071E-2
18.839	-4.382E-4	4.029E-2
18.847	-5.750E-4	3.995E-2
18.856	-6.741E-4	3.973E-2
18.864	-7.484E-4	3.967E-2
18.872	-7.935E-4	3.973E-2
18.881	-7.982E-4	3.992E-2
18.889	-7.575E-4	4.022E-2
18.897	-6.152E-4	4.061E-2
18.906	-4.752E-4	4.103E-2
18.914	-3.559E-4	4.143E-2
18.923	-1.627E-4	4.175E-2
18.931	-3.182E-5	4.200E-2
18.939	7.527E-5	4.210E-2
18.948	1.457E-4	4.205E-2
18.956	1.629E-4	4.186E-2
18.964	1.168E-4	4.157E-2
18.973	6.527E-5	4.119E-2
18.981	-9.219E-5	4.076E-2
18.990	-2.594E-4	4.037E-2
18.998	-4.328E-4	4.003E-2
19.006	-6.123E-4	3.979E-2
19.015	-7.812E-4	3.970E-2
19.023	-8.585E-4	3.974E-2
19.031	-8.970E-4	3.992E-2
19.040	-8.904E-4	4.020E-2
19.048	-8.184E-4	4.056E-2
19.057	-6.894E-4	4.095E-2
19.065	-5.229E-4	4.132E-2
19.073	-3.313E-4	4.163E-2
19.082	-1.153E-4	4.185E-2
19.090	7.812E-5	4.197E-2
19.098	2.501E-4	4.196E-2
19.107	3.535E-4	4.182E-2
19.115	3.650E-4	4.156E-2
19.124	3.282E-4	4.121E-2
19.132	2.347E-4	4.084E-2
19.140	4.809E-5	4.047E-2
19.149	-1.625E-4	4.017E-2
19.157	-3.918E-4	3.995E-2
19.165	-6.195E-4	3.982E-2
19.174	-7.993E-4	3.981E-2
19.182	-9.303E-4	3.995E-2
19.191	-1.021E-3	4.019E-2
19.199	-1.030E-3	4.053E-2
19.207	-9.141E-4	4.087E-2
19.216	-7.339E-4	4.120E-2
19.224	-5.289E-4	4.151E-2
19.232	-2.862E-4	4.174E-2
19.241	-2.906E-5	4.185E-2
19.249	1.891E-4	4.184E-2
19.258	3.365E-4	4.170E-2
19.266	4.802E-4	4.150E-2
19.274	5.058E-4	4.122E-2
19.283	3.806E-4	4.088E-2
19.291	2.204E-4	4.055E-2
19.299	-5.872E-5	4.027E-2
19.308	-3.614E-4	4.005E-2
19.316	-6.262E-4	3.994E-2
19.325	-8.633E-4	3.995E-2
19.333	-1.063E-3	4.004E-2
19.341	-1.202E-3	4.023E-2
19.350	-1.229E-3	4.051E-2
19.358	-1.140E-3	4.081E-2
19.366	-9.992E-4	4.112E-2
19.375	-7.615E-4	4.137E-2
19.383	-4.472E-4	4.157E-2
19.392	-1.331E-4	4.166E-2
19.400	1.494E-4	4.164E-2
19.408	3.898E-4	4.156E-2
19.417	5.566E-4	4.138E-2
19.425	5.977E-4	4.114E-2
19.433	5.503E-4	4.087E-2
19.442	3.660E-4	4.061E-2
19.450	1.047E-4	4.039E-2
19.459	-1.778E-4	4.021E-2
19.467	-5.412E-4	4.011E-2
19.475	-8.529E-4	4.013E-2
19.484	-1.084E-3	4.020E-2
19.492	-1.291E-3	4.038E-2
19.501	-1.338E-3	4.062E-2
19.509	-1.317E-3	4.086E-2
19.517	-1.122E-3	4.110E-2
19.526	-8.650E-4	4.133E-2
19.534	-5.548E-4	4.150E-2
19.542	-1.915E-4	4.161E-2
19.551	1.544E-4	4.160E-2
19.559	4.556E-4	4.156E-2
19.568	6.464E-4	4.140E-2
19.576	7.763E-4	4.121E-2
19.584	7.658E-4	4.098E-2
19.593	5.863E-4	4.073E-2
19.601	3.280E-4	4.054E-2
19.609	3.957E-6	4.043E-2
19.618	-3.595E-4	4.036E-2
19.626	-7.469E-4	4.036E-2
19.635	-1.059E-3	4.042E-2
19.643	-1.294E-3	4.050E-2
19.651	-1.442E-3	4.066E-2
19.660	-1.451E-3	4.083E-2
19.668	-1.316E-3	4.100E-2
19.676	-1.061E-3	4.114E-2
19.685	-7.546E-4	4.127E-2
19.693	-3.772E-4	4.136E-2
19.702	3.261E-5	4.137E-2
19.710	3.689E-4	4.137E-2
19.718	6.453E-4	4.126E-2
19.727	8.012E-4	4.115E-2
19.735	8.043E-4	4.099E-2
19.743	7.233E-4	4.086E-2
19.752	4.648E-4	4.071E-2
19.760	1.287E-4	4.062E-2
19.769	-2.658E-4	4.057E-2
19.777	-6.614E-4	4.057E-2
19.785	-1.021E-3	4.060E-2
19.794	-1.295E-3	4.067E-2
19.802	-1.479E-3	4.073E-2
19.810	-1.519E-3	4.083E-2
19.819	-1.411E-3	4.094E-2
19.827	-1.221E-3	4.102E-2
19.836	-8.791E-4	4.111E-2
19.844	-4.936E-4	4.116E-2
19.852	-1.201E-4	4.118E-2
19.861	2.919E-4	4.116E-2
19.869	5.857E-4	4.115E-2
19.877	8.018E-4	4.106E-2
19.886	8.527E-4	4.100E-2
19.894	7.811E-4	4.096E-2
19.903	5.480E-4	4.089E-2
19.911	2.286E-4	4.084E-2
19.919	-1.715E-4	4.084E-2
19.928	-6.050E-4	4.081E-2
19.936	-9.961E-4	4.082E-2
19.944	-1.298E-3	4.084E-2
19.953	-1.514E-3	4.087E-2
19.961	-1.556E-3	4.089E-2
19.970	-1.524E-3	4.089E-2
19.978	-1.300E-3	4.093E-2
19.986	-1.013E-3	4.094E-2
19.995	-6.146E-4	4.094E-2
20.003	-1.867E-4	4.094E-2
20.011	2.284E-4	4.094E-2
20.020	5.408E-4	4.093E-2
20.028	7.918E-4	4.093E-2
20.037	8.795E-4	4.093E-2
20.045	8.133E-4	4.093E-2
20.053	6.030E-4	4.093E-2
20.062	3.112E-4	4.092E-2
20.070	-8.856E-5	4.091E-2
20.078	-4.880E-4	4.091E-2
20.087	-8.968E-4	4.089E-2
20.095	-1.227E-3	4.086E-2
20.104	-1.465E-3	4.083E-2
20.112	-1.564E-3	4.079E-2
20.120	-1.529E-3	4.080E-2
20.129	-1.351E-3	4.073E-2
20.137	-1.063E-3	4.068E-2
20.145	-7.021E-4	4.067E-2
20.154	-3.479E-4	4.067E-2
20.162	7.309E-5	4.070E-2
20.171	4.322E-4	4.073E-2
20.179	7.100E-4	4.080E-2
20.187	8.368E-4	4.091E-2
20.196	8.197E-4	4.096E-2
20.204	6.886E-4	4.106E-2
20.213	3.637E-4	4.113E-2
20.221	3.797E-5	4.115E-2
20.229	-3.650E-4	4.114E-2
20.238	-7.617E-4	4.111E-2
20.246	-1.086E-3	4.104E-2
20.254	-1.326E-3	4.093E-2
20.263	-1.482E-3	4.084E-2
20.271	-1.501E-3	4.070E-2
20.280	-1.352E-3	4.061E-2
20.288	-1.099E-3	4.050E-2
20.296	-7.966E-4	4.044E-2
20.305	-4.107E-4	4.044E-2
20.313	-2.693E-5	4.047E-2
20.321	3.033E-4	4.059E-2
20.330	5.795E-4	4.070E-2
20.338	7.782E-4	4.087E-2
20.347	8.063E-4	4.101E-2
20.355	7.033E-4	4.117E-2
20.363	4.919E-4	4.128E-2
20.372	1.760E-4	4.136E-2
20.380	-1.772E-4	4.136E-2
20.388	-5.523E-4	4.135E-2
20.397	-8.794E-4	4.121E-2
20.405	-1.127E-3	4.105E-2
20.414	-1.282E-3	4.089E-2
20.422	-1.324E-3	4.069E-2
20.430	-1.258E-3	4.050E-2
20.439	-1.071E-3	4.036E-2
20.447	-8.030E-4	4.027E-2
20.455	-4.473E-4	4.023E-2
20.464	-1.064E-4	4.027E-2
20.472	2.077E-4	4.040E-2
20.481	4.857E-4	4.060E-2
20.489	6.714E-4	4.082E-2
20.497	7.272E-4	4.106E-2
20.506	6.919E-4	4.128E-2
20.514	5.005E-4	4.145E-2
20.522	2.650E-4	4.155E-2
20.531	-4.741E-5	4.159E-2
20.539	-3.989E-4	4.156E-2
20.548	-6.970E-4	4.139E-2
20.556	-9.968E-4	4.118E-2
20.564	-1.157E-3	4.093E-2
20.573	-1.237E-3	4.068E-2
20.581	-1.238E-3	4.044E-2
20.589	-1.069E-3	4.023E-2
20.598	-8.441E-4	4.012E-2
20.606	-5.872E-4	4.007E-2
20.615	-2.975E-4	4.012E-2
20.623	1.445E-5	4.027E-2
20.631	2.888E-4	4.047E-2
20.640	4.949E-4	4.071E-2
20.648	6.019E-4	4.099E-2
20.656	5.896E-4	4.125E-2
20.665	4.840E-4	4.149E-2
20.673	2.969E-4	4.164E-2
20.682	5.064E-5	4.167E-2
20.690	-2.251E-4	4.163E-2
20.698	-4.609E-4	4.145E-2
20.707	-6.796E-4	4.119E-2
20.715	-8.736E-4	4.090E-2
20.723	-9.203E-4	4.062E-2
20.732	-9.160E-4	4.034E-2
20.740	-8.602E-4	4.013E-2
20.749	-6.937E-4	3.997E-2
20.757	-4.870E-4	3.993E-2
20.765	-2.727E-4	3.997E-2
20.774	2.069E-6	4.015E-2
20.782	2.453E-4	4.039E-2
20.790	4.115E-4	4.068E-2
20.799	5.129E-4	4.102E-2
20.807	5.294E-4	4.135E-2
20.816	5.163E-4	4.161E-2
20.824	3.740E-4	4.179E-2
20.832	2.022E-4	4.184E-2
20.841	-4.460E-5	4.181E-2
20.849	-3.050E-4	4.163E-2
20.858	-5.450E-4	4.138E-2
20.866	-7.137E-4	4.106E-2
20.874	-8.561E-4	4.072E-2
20.883	-9.023E-4	4.041E-2
20.891	-8.780E-4	4.013E-2
20.899	-7.732E-4	3.995E-2
20.908	-6.540E-4	3.988E-2
20.916	-4.602E-4	3.994E-2
20.925	-2.167E-4	4.010E-2
20.933	1.699E-5	4.037E-2
20.941	1.666E-4	4.071E-2
20.950	2.769E-4	4.105E-2
20.958	3.378E-4	4.140E-2
20.966	3.437E-4	4.168E-2
20.975	2.957E-4	4.186E-2
20.983	2.279E-4	4.194E-2
20.992	2.692E-5	4.192E-2
21.000	-1.445E-4	4.174E-2
21.008	-3.165E-4	4.151E-2
21.017	-4.755E-4	4.116E-2
21.025	-6.435E-4	4.078E-2
21.033	-6.999E-4	4.045E-2
21.042	-7.742E-4	4.015E-2
21.050	-7.872E-4	3.994E-2
21.059	-7.296E-4	3.982E-2
21.067	-6.100E-4	3.985E-2
21.075	-4.620E-4	4.003E-2
21.084	-3.161E-4	4.027E-2
21.092	-1.470E-4	4.061E-2
21.100	-3.271E-5	4.098E-2
21.109	7.130E-5	4.134E-2
21.117	1.213E-4	4.164E-2
21.126	1.331E-4	4.186E-2
21.134	1.107E-4	4.197E-2
21.142	5.529E-5	4.197E-2
21.151	-7.825E-5	4.182E-2
21.159	-1.811E-4	4.157E-2
21.167	-3.363E-4	4.121E-2
21.176	-4.543E-4	4.081E-2
21.184	-5.620E-4	4.046E-2
21.193	-6.471E-4	4.013E-2
21.201	-6.826E-4	3.992E-2
21.209	-6.707E-4	3.979E-2
21.218	-6.532E-4	3.978E-2
21.226	-5.455E-4	3.995E-2
21.234	-4.510E-4	4.020E-2
21.243	-3.253E-4	4.053E-2
21.251	-1.953E-4	4.090E-2
21.260	-6.181E-5	4.127E-2
21.268	3.438E-5	4.162E-2
21.276	1.171E-4	4.185E-2
21.285	1.603E-4	4.197E-2
21.293	1.502E-4	4.200E-2
21.301	1.082E-4	4.185E-2
21.310	3.293E-5	4.159E-2
21.318	-5.339E-5	4.124E-2
21.327	-1.940E-4	4.088E-2
21.335	-3.216E-4	4.049E-2
21.343	-4.482E-4	4.018E-2
21.352	-5.530E-4	3.994E-2
21.360	-6.487E-4	3.980E-2
21.368	-6.497E-4	3.978E-2
21.377	-6.489E-4	3.992E-2
21.385	-6.275E-4	4.018E-2
21.394	-5.326E-4	4.049E-2
21.402	-4.271E-4	4.086E-2
21.410	-2.570E-4	4.123E-2
21.419	-1.559E-4	4.155E-2
21.427	-4.133E-6	4.180E-2
21.435	8.652E-5	4.191E-2
21.444	1.665E-4	4.189E-2
21.452	1.743E-4	4.178E-2
21.461	1.502E-4	4.156E-2
21.469	9.831E-5	4.123E-2
21.477	6.724E-6	4.086E-2
21.486	-1.291E-4	4.047E-2
21.494	-3.172E-4	4.017E-2
21.502	-4.715E-4	3.994E-2
21.511	-6.336E-4	3.979E-2
21.519	-7.703E-4	3.977E-2
21.528	-8.105E-4	3.990E-2
21.536	-8.269E-4	4.014E-2
21.544	-8.194E-4	4.044E-2
21.553	-7.456E-4	4.079E-2
21.561	-5.991E-4	4.116E-2
21.570	-4.046E-4	4.147E-2
21.578	-1.961E-4	4.174E-2
21.586	-5.591E-6	4.187E-2
21.595	1.163E-4	4.186E-2
21.603	2.484E-4	4.178E-2
21.611	3.106E-4	4.159E-2
21.620	3.065E-4	4.130E-2
21.628	2.344E-4	4.094E-2
21.637	8.995E-5	4.061E-2
21.645	-9.906E-5	4.031E-2
21.653	-3.293E-4	4.010E-2
21.662	-5.563E-4	3.999E-2
21.670	-7.671E-4	3.997E-2
21.678	-8.867E-4	4.003E-2
21.687	-9.260E-4	4.023E-2
21.695	-9.459E-4	4.048E-2
21.704	-8.908E-4	4.078E-2
21.712	-7.541E-4	4.114E-2
21.720	-5.736E-4	4.141E-2
21.729	-3.464E-4	4.162E-2
21.737	-1.125E-4	4.175E-2
21.745	1.144E-4	4.180E-2
21.754	3.018E-4	4.171E-2
21.762	3.880E-4	4.157E-2
21.771	4.372E-4	4.133E-2
21.779	3.464E-4	4.103E-2
21.787	2.377E-4	4.073E-2
21.796	5.179E-5	4.045E-2
21.804	-1.846E-4	4.022E-2
21.812	-4.430E-4	4.010E-2
21.821	-6.785E-4	4.008E-2
21.829	-8.781E-4	4.018E-2
21.838	-9.831E-4	4.035E-2
21.846	-1.052E-3	4.060E-2
21.854	-1.028E-3	4.086E-2
21.863	-9.129E-4	4.113E-2
21.871	-7.052E-4	4.137E-2
21.879	-4.612E-4	4.158E-2
21.888	-1.618E-4	4.169E-2
21.896	1.191E-4	4.169E-2
21.905	3.506E-4	4.161E-2
21.913	5.349E-4	4.147E-2
21.921	6.090E-4	4.130E-2
21.930	5.933E-4	4.107E-2
21.938	4.815E-4	4.083E-2
21.946	2.624E-4	4.061E-2
21.955	7.979E-6	4.043E-2
21.963	-2.774E-4	4.030E-2
21.972	-6.074E-4	4.024E-2
21.980	-8.681E-4	4.027E-2
21.988	-1.056E-3	4.039E-2
21.997	-1.156E-3	4.059E-2
22.005	-1.137E-3	4.081E-2
22.013	-1.026E-3	4.104E-2
22.022	-8.469E-4	4.126E-2
22.030	-5.731E-4	4.143E-2
22.039	-2.520E-4	4.154E-2
22.047	5.045E-5	4.157E-2
22.055	3.436E-4	4.155E-2
22.064	5.807E-4	4.143E-2
22.072	7.132E-4	4.128E-2
22.080	7.397E-4	4.109E-2
22.089	6.803E-4	4.090E-2
22.097	4.205E-4	4.071E-2
22.106	1.165E-4	4.056E-2
22.114	-2.083E-4	4.047E-2
22.122	-5.488E-4	4.043E-2
22.131	-8.536E-4	4.045E-2
22.139	-1.096E-3	4.052E-2
22.147	-1.253E-3	4.065E-2
22.156	-1.274E-3	4.080E-2
22.164	-1.227E-3	4.096E-2
22.173	-1.034E-3	4.110E-2
22.181	-7.904E-4	4.122E-2
22.189	-4.362E-4	4.130E-2
22.198	-8.765E-5	4.132E-2
22.206	2.612E-4	4.133E-2
22.214	5.513E-4	4.129E-2
22.223	7.419E-4	4.118E-2
22.231	8.198E-4	4.106E-2
22.240	7.329E-4	4.094E-2
22.248	5.491E-4	4.081E-2
22.256	2.700E-4	4.071E-2
22.265	-7.938E-5	4.065E-2
22.273	-4.495E-4	4.062E-2
22.282	-7.856E-4	4.064E-2
22.290	-1.071E-3	4.068E-2
22.298	-1.260E-3	4.071E-2
22.307	-1.323E-3	4.081E-2
22.315	-1.286E-3	4.092E-2
22.323	-1.121E-3	4.100E-2
22.332	-8.470E-4	4.105E-2
22.340	-5.141E-4	4.112E-2
22.349	-1.471E-4	4.113E-2
22.357	2.294E-4	4.113E-2
22.365	5.154E-4	4.112E-2
22.374	7.450E-4	4.108E-2
22.382	8.675E-4	4.105E-2
22.390	8.073E-4	4.099E-2
22.399	6.160E-4	4.093E-2
22.407	3.340E-4	4.086E-2
22.416	4.932E-6	4.082E-2
22.424	-3.659E-4	4.082E-2
22.432	-7.456E-4	4.084E-2
22.441	-1.054E-3	4.084E-2
22.449	-1.285E-3	4.086E-2
22.457	-1.376E-3	4.087E-2
22.466	-1.350E-3	4.091E-2
22.474	-1.212E-3	4.093E-2
22.483	-9.734E-4	4.092E-2
22.491	-6.547E-4	4.094E-2
22.499	-3.003E-4	4.093E-2
22.508	7.888E-5	4.093E-2
22.516	4.254E-4	4.094E-2
22.524	6.426E-4	4.093E-2
22.533	7.888E-4	4.092E-2
22.541	7.956E-4	4.092E-2
22.550	6.207E-4	4.092E-2
22.558	3.577E-4	4.092E-2
22.566	4.942E-5	4.092E-2
22.575	-3.360E-4	4.091E-2
22.583	-6.717E-4	4.090E-2
22.591	-1.001E-3	4.088E-2
22.600	-1.263E-3	4.085E-2
22.608	-1.374E-3	4.086E-2
22.617	-1.356E-3	4.075E-2
22.625	-1.263E-3	4.069E-2
22.633	-1.045E-3	4.066E-2
22.642	-7.700E-4	4.066E-2
22.650	-4.013E-4	4.065E-2
22.658	-4.604E-5	4.066E-2
22.667	2.952E-4	4.069E-2
22.675	5.766E-4	4.076E-2
22.684	7.536E-4	4.084E-2
22.692	8.025E-4	4.091E-2
22.700	6.816E-4	4.097E-2
22.709	4.486E-4	4.105E-2
22.717	1.143E-4	4.109E-2
22.725	-2.082E-4	4.112E-2
22.734	-5.733E-4	4.111E-2
22.742	-8.895E-4	4.105E-2
22.751	-1.122E-3	4.094E-2
22.759	-1.289E-3	4.086E-2
22.767	-1.299E-3	4.073E-2
22.776	-1.265E-3	4.063E-2
22.784	-1.073E-3	4.056E-2
22.792	-8.111E-4	4.050E-2
22.801	-4.849E-4	4.046E-2
22.809	-1.512E-4	4.046E-2
22.818	1.565E-4	4.051E-2
22.826	4.511E-4	4.064E-2
22.834	5.901E-4	4.077E-2
22.843	7.035E-4	4.093E-2
22.851	6.310E-4	4.109E-2
22.859	4.746E-4	4.118E-2
22.868	2.335E-4	4.126E-2
22.876	-7.296E-5	4.132E-2
22.885	-4.143E-4	4.132E-2
22.893	-7.270E-4	4.124E-2
22.901	-1.016E-3	4.113E-2
22.910	-1.212E-3	4.095E-2
22.918	-1.290E-3	4.076E-2
22.926	-1.286E-3	4.060E-2
22.935	-1.093E-3	4.045E-2
22.943	-8.620E-4	4.036E-2
22.952	-5.864E-4	4.035E-2
22.960	-2.896E-4	4.039E-2
22.968	3.573E-5	4.047E-2
22.977	3.156E-4	4.064E-2
22.985	5.235E-4	4.081E-2
22.994	6.174E-4	4.102E-2
23.002	5.932E-4	4.123E-2
23.010	4.915E-4	4.142E-2
23.019	2.739E-4	4.154E-2
23.027	1.424E-5	4.156E-2
23.035	-2.671E-4	4.158E-2
23.044	-5.819E-4	4.147E-2
23.052	-8.214E-4	4.133E-2
23.061	-1.012E-3	4.112E-2
23.069	-1.117E-3	4.088E-2
23.077	-1.106E-3	4.066E-2
23.086	-1.015E-3	4.046E-2
23.094	-8.471E-4	4.031E-2
23.102	-6.165E-4	4.025E-2
23.111	-3.370E-4	4.025E-2
23.119	-8.077E-5	4.037E-2
23.128	1.513E-4	4.055E-2
23.136	3.511E-4	4.080E-2
23.144	4.822E-4	4.107E-2
23.153	5.209E-4	4.133E-2
23.161	4.687E-4	4.154E-2
23.169	3.104E-4	4.169E-2
23.178	8.870E-5	4.173E-2
23.186	-1.498E-4	4.175E-2
23.195	-4.049E-4	4.163E-2
23.203	-6.326E-4	4.143E-2
23.211	-8.069E-4	4.117E-2
23.220	-9.189E-4	4.088E-2
23.228	-9.090E-4	4.061E-2
23.236	-8.924E-4	4.037E-2
23.245	-7.566E-4	4.020E-2
23.253	-6.148E-4	4.013E-2
23.262	-3.877E-4	4.015E-2
23.270	-1.576E-4	4.025E-2
23.278	6.527E-5	4.045E-2
23.287	2.646E-4	4.071E-2
23.295	3.812E-4	4.098E-2
23.303	4.641E-4	4.126E-2
23.312	4.735E-4	4.153E-2
23.320	3.435E-4	4.173E-2
23.329	2.334E-4	4.184E-2
23.337	4.719E-5	4.183E-2
23.345	-1.765E-4	4.171E-2
23.354	-3.876E-4	4.152E-2
23.362	-5.736E-4	4.126E-2
23.370	-6.596E-4	4.096E-2
23.379	-7.329E-4	4.062E-2
23.387	-7.654E-4	4.035E-2
23.396	-6.913E-4	4.017E-2
23.404	-6.122E-4	4.005E-2
23.412	-4.311E-4	4.002E-2
23.421	-2.258E-4	4.014E-2
23.429	-6.687E-5	4.037E-2
23.437	7.721E-5	4.065E-2
23.446	2.436E-4	4.097E-2
23.454	3.023E-4	4.128E-2
23.463	3.281E-4	4.158E-2
23.471	2.951E-4	4.179E-2
23.479	2.523E-4	4.189E-2
23.488	9.183E-5	4.187E-2
23.496	-3.500E-5	4.177E-2
23.504	-2.168E-4	4.157E-2
23.513	-3.845E-4	4.128E-2
23.521	-4.830E-4	4.095E-2
23.530	-6.300E-4	4.060E-2
23.538	-6.595E-4	4.030E-2
23.546	-6.506E-4	4.004E-2
23.555	-6.131E-4	3.993E-2
23.563	-5.079E-4	3.993E-2
23.571	-4.150E-4	4.002E-2
23.580	-2.386E-4	4.023E-2
23.588	-1.619E-4	4.050E-2
23.597	3.102E-7	4.085E-2
23.605	8.962E-5	4.119E-2
23.613	1.461E-4	4.148E-2
23.622	1.896E-4	4.174E-2
23.630	1.473E-4	4.188E-2
23.639	8.366E-5	4.186E-2
23.647	2.720E-5	4.178E-2
23.655	-9.266E-5	4.158E-2
23.664	-2.159E-4	4.129E-2
23.672	-3.453E-4	4.094E-2
23.680	-4.453E-4	4.060E-2
23.689	-5.185E-4	4.027E-2
23.697	-6.040E-4	4.001E-2
23.706	-6.159E-4	3.989E-2
23.714	-6.162E-4	3.989E-2
23.722	-5.502E-4	3.999E-2
23.731	-4.859E-4	4.020E-2
23.739	-3.898E-4	4.048E-2
23.747	-2.866E-4	4.082E-2
23.756	-1.670E-4	4.117E-2
23.764	-6.710E-5	4.147E-2
23.773	1.341E-5	4.175E-2
23.781	8.240E-5	4.189E-2
23.789	1.006E-4	4.190E-2
23.798	9.766E-5	4.181E-2
23.806	6.298E-5	4.161E-2
23.814	-4.741E-5	4.132E-2
23.823	-1.670E-4	4.096E-2
23.831	-2.972E-4	4.062E-2
23.840	-4.164E-4	4.030E-2
23.848	-5.270E-4	4.001E-2
23.856	-6.097E-4	3.988E-2
23.865	-6.635E-4	3.987E-2
23.873	-6.581E-4	3.997E-2
23.881	-6.344E-4	4.018E-2
23.890	-5.612E-4	4.045E-2
23.898	-4.623E-4	4.078E-2
23.907	-3.413E-4	4.115E-2
23.915	-1.988E-4	4.144E-2
23.923	-4.600E-5	4.166E-2
23.932	4.098E-5	4.181E-2
23.940	1.390E-4	4.185E-2
23.948	1.793E-4	4.179E-2
23.957	1.569E-4	4.159E-2
23.965	1.110E-4	4.132E-2
23.974	2.888E-5	4.097E-2
23.982	-8.124E-5	4.065E-2
23.990	-2.435E-4	4.035E-2
23.999	-4.017E-4	4.012E-2
24.007	-5.569E-4	3.997E-2
24.015	-6.709E-4	3.994E-2
24.024	-7.481E-4	3.999E-2
24.032	-7.951E-4	4.018E-2
24.041	-7.973E-4	4.044E-2
24.049	-7.399E-4	4.073E-2
24.057	-6.093E-4	4.106E-2
24.066	-4.497E-4	4.137E-2
24.074	-2.798E-4	4.160E-2
24.082	-1.133E-4	4.176E-2
24.091	5.786E-5	4.182E-2
24.099	1.561E-4	4.177E-2
24.108	2.372E-4	4.160E-2
24.116	2.634E-4	4.136E-2
24.124	2.333E-4	4.107E-2
24.133	1.143E-4	4.075E-2
24.141	-4.297E-5	4.045E-2
24.149	-2.644E-4	4.021E-2
24.158	-4.606E-4	4.003E-2
24.166	-6.263E-4	3.998E-2
24.175	-7.663E-4	4.002E-2
24.183	-8.701E-4	4.019E-2
24.191	-8.912E-4	4.042E-2
24.200	-8.405E-4	4.069E-2
24.208	-7.288E-4	4.095E-2
24.216	-5.895E-4	4.123E-2
24.225	-3.883E-4	4.143E-2
24.233	-1.614E-4	4.158E-2
24.242	5.845E-5	4.162E-2
24.250	2.529E-4	4.158E-2
24.258	3.675E-4	4.144E-2
24.267	4.095E-4	4.119E-2
24.275	3.907E-4	4.093E-2
24.283	2.801E-4	4.066E-2
24.292	1.165E-4	4.042E-2
24.300	-1.105E-4	4.020E-2
24.309	-3.551E-4	4.007E-2
24.317	-5.939E-4	4.000E-2
24.325	-8.058E-4	4.001E-2
24.334	-9.746E-4	4.015E-2
24.342	-1.044E-3	4.036E-2
24.351	-1.047E-3	4.062E-2
24.359	-9.930E-4	4.088E-2
24.367	-8.188E-4	4.112E-2
24.376	-5.904E-4	4.133E-2
24.384	-3.508E-4	4.145E-2
24.392	-1.010E-4	4.150E-2
24.401	1.306E-4	4.150E-2
24.409	3.138E-4	4.139E-2
24.418	4.507E-4	4.120E-2
24.426	4.529E-4	4.097E-2
24.434	3.384E-4	4.073E-2
24.443	1.614E-4	4.051E-2
24.451	-9.085E-5	4.032E-2
24.459	-3.732E-4	4.022E-2
24.468	-6.292E-4	4.019E-2
24.476	-8.597E-4	4.019E-2
24.485	-1.069E-3	4.028E-2
24.493	-1.146E-3	4.042E-2
24.501	-1.170E-3	4.062E-2
24.510	-1.100E-3	4.084E-2
24.518	-9.754E-4	4.104E-2
24.526	-7.669E-4	4.121E-2
24.535	-4.705E-4	4.132E-2
24.543	-1.749E-4	4.137E-2
24.552	9.071E-5	4.136E-2
24.560	3.275E-4	4.129E-2
24.568	5.161E-4	4.116E-2
24.577	5.645E-4	4.097E-2
24.585	5.312E-4	4.081E-2
24.593	3.460E-4	4.066E-2
24.602	1.113E-4	4.052E-2
24.610	-1.640E-4	4.041E-2
24.619	-4.894E-4	4.037E-2
24.627	-8.109E-4	4.038E-2
24.635	-1.050E-3	4.045E-2
24.644	-1.221E-3	4.057E-2
24.652	-1.295E-3	4.070E-2
24.660	-1.272E-3	4.086E-2
24.669	-1.088E-3	4.097E-2
24.677	-8.499E-4	4.110E-2
24.686	-5.785E-4	4.117E-2
24.694	-2.129E-4	4.119E-2
24.702	9.035E-5	4.117E-2
24.711	3.565E-4	4.113E-2
24.719	5.619E-4	4.107E-2
24.727	6.270E-4	4.094E-2
24.736	6.060E-4	4.085E-2
24.744	4.825E-4	4.072E-2
24.753	2.536E-4	4.064E-2
24.761	-5.016E-5	4.059E-2
24.769	-3.940E-4	4.057E-2
24.778	-7.002E-4	4.060E-2
24.786	-1.022E-3	4.063E-2
24.794	-1.242E-3	4.068E-2
24.803	-1.313E-3	4.073E-2
24.811	-1.300E-3	4.083E-2
24.820	-1.183E-3	4.092E-2
24.828	-9.868E-4	4.096E-2
24.836	-6.802E-4	4.096E-2
24.845	-3.407E-4	4.103E-2
24.853	1.371E-5	4.107E-2
24.861	3.231E-4	4.108E-2
24.870	5.625E-4	4.104E-2
24.878	6.937E-4	4.100E-2
24.887	6.617E-4	4.093E-2
24.895	5.501E-4	4.088E-2
24.903	3.185E-4	4.084E-2
24.912	4.150E-5	4.081E-2
24.920	-3.218E-4	4.081E-2
24.928	-6.419E-4	4.082E-2
24.937	-9.367E-4	4.084E-2
24.945	-1.191E-3	4.085E-2
24.954	-1.322E-3	4.087E-2
24.962	-1.323E-3	4.089E-2
24.970	-1.262E-3	4.091E-2
24.979	-1.046E-3	4.092E-2
24.987	-7.813E-4	4.091E-2
24.995	-4.216E-4	4.092E-2
25.004	-1.022E-4	4.093E-2
25.012	2.400E-4	4.092E-2
25.021	5.186E-4	4.092E-2
25.029	6.671E-4	4.092E-2
25.037	7.087E-4	4.092E-2
25.046	6.234E-4	4.091E-2
25.054	3.990E-4	4.093E-2
25.063	1.144E-4	4.092E-2
25.071	-1.923E-4	4.092E-2
25.079	-5.516E-4	4.090E-2
25.088	-8.448E-4	4.090E-2
25.096	-1.078E-3	4.088E-2
25.104	-1.262E-3	4.084E-2
25.113	-1.303E-3	4.078E-2
25.121	-1.252E-3	4.075E-2
25.130	-1.065E-3	4.069E-2
25.138	-8.232E-4	4.068E-2
25.146	-4.685E-4	4.067E-2
25.155	-1.670E-4	4.067E-2
25.163	1.307E-4	4.069E-2
25.171	3.993E-4	4.072E-2
25.180	5.675E-4	4.081E-2
25.188	6.280E-4	4.090E-2
25.197	5.985E-4	4.094E-2
25.205	4.060E-4	4.101E-2
25.213	1.315E-4	4.111E-2
25.222	-1.528E-4	4.111E-2
25.230	-4.775E-4	4.111E-2
25.238	-8.290E-4	4.108E-2
25.247	-1.074E-3	4.099E-2
25.255	-1.264E-3	4.089E-2
25.264	-1.320E-3	4.078E-2
25.272	-1.296E-3	4.069E-2
25.280	-1.108E-3	4.063E-2
25.289	-8.791E-4	4.057E-2
25.297	-5.988E-4	4.059E-2
25.305	-3.003E-4	4.060E-2
25.314	3.695E-5	4.065E-2
25.322	3.181E-4	4.071E-2
25.331	5.264E-4	4.083E-2
25.339	5.992E-4	4.097E-2
25.347	5.807E-4	4.109E-2
25.356	4.853E-4	4.120E-2
25.364	2.707E-4	4.129E-2
25.372	3.857E-6	4.135E-2
25.381	-2.955E-4	4.135E-2
25.389	-5.987E-4	4.130E-2
25.398	-8.573E-4	4.118E-2
25.406	-1.026E-3	4.104E-2
25.414	-1.137E-3	4.089E-2
25.423	-1.121E-3	4.071E-2
25.431	-9.966E-4	4.059E-2
25.439	-8.467E-4	4.047E-2
25.448	-6.041E-4	4.042E-2
25.456	-3.154E-4	4.043E-2
25.465	-4.051E-5	4.048E-2
25.473	1.996E-4	4.061E-2
25.481	3.718E-4	4.076E-2
25.490	5.122E-4	4.092E-2
25.498	5.427E-4	4.111E-2
25.506	4.853E-4	4.129E-2
25.515	2.998E-4	4.141E-2
25.523	7.136E-5	4.145E-2
25.532	-1.910E-4	4.142E-2
25.540	-4.453E-4	4.136E-2
25.548	-6.712E-4	4.121E-2
25.557	-8.616E-4	4.101E-2
25.565	-9.256E-4	4.084E-2
25.573	-9.220E-4	4.064E-2
25.582	-8.764E-4	4.045E-2
25.590	-7.696E-4	4.029E-2
25.599	-5.937E-4	4.020E-2
25.607	-3.560E-4	4.020E-2
25.615	-9.653E-5	4.025E-2
25.624	1.254E-4	4.041E-2
25.632	3.089E-4	4.062E-2
25.640	4.617E-4	4.085E-2
25.649	4.831E-4	4.110E-2
25.657	4.524E-4	4.132E-2
25.666	3.010E-4	4.149E-2
25.674	1.212E-4	4.160E-2
25.682	-1.002E-4	4.160E-2
25.691	-3.428E-4	4.155E-2
25.699	-5.703E-4	4.138E-2
25.707	-7.660E-4	4.116E-2
25.716	-8.928E-4	4.090E-2
25.724	-9.323E-4	4.066E-2
25.733	-9.476E-4	4.042E-2
25.741	-8.571E-4	4.023E-2
25.749	-7.200E-4	4.014E-2
25.758	-5.649E-4	4.015E-2
25.766	-3.518E-4	4.021E-2
25.775	-1.316E-4	4.039E-2
25.783	6.455E-5	4.063E-2
25.791	1.831E-4	4.088E-2
25.800	2.533E-4	4.115E-2
25.808	2.891E-4	4.138E-2
25.816	2.566E-4	4.158E-2
25.825	1.169E-4	4.168E-2
25.833	-6.623E-5	4.167E-2
25.842	-2.433E-4	4.160E-2
25.850	-4.446E-4	4.142E-2
25.858	-6.002E-4	4.117E-2
25.867	-7.465E-4	4.089E-2
25.875	-8.222E-4	4.062E-2
25.883	-8.312E-4	4.035E-2
25.892	-8.108E-4	4.018E-2
25.900	-7.312E-4	4.003E-2
25.909	-6.021E-4	3.998E-2
25.917	-4.288E-4	4.004E-2
25.925	-2.658E-4	4.021E-2
25.934	-1.221E-4	4.045E-2
25.942	2.192E-5	4.073E-2
25.950	1.164E-4	4.104E-2
25.959	1.407E-4	4.134E-2
25.967	1.271E-4	4.156E-2
25.976	1.012E-4	4.168E-2
25.984	-4.603E-5	4.171E-2
25.992	-1.598E-4	4.165E-2
26.001	-3.406E-4	4.148E-2
26.009	-4.391E-4	4.126E-2
26.017	-5.727E-4	4.097E-2
26.026	-6.521E-4	4.066E-2
26.034	-6.837E-4	4.037E-2
26.043	-6.790E-4	4.016E-2
26.051	-6.421E-4	4.000E-2
26.059	-5.664E-4	3.997E-2
26.068	-4.724E-4	4.001E-2
26.076	-3.797E-4	4.019E-2
26.084	-2.447E-4	4.044E-2
26.093	-1.411E-4	4.073E-2
26.101	-5.896E-5	4.104E-2
26.110	2.024E-5	4.135E-2
26.118	7.527E-5	4.159E-2
26.126	7.895E-5	4.176E-2
26.135	7.111E-5	4.181E-2
26.143	-1.439E-5	4.176E-2
26.151	-1.275E-4	4.159E-2
26.160	-2.402E-4	4.135E-2
26.168	-3.812E-4	4.104E-2
26.177	-4.833E-4	4.072E-2
26.185	-5.796E-4	4.042E-2
26.193	-6.284E-4	4.018E-2
26.202	-6.467E-4	4.000E-2
26.210	-6.309E-4	3.996E-2
26.218	-5.843E-4	4.000E-2
26.227	-5.509E-4	4.018E-2
26.235	-4.400E-4	4.043E-2
26.244	-3.293E-4	4.071E-2
26.252	-2.166E-4	4.103E-2
26.260	-1.087E-4	4.135E-2
26.269	-4.389E-5	4.159E-2
26.277	1.157E-5	4.177E-2
26.285	3.767E-5	4.181E-2
26.294	6.250E-5	4.180E-2
26.302	3.785E-5	4.162E-2
26.311	2.938E-6	4.137E-2
26.319	-1.009E-4	4.109E-2
26.327	-2.066E-4	4.074E-2
26.336	-3.075E-4	4.044E-2
26.344	-4.244E-4	4.020E-2
26.352	-4.743E-4	4.001E-2
26.361	-5.850E-4	3.996E-2
26.369	-6.190E-4	3.999E-2
26.378	-6.068E-4	4.016E-2
26.386	-5.614E-4	4.040E-2
26.394	-4.715E-4	4.069E-2
26.403	-3.974E-4	4.098E-2
26.411	-2.871E-4	4.128E-2
26.420	-1.583E-4	4.156E-2
26.428	-6.296E-5	4.173E-2
26.436	2.178E-5	4.180E-2
26.445	9.714E-5	4.179E-2
26.453	1.171E-4	4.163E-2
26.461	9.755E-5	4.138E-2
26.470	3.964E-5	4.111E-2
26.478	-6.523E-5	4.080E-2
26.487	-1.942E-4	4.051E-2
26.495	-3.247E-4	4.025E-2
26.503	-4.600E-4	4.005E-2
26.512	-5.745E-4	3.998E-2
26.520	-6.651E-4	4.000E-2
26.528	-6.855E-4	4.014E-2
26.537	-6.696E-4	4.039E-2
26.545	-6.504E-4	4.066E-2
26.554	-5.004E-4	4.094E-2
26.562	-4.039E-4	4.121E-2
26.570	-2.157E-4	4.142E-2
26.579	-6.390E-5	4.159E-2
26.587	5.811E-5	4.164E-2
26.595	2.030E-4	4.162E-2
26.604	2.553E-4	4.149E-2
26.612	2.831E-4	4.132E-2
26.621	2.655E-4	4.108E-2
26.629	1.916E-4	4.078E-2
26.637	4.046E-5	4.052E-2
26.646	-1.502E-4	4.026E-2
26.654	-3.275E-4	4.010E-2
26.662	-4.942E-4	4.004E-2
26.671	-6.683E-4	4.003E-2
26.679	-7.368E-4	4.016E-2
26.688	-8.193E-4	4.037E-2
26.696	-8.185E-4	4.063E-2
26.704	-7.428E-4	4.090E-2
26.713	-6.107E-4	4.115E-2
26.721	-4.290E-4	4.137E-2
26.729	-2.221E-4	4.154E-2
26.738	5.612E-6	4.160E-2
26.746	2.008E-4	4.160E-2
26.755	2.957E-4	4.149E-2
26.763	3.752E-4	4.134E-2
26.771	3.663E-4	4.111E-2
26.780	2.882E-4	4.088E-2
26.788	1.547E-4	4.064E-2
26.796	-4.823E-5	4.042E-2
26.805	-2.972E-4	4.025E-2
26.813	-5.367E-4	4.019E-2
26.822	-7.485E-4	4.019E-2
26.830	-8.817E-4	4.028E-2
26.838	-9.948E-4	4.043E-2
26.847	-1.024E-3	4.065E-2
26.855	-1.021E-3	4.088E-2
26.863	-8.358E-4	4.111E-2
26.872	-6.278E-4	4.131E-2
26.880	-3.899E-4	4.143E-2
26.889	-1.419E-4	4.150E-2
26.897	8.696E-5	4.153E-2
26.905	2.798E-4	4.145E-2
26.914	3.804E-4	4.129E-2
26.922	4.223E-4	4.112E-2
26.930	3.387E-4	4.091E-2
26.939	2.436E-4	4.069E-2
26.947	5.879E-5	4.050E-2
26.956	-1.677E-4	4.039E-2
26.964	-4.269E-4	4.033E-2
26.972	-6.543E-4	4.035E-2
26.981	-8.443E-4	4.043E-2
26.989	-9.742E-4	4.053E-2
26.997	-1.048E-3	4.068E-2
27.006	-1.044E-3	4.088E-2
27.014	-9.053E-4	4.105E-2
27.023	-6.929E-4	4.122E-2
27.031	-4.288E-4	4.132E-2
27.039	-1.546E-4	4.138E-2
27.048	1.105E-4	4.137E-2
27.056	3.331E-4	4.134E-2
27.064	5.098E-4	4.122E-2
27.073	5.778E-4	4.106E-2
27.081	5.650E-4	4.091E-2
27.090	4.427E-4	4.074E-2
27.098	2.101E-4	4.062E-2
27.106	-7.142E-5	4.049E-2
27.115	-3.652E-4	4.043E-2
27.123	-6.435E-4	4.043E-2
27.132	-8.626E-4	4.046E-2
27.140	-1.030E-3	4.055E-2
27.148	-1.122E-3	4.068E-2
27.157	-1.107E-3	4.082E-2
27.165	-9.962E-4	4.095E-2
27.173	-8.224E-4	4.107E-2
27.182	-5.801E-4	4.115E-2
27.190	-3.016E-4	4.119E-2
27.199	-7.959E-6	4.117E-2
27.207	2.495E-4	4.116E-2
27.215	4.684E-4	4.108E-2
27.224	6.010E-4	4.096E-2
27.232	5.946E-4	4.087E-2
27.240	5.026E-4	4.078E-2
27.249	3.145E-4	4.069E-2
27.257	4.470E-5	4.064E-2
27.266	-2.353E-4	4.064E-2
27.274	-5.696E-4	4.060E-2
27.282	-8.362E-4	4.064E-2
27.291	-1.035E-3	4.068E-2
27.299	-1.173E-3	4.072E-2
27.307	-1.236E-3	4.080E-2
27.316	-1.116E-3	4.089E-2
27.324	-9.531E-4	4.094E-2
27.333	-7.200E-4	4.097E-2
27.341	-4.235E-4	4.098E-2
27.349	-1.210E-4	4.098E-2
27.358	1.605E-4	4.095E-2
27.366	3.765E-4	4.093E-2
27.374	5.449E-4	4.088E-2
27.383	5.668E-4	4.085E-2
27.391	5.254E-4	4.083E-2
27.400	3.364E-4	4.080E-2
27.408	9.591E-5	4.077E-2
27.416	-1.956E-4	4.074E-2
27.425	-5.338E-4	4.069E-2
27.433	-8.284E-4	4.068E-2
27.441	-1.044E-3	4.069E-2
27.450	-1.212E-3	4.070E-2
27.458	-1.284E-3	4.070E-2
27.467	-1.225E-3	4.070E-2
27.475	-1.061E-3	4.072E-2
27.483	-8.256E-4	4.073E-2
27.492	-5.407E-4	4.073E-2
27.500	-1.955E-4	4.072E-2
27.508	9.376E-5	4.072E-2
27.517	3.365E-4	4.072E-2
27.525	5.349E-4	4.071E-2
27.534	5.851E-4	4.073E-2
27.542	5.590E-4	4.073E-2
27.550	3.768E-4	4.073E-2
27.559	1.296E-4	4.072E-2
27.567	-1.449E-4	4.071E-2
27.575	-4.376E-4	4.071E-2
27.584	-7.521E-4	4.070E-2
27.592	-1.023E-3	4.068E-2
27.601	-1.151E-3	4.067E-2
27.609	-1.253E-3	4.063E-2
27.617	-1.234E-3	4.060E-2
27.626	-1.070E-3	4.061E-2
27.634	-8.413E-4	4.058E-2
27.642	-5.928E-4	4.059E-2
27.651	-3.033E-4	4.062E-2
27.659	1.609E-5	4.065E-2
27.668	3.036E-4	4.068E-2
27.676	5.030E-4	4.071E-2
27.684	5.955E-4	4.082E-2
27.693	5.811E-4	4.089E-2
27.701	4.781E-4	4.094E-2
27.709	2.581E-4	4.099E-2
27.718	2.498E-6	4.100E-2
27.726	-2.832E-4	4.105E-2
27.735	-5.937E-4	4.104E-2
27.743	-8.398E-4	4.097E-2
27.751	-1.012E-3	4.088E-2
27.760	-1.125E-3	4.082E-2
27.768	-1.112E-3	4.070E-2
27.776	-9.973E-4	4.064E-2
27.785	-8.363E-4	4.058E-2
27.793	-5.939E-4	4.054E-2
27.802	-3.092E-4	4.059E-2
27.810	-3.301E-5	4.064E-2
27.818	2.018E-4	4.069E-2
27.827	3.465E-4	4.079E-2
27.835	5.203E-4	4.092E-2
27.844	5.373E-4	4.104E-2
27.852	4.554E-4	4.116E-2
27.860	2.626E-4	4.126E-2
27.869	3.572E-5	4.133E-2
27.877	-2.264E-4	4.134E-2
27.885	-4.914E-4	4.134E-2
27.894	-7.614E-4	4.121E-2
27.902	-9.783E-4	4.109E-2
27.911	-1.072E-3	4.095E-2
27.919	-1.090E-3	4.076E-2
27.927	-1.034E-3	4.064E-2
27.936	-8.872E-4	4.051E-2
27.944	-6.558E-4	4.044E-2
27.952	-3.969E-4	4.043E-2
27.961	-1.165E-4	4.045E-2
27.969	1.158E-4	4.056E-2
27.978	3.120E-4	4.069E-2
27.986	4.232E-4	4.088E-2
27.994	4.736E-4	4.105E-2
28.003	4.234E-4	4.122E-2
28.011	2.873E-4	4.133E-2
28.019	1.017E-4	4.140E-2
28.028	-1.320E-4	4.140E-2
28.036	-3.925E-4	4.138E-2
28.045	-6.191E-4	4.124E-2
28.053	-8.020E-4	4.112E-2
28.061	-9.453E-4	4.092E-2
28.070	-1.012E-3	4.072E-2
28.078	-1.018E-3	4.052E-2
28.086	-8.808E-4	4.038E-2
28.095	-6.943E-4	4.027E-2
28.103	-4.552E-4	4.024E-2
28.112	-2.130E-4	4.026E-2
28.120	2.917E-5	4.038E-2
28.128	2.432E-4	4.057E-2
28.137	3.599E-4	4.077E-2
28.145	4.336E-4	4.102E-2
28.153	3.953E-4	4.125E-2
28.162	2.885E-4	4.143E-2
28.170	1.500E-4	4.152E-2
28.179	-5.390E-5	4.158E-2
28.187	-3.033E-4	4.157E-2
28.195	-5.317E-4	4.139E-2
28.204	-6.845E-4	4.120E-2
28.212	-8.065E-4	4.096E-2
28.220	-8.707E-4	4.070E-2
28.229	-8.671E-4	4.047E-2
28.237	-8.000E-4	4.028E-2
28.246	-6.801E-4	4.017E-2
28.254	-5.058E-4	4.015E-2
28.262	-3.343E-4	4.020E-2
28.271	-1.424E-4	4.030E-2
28.279	3.653E-5	4.046E-2
28.287	1.647E-4	4.069E-2
28.296	2.458E-4	4.094E-2
28.304	2.647E-4	4.116E-2
28.313	2.588E-4	4.137E-2
28.321	1.624E-4	4.151E-2
28.329	1.329E-5	4.158E-2
28.338	-1.492E-4	4.154E-2
28.346	-3.184E-4	4.140E-2
28.354	-4.734E-4	4.118E-2
28.363	-6.236E-4	4.093E-2
28.371	-7.065E-4	4.066E-2
28.380	-7.699E-4	4.043E-2
28.388	-7.773E-4	4.020E-2
28.396	-7.010E-4	4.006E-2
28.405	-6.045E-4	3.999E-2
28.413	-4.561E-4	4.003E-2
28.421	-3.071E-4	4.017E-2
28.430	-1.496E-4	4.039E-2
28.438	-4.122E-5	4.064E-2
28.447	5.825E-5	4.092E-2
28.455	8.479E-5	4.118E-2
28.463	1.108E-4	4.139E-2
28.472	7.688E-5	4.155E-2
28.480	1.765E-6	4.160E-2
28.488	-1.021E-4	4.157E-2
28.497	-2.289E-4	4.143E-2
28.505	-3.405E-4	4.119E-2
28.514	-4.559E-4	4.093E-2
28.522	-5.399E-4	4.065E-2
28.530	-6.247E-4	4.039E-2
28.539	-6.446E-4	4.018E-2
28.547	-6.231E-4	4.000E-2
28.556	-5.579E-4	3.995E-2
28.564	-4.733E-4	3.997E-2
28.572	-3.891E-4	4.013E-2
28.581	-2.848E-4	4.037E-2
28.589	-1.725E-4	4.064E-2
28.597	-8.439E-5	4.092E-2
28.606	-4.729E-5	4.119E-2
28.614	-3.685E-5	4.142E-2
28.623	1.841E-5	4.158E-2
28.631	1.036E-5	4.163E-2
28.639	-3.409E-5	4.161E-2
28.648	-1.239E-4	4.149E-2
28.656	-2.172E-4	4.130E-2
28.664	-3.083E-4	4.105E-2
28.673	-4.096E-4	4.075E-2
28.681	-4.886E-4	4.045E-2
28.690	-5.749E-4	4.021E-2
28.698	-6.028E-4	4.002E-2
28.706	-6.028E-4	3.996E-2
28.715	-5.970E-4	3.996E-2
28.723	-5.527E-4	4.013E-2
28.731	-4.581E-4	4.035E-2
28.740	-3.484E-4	4.064E-2
28.748	-2.729E-4	4.091E-2
28.757	-1.679E-4	4.119E-2
28.765	-1.137E-4	4.142E-2
28.773	-5.013E-5	4.159E-2
28.782	-3.305E-5	4.165E-2
28.790	-5.774E-5	4.162E-2
28.798	-1.002E-4	4.152E-2
28.807	-1.517E-4	4.132E-2
28.815	-1.636E-4	4.108E-2
28.824	-2.880E-4	4.078E-2
28.832	-3.954E-4	4.051E-2
28.840	-4.773E-4	4.025E-2
28.849	-5.985E-4	4.006E-2
28.857	-6.292E-4	3.996E-2
28.865	-6.200E-4	3.996E-2
28.874	-6.230E-4	4.012E-2
28.882	-6.047E-4	4.032E-2
28.891	-5.664E-4	4.062E-2
28.899	-4.609E-4	4.090E-2
28.907	-3.441E-4	4.117E-2
28.916	-2.237E-4	4.140E-2
28.924	-1.134E-4	4.158E-2
28.932	-2.007E-5	4.164E-2
28.941	3.264E-5	4.162E-2
28.949	7.942E-5	4.153E-2
28.958	7.226E-5	4.135E-2
28.966	5.968E-5	4.110E-2
28.974	-6.452E-5	4.083E-2
28.983	-1.654E-4	4.056E-2
28.991	-3.016E-4	4.035E-2
28.999	-4.246E-4	4.019E-2
29.008	-5.472E-4	4.010E-2
29.016	-6.381E-4	4.013E-2
29.025	-6.490E-4	4.023E-2
29.033	-6.779E-4	4.043E-2
29.041	-6.345E-4	4.066E-2
29.050	-5.525E-4	4.092E-2
29.058	-4.486E-4	4.117E-2
29.066	-2.844E-4	4.139E-2
29.075	-1.657E-4	4.157E-2
29.083	-2.096E-5	4.165E-2
29.092	7.693E-5	4.163E-2
29.100	1.647E-4	4.154E-2
29.108	1.712E-4	4.137E-2
29.117	1.451E-4	4.114E-2
29.125	1.079E-4	4.089E-2
29.133	-6.209E-5	4.064E-2
29.142	-1.799E-4	4.041E-2
29.150	-3.530E-4	4.023E-2
29.159	-5.321E-4	4.016E-2
29.167	-6.615E-4	4.017E-2
29.175	-7.781E-4	4.023E-2
29.184	-8.063E-4	4.041E-2
29.192	-8.308E-4	4.064E-2
29.201	-7.956E-4	4.087E-2
29.209	-6.688E-4	4.111E-2
29.217	-5.232E-4	4.134E-2
29.226	-3.536E-4	4.150E-2
29.234	-1.472E-4	4.160E-2
29.242	2.814E-5	4.161E-2
29.251	1.515E-4	4.155E-2
29.259	2.546E-4	4.138E-2
29.268	2.914E-4	4.118E-2
29.276	2.687E-4	4.093E-2
29.284	1.359E-4	4.069E-2
29.293	-3.589E-5	4.048E-2
29.301	-2.201E-4	4.033E-2
29.309	-4.077E-4	4.026E-2
29.318	-5.986E-4	4.023E-2
29.326	-7.632E-4	4.027E-2
29.335	-8.654E-4	4.041E-2
29.343	-8.974E-4	4.061E-2
29.351	-8.489E-4	4.083E-2
29.360	-7.315E-4	4.104E-2
29.368	-6.014E-4	4.123E-2
29.376	-4.013E-4	4.135E-2
29.385	-1.654E-4	4.143E-2
29.393	4.770E-5	4.141E-2
29.402	2.499E-4	4.136E-2
29.410	3.864E-4	4.124E-2
29.418	4.268E-4	4.112E-2
29.427	3.784E-4	4.092E-2
29.435	2.773E-4	4.071E-2
29.443	1.122E-4	4.053E-2
29.452	-1.020E-4	4.040E-2
29.460	-3.468E-4	4.035E-2
29.469	-5.854E-4	4.034E-2
29.477	-7.923E-4	4.041E-2
29.485	-9.380E-4	4.050E-2
29.494	-1.015E-3	4.064E-2
29.502	-1.035E-3	4.082E-2
29.510	-9.519E-4	4.097E-2
29.519	-8.132E-4	4.111E-2
29.527	-5.949E-4	4.122E-2
29.536	-3.597E-4	4.128E-2
29.544	-1.175E-4	4.133E-2
29.552	1.122E-4	4.131E-2
29.561	3.067E-4	4.122E-2
29.569	3.727E-4	4.109E-2
29.577	3.687E-4	4.093E-2
29.586	3.059E-4	4.078E-2
29.594	1.237E-4	4.067E-2
29.603	-1.119E-4	4.058E-2
29.611	-3.628E-4	4.052E-2
29.619	-6.034E-4	4.048E-2
29.628	-8.348E-4	4.048E-2
29.636	-1.029E-3	4.054E-2
29.644	-1.086E-3	4.068E-2
29.653	-1.092E-3	4.079E-2
29.661	-1.047E-3	4.092E-2
29.670	-8.701E-4	4.102E-2
29.678	-6.493E-4	4.114E-2
29.686	-3.745E-4	4.117E-2
29.695	-1.136E-4	4.116E-2
29.703	1.235E-4	4.115E-2
29.711	3.397E-4	4.111E-2
29.720	4.825E-4	4.102E-2
29.728	5.413E-4	4.094E-2
29.737	4.881E-4	4.086E-2
29.745	3.181E-4	4.075E-2
29.753	9.022E-5	4.067E-2
29.762	-1.738E-4	4.064E-2
29.770	-4.401E-4	4.064E-2
29.778	-6.810E-4	4.065E-2
29.787	-8.825E-4	4.068E-2
29.795	-9.867E-4	4.069E-2
29.804	-1.028E-3	4.079E-2
29.812	-1.016E-3	4.089E-2
29.820	-8.988E-4	4.093E-2
29.829	-6.639E-4	4.096E-2
29.837	-3.993E-4	4.097E-2
29.845	-1.152E-4	4.095E-2
29.854	1.645E-4	4.094E-2
29.862	3.711E-4	4.092E-2
29.871	5.269E-4	4.090E-2
29.879	5.818E-4	4.087E-2
29.887	5.446E-4	4.084E-2
29.896	4.097E-4	4.084E-2
29.904	1.630E-4	4.080E-2
29.913	-1.054E-4	4.078E-2
29.921	-3.947E-4	4.079E-2
29.929	-6.619E-4	4.082E-2
29.938	-8.819E-4	4.085E-2
29.946	-1.024E-3	4.086E-2
29.954	-1.077E-3	4.088E-2
29.963	-1.074E-3	4.090E-2
29.971	-9.678E-4	4.091E-2
29.980	-8.041E-4	4.091E-2
29.988	-5.416E-4	4.091E-2
29.996	-2.578E-4	4.091E-2
30.005	2.592E-5	4.091E-2
30.013	2.839E-4	4.091E-2
30.021	4.823E-4	4.092E-2
30.030	5.795E-4	4.091E-2
30.038	5.645E-4	4.091E-2
30.047	4.360E-4	4.091E-2
30.055	2.252E-4	4.091E-2
30.063	-7.655E-5	4.091E-2
30.072	-3.629E-4	4.091E-2
30.080	-6.236E-4	4.090E-2
30.088	-8.507E-4	4.089E-2
30.097	-1.039E-3	4.088E-2
30.105	-1.109E-3	4.087E-2
30.114	-1.097E-3	4.080E-2
30.122	-1.017E-3	4.075E-2
30.130	-8.382E-4	4.072E-2
30.139	-6.055E-4	4.068E-2
30.147	-3.305E-4	4.068E-2
30.155	-7.034E-5	4.067E-2
30.164	1.636E-4	4.071E-2
30.172	3.514E-4	4.076E-2
30.181	4.950E-4	4.082E-2
30.189	5.224E-4	4.089E-2
30.197	4.170E-4	4.093E-2
30.206	2.531E-4	4.093E-2
30.214	2.800E-5	4.100E-2
30.222	-2.252E-4	4.099E-2
30.231	-4.862E-4	4.096E-2
30.239	-7.577E-4	4.090E-2
30.248	-9.606E-4	4.085E-2
30.256	-1.065E-3	4.079E-2
30.264	-1.066E-3	4.070E-2
30.273	-1.033E-3	4.063E-2
30.281	-8.758E-4	4.058E-2
30.289	-6.524E-4	4.053E-2
30.298	-3.886E-4	4.050E-2
30.306	-1.160E-4	4.048E-2
30.315	1.194E-4	4.055E-2
30.323	3.229E-4	4.066E-2
30.331	4.463E-4	4.078E-2
30.340	4.855E-4	4.090E-2
30.348	4.152E-4	4.101E-2
30.356	2.809E-4	4.114E-2
30.365	7.991E-5	4.116E-2
30.373	-1.510E-4	4.118E-2
30.382	-4.169E-4	4.115E-2
30.390	-6.395E-4	4.110E-2
30.398	-8.217E-4	4.096E-2
30.407	-9.473E-4	4.086E-2
30.415	-9.889E-4	4.070E-2
30.423	-1.014E-3	4.060E-2
30.432	-8.752E-4	4.048E-2
30.440	-6.782E-4	4.041E-2
30.449	-4.390E-4	4.040E-2
30.457	-1.865E-4	4.041E-2
30.465	5.221E-5	4.048E-2
30.474	2.630E-4	4.062E-2
30.482	4.133E-4	4.076E-2
30.490	4.630E-4	4.090E-2
30.499	3.856E-4	4.107E-2
30.507	2.874E-4	4.118E-2
30.516	1.114E-4	4.127E-2
30.524	-9.290E-5	4.133E-2
30.532	-3.397E-4	4.132E-2
30.541	-5.706E-4	4.124E-2
30.549	-7.733E-4	4.113E-2
30.557	-8.820E-4	
