#multi:
	mass A	mass B	
t	x	x	
0.000	-4.352E-3	2.806E-2
0.008	-4.351E-3	2.807E-2
0.017	-4.352E-3	2.807E-2
0.025	-4.352E-3	2.807E-2
0.034	-4.351E-3	2.807E-2
0.042	-4.351E-3	2.807E-2
0.050	-4.351E-3	2.807E-2
0.059	-4.350E-3	2.807E-2
0.067	-4.351E-3	2.807E-2
0.075	-4.351E-3	2.807E-2
0.084	-4.350E-3	2.807E-2
0.092	-4.344E-3	2.806E-2
0.101	-4.328E-3	2.806E-2
0.109	-4.291E-3	2.806E-2
0.117	-4.200E-3	2.807E-2
0.126	-4.072E-3	2.807E-2
0.134	-3.927E-3	2.807E-2
0.142	-3.771E-3	2.809E-2
0.151	-3.518E-3	2.809E-2
0.159	-3.178E-3	2.814E-2
0.168	-2.573E-3	2.821E-2
0.176	-1.662E-3	2.828E-2
0.184	-4.924E-4	2.840E-2
0.193	7.753E-4	2.854E-2
0.201	1.818E-3	2.877E-2
0.209	2.621E-3	2.910E-2
0.218	3.057E-3	2.952E-2
0.226	3.020E-3	2.992E-2
0.235	2.605E-3	3.031E-2
0.243	1.885E-3	3.057E-2
0.251	8.593E-4	3.063E-2
0.260	-1.271E-4	3.053E-2
0.268	-1.128E-3	3.019E-2
0.276	-1.952E-3	2.962E-2
0.285	-2.418E-3	2.892E-2
0.293	-2.598E-3	2.815E-2
0.302	-2.428E-3	2.738E-2
0.310	-1.967E-3	2.677E-2
0.318	-1.366E-3	2.642E-2
0.327	-6.085E-4	2.643E-2
0.335	1.603E-4	2.684E-2
0.343	7.401E-4	2.760E-2
0.352	1.187E-3	2.860E-2
0.360	1.421E-3	2.966E-2
0.369	1.410E-3	3.066E-2
0.377	1.342E-3	3.147E-2
0.385	1.083E-3	3.197E-2
0.394	7.589E-4	3.206E-2
0.402	4.359E-4	3.178E-2
0.410	7.925E-5	3.114E-2
0.419	-2.211E-4	3.016E-2
0.427	-4.428E-4	2.901E-2
0.436	-6.644E-4	2.783E-2
0.444	-7.784E-4	2.676E-2
0.452	-8.710E-4	2.599E-2
0.461	-1.049E-3	2.571E-2
0.469	-1.100E-3	2.591E-2
0.477	-1.154E-3	2.660E-2
0.486	-1.150E-3	2.757E-2
0.494	-1.007E-3	2.872E-2
0.503	-7.391E-4	2.983E-2
0.511	-3.717E-4	3.080E-2
0.519	1.330E-4	3.148E-2
0.528	6.615E-4	3.188E-2
0.536	1.175E-3	3.190E-2
0.544	1.620E-3	3.154E-2
0.553	1.863E-3	3.087E-2
0.561	1.896E-3	2.996E-2
0.570	1.721E-3	2.899E-2
0.578	1.244E-3	2.808E-2
0.586	5.512E-4	2.736E-2
0.595	-3.187E-4	2.694E-2
0.603	-1.258E-3	2.683E-2
0.611	-1.984E-3	2.704E-2
0.620	-2.562E-3	2.749E-2
0.628	-2.814E-3	2.808E-2
0.637	-2.678E-3	2.869E-2
0.645	-2.253E-3	2.926E-2
0.653	-1.430E-3	2.970E-2
0.662	-3.720E-4	3.002E-2
0.670	6.831E-4	3.020E-2
0.678	1.758E-3	3.018E-2
0.687	2.590E-3	3.009E-2
0.695	3.026E-3	2.991E-2
0.704	3.106E-3	2.968E-2
0.712	2.773E-3	2.948E-2
0.720	1.971E-3	2.929E-2
0.729	9.870E-4	2.913E-2
0.737	-2.364E-4	2.901E-2
0.746	-1.409E-3	2.882E-2
0.754	-2.322E-3	2.864E-2
0.762	-2.955E-3	2.846E-2
0.771	-3.169E-3	2.825E-2
0.779	-2.958E-3	2.805E-2
0.787	-2.409E-3	2.786E-2
0.796	-1.524E-3	2.777E-2
0.804	-4.215E-4	2.780E-2
0.813	6.503E-4	2.805E-2
0.821	1.650E-3	2.842E-2
0.829	2.308E-3	2.897E-2
0.838	2.624E-3	2.959E-2
0.846	2.588E-3	3.024E-2
0.854	2.175E-3	3.077E-2
0.863	1.484E-3	3.109E-2
0.871	7.085E-4	3.120E-2
0.880	-1.636E-4	3.105E-2
0.888	-9.399E-4	3.059E-2
0.896	-1.540E-3	2.990E-2
0.905	-1.953E-3	2.903E-2
0.913	-2.038E-3	2.808E-2
0.921	-1.940E-3	2.720E-2
0.930	-1.612E-3	2.650E-2
0.938	-1.128E-3	2.613E-2
0.947	-6.305E-4	2.624E-2
0.955	-1.416E-4	2.674E-2
0.963	2.696E-4	2.760E-2
0.972	5.523E-4	2.869E-2
0.980	7.237E-4	2.982E-2
0.988	8.525E-4	3.085E-2
0.997	8.763E-4	3.164E-2
1.005	8.896E-4	3.207E-2
1.014	8.291E-4	3.211E-2
1.022	7.032E-4	3.181E-2
1.030	6.099E-4	3.109E-2
1.039	4.591E-4	3.013E-2
1.047	2.448E-4	2.897E-2
1.055	1.642E-5	2.782E-2
1.064	-2.985E-4	2.686E-2
1.072	-6.325E-4	2.620E-2
1.081	-9.662E-4	2.599E-2
1.089	-1.312E-3	2.626E-2
1.097	-1.559E-3	2.689E-2
1.106	-1.598E-3	2.780E-2
1.114	-1.585E-3	2.882E-2
1.122	-1.214E-3	2.976E-2
1.131	-6.873E-4	3.057E-2
1.139	-6.160E-5	3.110E-2
1.148	6.794E-4	3.135E-2
1.156	1.397E-3	3.133E-2
1.164	1.969E-3	3.096E-2
1.173	2.350E-3	3.041E-2
1.181	2.359E-3	2.969E-2
1.189	2.108E-3	2.893E-2
1.198	1.558E-3	2.827E-2
1.206	7.118E-4	2.776E-2
1.215	-3.164E-4	2.746E-2
1.223	-1.285E-3	2.740E-2
1.231	-2.197E-3	2.749E-2
1.240	-2.771E-3	2.779E-2
1.248	-2.997E-3	2.815E-2
1.256	-2.867E-3	2.851E-2
1.265	-2.327E-3	2.885E-2
1.273	-1.452E-3	2.914E-2
1.282	-3.507E-4	2.934E-2
1.290	7.958E-4	2.949E-2
1.298	1.800E-3	2.953E-2
1.307	2.610E-3	2.954E-2
1.315	3.047E-3	2.958E-2
1.323	3.021E-3	2.965E-2
1.332	2.591E-3	2.971E-2
1.340	1.793E-3	2.972E-2
1.349	7.692E-4	2.971E-2
1.357	-3.500E-4	2.957E-2
1.365	-1.443E-3	2.938E-2
1.374	-2.290E-3	2.904E-2
1.382	-2.761E-3	2.861E-2
1.391	-2.923E-3	2.816E-2
1.399	-2.730E-3	2.770E-2
1.407	-2.145E-3	2.735E-2
1.416	-1.336E-3	2.716E-2
1.424	-3.920E-4	2.716E-2
1.432	5.669E-4	2.748E-2
1.441	1.326E-3	2.801E-2
1.449	1.913E-3	2.873E-2
1.458	2.136E-3	2.955E-2
1.466	2.077E-3	3.037E-2
1.474	1.765E-3	3.099E-2
1.483	1.283E-3	3.144E-2
1.491	6.782E-4	3.151E-2
1.499	6.507E-5	3.130E-2
1.508	-5.346E-4	3.078E-2
1.516	-9.686E-4	2.996E-2
1.525	-1.233E-3	2.898E-2
1.533	-1.347E-3	2.791E-2
1.541	-1.350E-3	2.695E-2
1.550	-1.152E-3	2.625E-2
1.558	-9.300E-4	2.595E-2
1.566	-6.638E-4	2.611E-2
1.575	-4.051E-4	2.671E-2
1.583	-1.973E-4	2.762E-2
1.592	2.204E-5	2.873E-2
1.600	2.139E-4	2.986E-2
1.608	4.190E-4	3.083E-2
1.617	6.465E-4	3.153E-2
1.625	8.421E-4	3.194E-2
1.633	9.980E-4	3.195E-2
1.642	1.123E-3	3.157E-2
1.650	1.132E-3	3.088E-2
1.659	1.132E-3	2.989E-2
1.667	9.113E-4	2.882E-2
1.675	5.682E-4	2.779E-2
1.684	8.431E-5	2.694E-2
1.692	-4.866E-4	2.643E-2
1.700	-1.055E-3	2.630E-2
1.709	-1.575E-3	2.656E-2
1.717	-1.961E-3	2.715E-2
1.726	-2.117E-3	2.791E-2
1.734	-1.987E-3	2.876E-2
1.742	-1.613E-3	2.955E-2
1.751	-9.769E-4	3.017E-2
1.759	-1.596E-4	3.061E-2
1.767	6.942E-4	3.079E-2
1.776	1.558E-3	3.076E-2
1.784	2.234E-3	3.050E-2
1.793	2.631E-3	3.009E-2
1.801	2.630E-3	2.956E-2
1.809	2.298E-3	2.907E-2
1.818	1.641E-3	2.859E-2
1.826	6.834E-4	2.826E-2
1.834	-3.920E-4	2.806E-2
1.843	-1.471E-3	2.799E-2
1.851	-2.308E-3	2.801E-2
1.860	-2.892E-3	2.811E-2
1.868	-3.103E-3	2.823E-2
1.876	-2.921E-3	2.836E-2
1.885	-2.346E-3	2.849E-2
1.893	-1.412E-3	2.859E-2
1.901	-3.141E-4	2.873E-2
1.910	8.235E-4	2.886E-2
1.918	1.849E-3	2.902E-2
1.927	2.537E-3	2.925E-2
1.935	2.890E-3	2.952E-2
1.943	2.913E-3	2.980E-2
1.952	2.451E-3	3.009E-2
1.960	1.701E-3	3.026E-2
1.968	7.406E-4	3.029E-2
1.977	-2.757E-4	3.018E-2
1.985	-1.210E-3	2.985E-2
1.994	-1.922E-3	2.938E-2
2.002	-2.323E-3	2.879E-2
2.010	-2.412E-3	2.812E-2
2.019	-2.247E-3	2.752E-2
2.027	-1.779E-3	2.706E-2
2.035	-1.084E-3	2.681E-2
2.044	-3.084E-4	2.691E-2
2.052	4.473E-4	2.729E-2
2.061	1.074E-3	2.800E-2
2.069	1.485E-3	2.888E-2
2.077	1.639E-3	2.983E-2
2.086	1.627E-3	3.074E-2
2.094	1.409E-3	3.143E-2
2.103	1.081E-3	3.180E-2
2.111	6.987E-4	3.181E-2
2.119	2.792E-4	3.154E-2
2.128	-9.160E-5	3.090E-2
2.136	-4.066E-4	2.998E-2
2.144	-6.511E-4	2.892E-2
2.153	-7.710E-4	2.784E-2
2.161	-7.934E-4	2.692E-2
2.170	-7.841E-4	2.624E-2
2.178	-7.735E-4	2.602E-2
2.186	-7.564E-4	2.625E-2
2.195	-7.421E-4	2.690E-2
2.203	-6.421E-4	2.785E-2
2.211	-4.869E-4	2.890E-2
2.220	-2.437E-4	2.996E-2
2.228	3.986E-5	3.084E-2
2.237	4.276E-4	3.148E-2
2.245	8.344E-4	3.177E-2
2.253	1.224E-3	3.175E-2
2.262	1.507E-3	3.131E-2
2.270	1.699E-3	3.064E-2
2.278	1.671E-3	2.974E-2
2.287	1.421E-3	2.878E-2
2.295	9.805E-4	2.789E-2
2.304	3.392E-4	2.722E-2
2.312	-4.098E-4	2.681E-2
2.320	-1.163E-3	2.682E-2
2.329	-1.824E-3	2.704E-2
2.337	-2.273E-3	2.755E-2
2.345	-2.448E-3	2.817E-2
2.354	-2.316E-3	2.880E-2
2.362	-1.826E-3	2.939E-2
2.371	-1.084E-3	2.988E-2
2.379	-1.774E-4	3.018E-2
2.387	7.948E-4	3.032E-2
2.396	1.679E-3	3.033E-2
2.404	2.403E-3	3.013E-2
2.412	2.775E-3	2.988E-2
2.421	2.769E-3	2.959E-2
2.429	2.361E-3	2.930E-2
2.438	1.637E-3	2.904E-2
2.446	6.226E-4	2.884E-2
2.454	-4.672E-4	2.869E-2
2.463	-1.524E-3	2.858E-2
2.471	-2.373E-3	2.846E-2
2.479	-2.848E-3	2.835E-2
2.488	-2.981E-3	2.825E-2
2.496	-2.735E-3	2.813E-2
2.505	-2.126E-3	2.806E-2
2.513	-1.234E-3	2.806E-2
2.521	-1.695E-4	2.807E-2
2.530	8.735E-4	2.832E-2
2.538	1.752E-3	2.863E-2
2.546	2.371E-3	2.903E-2
2.555	2.636E-3	2.953E-2
2.563	2.564E-3	2.999E-2
2.572	2.114E-3	3.039E-2
2.580	1.433E-3	3.066E-2
2.588	6.190E-4	3.065E-2
2.597	-2.230E-4	3.048E-2
2.605	-9.907E-4	3.011E-2
2.613	-1.575E-3	2.947E-2
2.622	-1.903E-3	2.873E-2
2.630	-1.927E-3	2.793E-2
2.639	-1.764E-3	2.717E-2
2.647	-1.404E-3	2.664E-2
2.655	-8.923E-4	2.639E-2
2.664	-3.185E-4	2.652E-2
2.672	2.380E-4	2.701E-2
2.680	6.528E-4	2.779E-2
2.689	9.654E-4	2.878E-2
2.697	1.126E-3	2.980E-2
2.706	1.135E-3	3.071E-2
2.714	1.136E-3	3.145E-2
2.722	9.775E-4	3.180E-2
2.731	7.915E-4	3.178E-2
2.739	5.908E-4	3.144E-2
2.747	4.098E-4	3.079E-2
2.756	2.293E-4	2.986E-2
2.764	1.759E-5	2.879E-2
2.773	-1.947E-4	2.771E-2
2.781	-4.145E-4	2.681E-2
2.789	-6.527E-4	2.627E-2
2.798	-9.000E-4	2.610E-2
2.806	-1.114E-3	2.639E-2
2.815	-1.240E-3	2.707E-2
2.823	-1.212E-3	2.797E-2
2.831	-1.087E-3	2.898E-2
2.840	-7.993E-4	2.990E-2
2.848	-3.481E-4	3.066E-2
2.856	1.937E-4	3.120E-2
2.865	7.945E-4	3.141E-2
2.873	1.338E-3	3.135E-2
2.882	1.800E-3	3.098E-2
2.890	2.049E-3	3.040E-2
2.898	2.054E-3	2.963E-2
2.907	1.798E-3	2.889E-2
2.915	1.238E-3	2.821E-2
2.923	4.724E-4	2.766E-2
2.932	-4.300E-4	2.739E-2
2.940	-1.315E-3	2.738E-2
2.949	-2.045E-3	2.752E-2
2.957	-2.517E-3	2.788E-2
2.965	-2.682E-3	2.829E-2
2.974	-2.502E-3	2.874E-2
2.982	-1.962E-3	2.911E-2
2.990	-1.162E-3	2.945E-2
2.999	-1.685E-4	2.967E-2
3.007	8.574E-4	2.975E-2
3.016	1.820E-3	2.973E-2
3.024	2.515E-3	2.972E-2
3.032	2.872E-3	2.966E-2
3.041	2.892E-3	2.965E-2
3.049	2.435E-3	2.959E-2
3.057	1.659E-3	2.955E-2
3.066	6.533E-4	2.942E-2
3.074	-4.057E-4	2.929E-2
3.083	-1.415E-3	2.906E-2
3.091	-2.174E-3	2.881E-2
3.099	-2.594E-3	2.849E-2
3.108	-2.651E-3	2.817E-2
3.116	-2.442E-3	2.785E-2
3.124	-1.873E-3	2.761E-2
3.133	-1.050E-3	2.750E-2
3.141	-1.120E-4	2.760E-2
3.150	8.255E-4	2.786E-2
3.158	1.583E-3	2.833E-2
3.166	2.087E-3	2.893E-2
3.175	2.283E-3	2.962E-2
3.183	2.175E-3	3.031E-2
3.191	1.784E-3	3.081E-2
3.200	1.232E-3	3.110E-2
3.208	5.652E-4	3.109E-2
3.217	-1.246E-4	3.087E-2
3.225	-7.172E-4	3.036E-2
3.233	-1.154E-3	2.963E-2
3.242	-1.419E-3	2.875E-2
3.250	-1.429E-3	2.784E-2
3.258	-1.376E-3	2.702E-2
3.267	-1.126E-3	2.643E-2
3.275	-8.188E-4	2.622E-2
3.284	-4.863E-4	2.642E-2
3.292	-1.708E-4	2.700E-2
3.300	1.005E-4	2.789E-2
3.309	3.028E-4	2.888E-2
3.317	4.601E-4	2.993E-2
3.325	6.072E-4	3.081E-2
3.334	7.150E-4	3.146E-2
3.342	7.822E-4	3.176E-2
3.351	7.777E-4	3.175E-2
3.359	7.760E-4	3.131E-2
3.367	7.604E-4	3.061E-2
3.376	6.541E-4	2.970E-2
3.384	4.568E-4	2.868E-2
3.392	1.900E-4	2.767E-2
3.401	-1.928E-4	2.690E-2
3.409	-6.398E-4	2.644E-2
3.418	-1.073E-3	2.639E-2
3.426	-1.472E-3	2.671E-2
3.434	-1.707E-3	2.733E-2
3.443	-1.691E-3	2.813E-2
3.451	-1.585E-3	2.895E-2
3.459	-1.203E-3	2.974E-2
3.468	-6.515E-4	3.035E-2
3.476	5.841E-5	3.076E-2
3.485	7.875E-4	3.089E-2
3.493	1.511E-3	3.080E-2
3.501	2.053E-3	3.047E-2
3.510	2.358E-3	3.003E-2
3.518	2.336E-3	2.947E-2
3.527	1.989E-3	2.890E-2
3.535	1.329E-3	2.844E-2
3.543	4.792E-4	2.809E-2
3.552	-5.080E-4	2.789E-2
3.560	-1.431E-3	2.787E-2
3.568	-2.173E-3	2.790E-2
3.577	-2.624E-3	2.806E-2
3.585	-2.722E-3	2.828E-2
3.594	-2.502E-3	2.849E-2
3.602	-1.904E-3	2.871E-2
3.610	-1.020E-3	2.888E-2
3.619	1.370E-5	2.902E-2
3.627	1.052E-3	2.916E-2
3.635	1.971E-3	2.927E-2
3.644	2.573E-3	2.941E-2
3.652	2.844E-3	2.958E-2
3.661	2.721E-3	2.975E-2
3.669	2.264E-3	2.988E-2
3.677	1.523E-3	2.995E-2
3.686	6.106E-4	2.994E-2
3.694	-3.700E-4	2.976E-2
3.702	-1.284E-3	2.947E-2
3.711	-1.977E-3	2.906E-2
3.719	-2.350E-3	2.856E-2
3.728	-2.336E-3	2.805E-2
3.736	-2.110E-3	2.757E-2
3.744	-1.570E-3	2.721E-2
3.753	-8.609E-4	2.705E-2
3.761	-7.095E-5	2.715E-2
3.769	6.859E-4	2.753E-2
3.778	1.281E-3	2.814E-2
3.786	1.674E-3	2.891E-2
3.795	1.825E-3	2.973E-2
3.803	1.779E-3	3.045E-2
3.811	1.499E-3	3.101E-2
3.820	1.113E-3	3.131E-2
3.828	6.509E-4	3.131E-2
3.836	1.954E-4	3.101E-2
3.845	-2.289E-4	3.042E-2
3.853	-5.481E-4	2.959E-2
3.862	-7.352E-4	2.865E-2
3.870	-7.843E-4	2.769E-2
3.878	-7.700E-4	2.685E-2
3.887	-7.477E-4	2.630E-2
3.895	-6.542E-4	2.613E-2
3.903	-5.557E-4	2.643E-2
3.912	-4.007E-4	2.709E-2
3.920	-2.564E-4	2.801E-2
3.929	-8.826E-5	2.904E-2
3.937	1.254E-4	2.999E-2
3.945	3.834E-4	3.077E-2
3.954	6.713E-4	3.132E-2
3.962	9.407E-4	3.154E-2
3.970	1.172E-3	3.145E-2
3.979	1.356E-3	3.106E-2
3.987	1.419E-3	3.037E-2
3.996	1.386E-3	2.951E-2
4.004	1.131E-3	2.858E-2
4.012	7.257E-4	2.770E-2
4.021	1.965E-4	2.705E-2
4.029	-4.135E-4	2.674E-2
4.037	-1.051E-3	2.673E-2
4.046	-1.580E-3	2.701E-2
4.054	-1.934E-3	2.752E-2
4.063	-2.006E-3	2.819E-2
4.071	-1.844E-3	2.890E-2
4.079	-1.409E-3	2.951E-2
4.088	-7.349E-4	2.996E-2
4.096	8.199E-5	3.028E-2
4.104	9.369E-4	3.039E-2
4.113	1.737E-3	3.036E-2
4.121	2.349E-3	3.010E-2
4.130	2.625E-3	2.976E-2
4.138	2.581E-3	2.939E-2
4.146	2.110E-3	2.904E-2
4.155	1.374E-3	2.874E-2
4.163	4.337E-4	2.853E-2
4.172	-5.579E-4	2.840E-2
4.180	-1.471E-3	2.830E-2
4.188	-2.224E-3	2.829E-2
4.197	-2.662E-3	2.825E-2
4.205	-2.779E-3	2.826E-2
4.213	-2.482E-3	2.827E-2
4.222	-1.870E-3	2.828E-2
4.230	-9.916E-4	2.830E-2
4.239	6.216E-7	2.846E-2
4.247	9.700E-4	2.862E-2
4.255	1.785E-3	2.886E-2
4.264	2.354E-3	2.921E-2
4.272	2.549E-3	2.959E-2
4.280	2.399E-3	2.996E-2
4.289	1.924E-3	3.025E-2
4.297	1.204E-3	3.043E-2
4.306	3.788E-4	3.041E-2
4.314	-4.709E-4	3.021E-2
4.322	-1.199E-3	2.983E-2
4.331	-1.714E-3	2.929E-2
4.339	-1.993E-3	2.863E-2
4.347	-2.025E-3	2.794E-2
4.356	-1.826E-3	2.732E-2
4.364	-1.390E-3	2.690E-2
4.373	-8.113E-4	2.673E-2
4.381	-2.026E-4	2.688E-2
4.389	3.516E-4	2.735E-2
4.398	8.187E-4	2.810E-2
4.406	1.126E-3	2.898E-2
4.414	1.245E-3	2.989E-2
4.423	1.210E-3	3.067E-2
4.431	1.065E-3	3.121E-2
4.440	8.651E-4	3.151E-2
4.448	6.368E-4	3.150E-2
4.456	3.753E-4	3.110E-2
4.465	1.424E-4	3.045E-2
4.473	-6.134E-5	2.956E-2
4.481	-2.376E-4	2.859E-2
4.490	-3.973E-4	2.761E-2
4.498	-5.248E-4	2.683E-2
4.507	-6.570E-4	2.636E-2
4.515	-7.762E-4	2.629E-2
4.523	-8.397E-4	2.662E-2
4.532	-8.850E-4	2.730E-2
4.540	-8.914E-4	2.821E-2
4.548	-7.254E-4	2.915E-2
4.557	-4.528E-4	3.006E-2
4.565	-8.194E-5	3.077E-2
4.574	3.795E-4	3.127E-2
4.582	8.603E-4	3.144E-2
4.590	1.303E-3	3.132E-2
4.599	1.627E-3	3.089E-2
4.607	1.803E-3	3.027E-2
4.615	1.794E-3	2.949E-2
4.624	1.478E-3	2.870E-2
4.632	9.457E-4	2.803E-2
4.641	2.713E-4	2.753E-2
4.649	-5.098E-4	2.730E-2
4.657	-1.226E-3	2.732E-2
4.666	-1.835E-3	2.759E-2
4.674	-2.218E-3	2.799E-2
4.682	-2.287E-3	2.849E-2
4.691	-2.102E-3	2.899E-2
4.699	-1.583E-3	2.942E-2
4.708	-8.193E-4	2.973E-2
4.716	6.098E-5	2.993E-2
4.724	9.792E-4	3.000E-2
4.733	1.821E-3	2.996E-2
4.741	2.419E-3	2.984E-2
4.749	2.707E-3	2.970E-2
4.758	2.612E-3	2.953E-2
4.766	2.113E-3	2.939E-2
4.775	1.345E-3	2.927E-2
4.783	3.755E-4	2.913E-2
4.791	-6.039E-4	2.902E-2
4.800	-1.510E-3	2.884E-2
4.808	-2.195E-3	2.866E-2
4.816	-2.575E-3	2.849E-2
4.825	-2.569E-3	2.828E-2
4.833	-2.290E-3	2.808E-2
4.842	-1.675E-3	2.793E-2
4.850	-8.356E-4	2.788E-2
4.858	5.024E-5	2.797E-2
4.867	9.260E-4	2.824E-2
4.875	1.632E-3	2.864E-2
4.884	2.084E-3	2.918E-2
4.892	2.244E-3	2.972E-2
4.900	2.080E-3	3.023E-2
4.909	1.675E-3	3.060E-2
4.917	1.091E-3	3.082E-2
4.925	3.771E-4	3.082E-2
4.934	-2.903E-4	3.056E-2
4.942	-8.835E-4	3.009E-2
4.951	-1.314E-3	2.943E-2
4.959	-1.559E-3	2.867E-2
4.967	-1.573E-3	2.788E-2
4.976	-1.430E-3	2.718E-2
4.984	-1.109E-3	2.671E-2
4.992	-7.113E-4	2.655E-2
5.001	-3.015E-4	2.676E-2
5.009	8.211E-5	2.731E-2
5.018	3.722E-4	2.816E-2
5.026	6.210E-4	2.907E-2
5.034	7.620E-4	2.998E-2
5.043	7.919E-4	3.075E-2
5.051	7.659E-4	3.129E-2
5.059	7.464E-4	3.153E-2
5.068	7.250E-4	3.143E-2
5.076	6.198E-4	3.104E-2
5.085	5.096E-4	3.037E-2
5.093	3.534E-4	2.946E-2
5.101	2.056E-4	2.851E-2
5.110	-1.487E-5	2.760E-2
5.118	-3.013E-4	2.690E-2
5.126	-6.173E-4	2.651E-2
5.135	-9.516E-4	2.649E-2
5.143	-1.203E-3	2.683E-2
5.152	-1.356E-3	2.748E-2
5.160	-1.364E-3	2.827E-2
5.168	-1.196E-3	2.911E-2
5.177	-8.538E-4	2.989E-2
5.185	-3.920E-4	3.049E-2
5.193	2.080E-4	3.086E-2
5.202	8.513E-4	3.096E-2
5.210	1.421E-3	3.084E-2
5.219	1.844E-3	3.048E-2
5.227	2.057E-3	2.997E-2
5.235	2.025E-3	2.935E-2
5.244	1.649E-3	2.877E-2
5.252	1.040E-3	2.826E-2
5.260	2.629E-4	2.789E-2
5.269	-6.030E-4	2.770E-2
5.277	-1.418E-3	2.768E-2
5.286	-2.058E-3	2.783E-2
5.294	-2.451E-3	2.807E-2
5.302	-2.489E-3	2.836E-2
5.311	-2.263E-3	2.864E-2
5.319	-1.668E-3	2.893E-2
5.327	-8.416E-4	2.915E-2
5.336	8.660E-5	2.930E-2
5.344	1.019E-3	2.939E-2
5.353	1.814E-3	2.943E-2
5.361	2.384E-3	2.948E-2
5.369	2.583E-3	2.951E-2
5.378	2.423E-3	2.957E-2
5.386	1.949E-3	2.965E-2
5.394	1.212E-3	2.966E-2
5.403	2.869E-4	2.966E-2
5.411	-6.725E-4	2.947E-2
5.420	-1.468E-3	2.923E-2
5.428	-2.047E-3	2.891E-2
5.436	-2.366E-3	2.853E-2
5.445	-2.340E-3	2.813E-2
5.453	-2.029E-3	2.777E-2
5.461	-1.470E-3	2.753E-2
5.470	-7.218E-4	2.745E-2
5.478	7.498E-5	2.756E-2
5.487	7.910E-4	2.790E-2
5.495	1.367E-3	2.844E-2
5.503	1.747E-3	2.911E-2
5.512	1.860E-3	2.983E-2
5.520	1.736E-3	3.045E-2
5.528	1.416E-3	3.087E-2
5.537	9.378E-4	3.109E-2
5.545	4.171E-4	3.107E-2
5.554	-8.255E-5	3.075E-2
5.562	-5.090E-4	3.019E-2
5.570	-8.484E-4	2.942E-2
5.579	-1.022E-3	2.856E-2
5.587	-9.987E-4	2.768E-2
5.596	-9.762E-4	2.696E-2
5.604	-8.141E-4	2.650E-2
5.612	-6.470E-4	2.640E-2
5.621	-4.410E-4	2.671E-2
5.629	-2.507E-4	2.734E-2
5.637	-4.889E-5	2.822E-2
5.646	1.355E-4	2.917E-2
5.654	3.166E-4	3.010E-2
5.663	4.777E-4	3.082E-2
5.671	6.521E-4	3.129E-2
5.679	8.313E-4	3.147E-2
5.688	9.642E-4	3.133E-2
5.696	1.009E-3	3.089E-2
5.704	9.870E-4	3.021E-2
5.713	9.200E-4	2.934E-2
5.721	6.798E-4	2.848E-2
5.730	3.444E-4	2.765E-2
5.738	-5.700E-5	2.706E-2
5.746	-5.536E-4	2.677E-2
5.755	-1.002E-3	2.679E-2
5.763	-1.408E-3	2.711E-2
5.771	-1.639E-3	2.767E-2
5.780	-1.638E-3	2.836E-2
5.788	-1.451E-3	2.904E-2
5.797	-1.039E-3	2.965E-2
5.805	-4.662E-4	3.013E-2
5.813	2.398E-4	3.041E-2
5.822	1.004E-3	3.045E-2
5.830	1.654E-3	3.033E-2
5.838	2.123E-3	3.007E-2
5.847	2.327E-3	2.968E-2
5.855	2.217E-3	2.925E-2
5.864	1.820E-3	2.884E-2
5.872	1.142E-3	2.849E-2
5.880	2.503E-4	2.827E-2
5.889	-6.578E-4	2.814E-2
5.897	-1.480E-3	2.812E-2
5.905	-2.109E-3	2.812E-2
5.914	-2.475E-3	2.818E-2
5.922	-2.495E-3	2.830E-2
5.931	-2.193E-3	2.840E-2
5.939	-1.594E-3	2.847E-2
5.947	-7.539E-4	2.859E-2
5.956	1.785E-4	2.870E-2
5.964	1.112E-3	2.886E-2
5.972	1.873E-3	2.901E-2
5.981	2.342E-3	2.924E-2
5.989	2.492E-3	2.950E-2
5.998	2.313E-3	2.973E-2
6.006	1.826E-3	2.992E-2
6.014	1.100E-3	3.003E-2
6.023	2.681E-4	3.005E-2
6.031	-5.694E-4	2.984E-2
6.039	-1.246E-3	2.950E-2
6.048	-1.732E-3	2.904E-2
6.056	-2.016E-3	2.850E-2
6.065	-2.028E-3	2.795E-2
6.073	-1.752E-3	2.749E-2
6.081	-1.248E-3	2.718E-2
6.090	-6.155E-4	2.709E-2
6.098	-2.364E-6	2.724E-2
6.106	5.863E-4	2.767E-2
6.115	1.058E-3	2.833E-2
6.123	1.348E-3	2.910E-2
6.132	1.441E-3	2.992E-2
6.140	1.370E-3	3.058E-2
6.148	1.144E-3	3.106E-2
6.157	8.706E-4	3.127E-2
6.165	5.042E-4	3.120E-2
6.173	1.688E-4	3.084E-2
6.182	-1.086E-4	3.022E-2
6.190	-3.176E-4	2.937E-2
6.199	-4.697E-4	2.849E-2
6.207	-5.692E-4	2.761E-2
6.215	-5.780E-4	2.693E-2
6.224	-6.439E-4	2.652E-2
6.232	-6.628E-4	2.650E-2
6.240	-6.729E-4	2.683E-2
6.249	-6.742E-4	2.751E-2
6.257	-5.513E-4	2.837E-2
6.266	-3.629E-4	2.926E-2
6.274	-1.689E-4	3.010E-2
6.282	1.339E-4	3.076E-2
6.291	4.938E-4	3.117E-2
6.299	8.464E-4	3.131E-2
6.308	1.144E-3	3.113E-2
6.316	1.363E-3	3.070E-2
6.324	1.425E-3	3.008E-2
6.333	1.357E-3	2.931E-2
6.341	1.093E-3	2.852E-2
6.349	6.547E-4	2.785E-2
6.358	7.899E-5	2.738E-2
6.366	-5.899E-4	2.717E-2
6.375	-1.208E-3	2.721E-2
6.383	-1.690E-3	2.749E-2
6.391	-1.976E-3	2.792E-2
6.400	-2.005E-3	2.845E-2
6.408	-1.794E-3	2.898E-2
6.416	-1.302E-3	2.945E-2
6.425	-6.262E-4	2.980E-2
6.433	2.108E-4	3.004E-2
6.442	1.050E-3	3.007E-2
6.450	1.775E-3	3.007E-2
6.458	2.274E-3	2.990E-2
6.467	2.481E-3	2.966E-2
6.475	2.324E-3	2.943E-2
6.483	1.854E-3	2.921E-2
6.492	1.121E-3	2.902E-2
6.500	2.276E-4	2.886E-2
6.509	-7.059E-4	2.874E-2
6.517	-1.529E-3	2.862E-2
6.525	-2.134E-3	2.852E-2
6.534	-2.448E-3	2.841E-2
6.542	-2.472E-3	2.833E-2
6.550	-2.101E-3	2.824E-2
6.559	-1.502E-3	2.824E-2
6.567	-6.822E-4	2.825E-2
6.576	2.019E-4	2.835E-2
6.584	1.059E-3	2.855E-2
6.592	1.726E-3	2.885E-2
6.601	2.154E-3	2.923E-2
6.609	2.230E-3	2.967E-2
6.617	2.060E-3	3.007E-2
6.626	1.596E-3	3.037E-2
6.634	9.648E-4	3.053E-2
6.643	2.311E-4	3.053E-2
6.651	-4.632E-4	3.026E-2
6.659	-1.038E-3	2.985E-2
6.668	-1.456E-3	2.924E-2
6.676	-1.635E-3	2.858E-2
6.684	-1.627E-3	2.789E-2
6.693	-1.390E-3	2.732E-2
6.701	-9.924E-4	2.695E-2
6.710	-5.222E-4	2.689E-2
6.718	-4.903E-5	2.712E-2
6.726	3.677E-4	2.765E-2
6.735	7.005E-4	2.841E-2
6.743	9.138E-4	2.928E-2
6.751	1.002E-3	3.010E-2
6.760	9.699E-4	3.079E-2
6.768	9.276E-4	3.125E-2
6.777	7.682E-4	3.142E-2
6.785	6.185E-4	3.131E-2
6.793	4.613E-4	3.087E-2
6.802	2.775E-4	3.021E-2
6.810	1.152E-4	2.934E-2
6.818	-2.409E-5	2.845E-2
6.827	-2.103E-4	2.762E-2
6.835	-4.276E-4	2.698E-2
6.844	-6.486E-4	2.665E-2
6.852	-8.432E-4	2.667E-2
6.860	-1.001E-3	2.707E-2
6.869	-1.011E-3	2.772E-2
6.877	-9.818E-4	2.854E-2
6.885	-8.011E-4	2.936E-2
6.894	-4.701E-4	3.011E-2
6.902	-3.194E-5	3.066E-2
6.911	4.580E-4	3.098E-2
6.919	9.524E-4	3.103E-2
6.927	1.385E-3	3.089E-2
6.936	1.689E-3	3.048E-2
6.944	1.801E-3	2.993E-2
6.953	1.712E-3	2.927E-2
6.961	1.354E-3	2.863E-2
6.969	7.848E-4	2.809E-2
6.978	8.639E-5	2.773E-2
6.986	-6.840E-4	2.761E-2
6.994	-1.388E-3	2.765E-2
7.003	-1.928E-3	2.785E-2
7.011	-2.200E-3	2.815E-2
7.020	-2.237E-3	2.851E-2
7.028	-1.949E-3	2.886E-2
7.036	-1.401E-3	2.915E-2
7.045	-6.402E-4	2.939E-2
7.053	2.420E-4	2.956E-2
7.061	1.109E-3	2.962E-2
7.070	1.836E-3	2.964E-2
7.078	2.294E-3	2.965E-2
7.087	2.457E-3	2.963E-2
7.095	2.277E-3	2.963E-2
7.103	1.773E-3	2.958E-2
7.112	1.042E-3	2.951E-2
7.120	1.679E-4	2.940E-2
7.128	-7.382E-4	2.926E-2
7.137	-1.473E-3	2.905E-2
7.145	-2.016E-3	2.880E-2
7.154	-2.280E-3	2.852E-2
7.162	-2.274E-3	2.824E-2
7.170	-1.886E-3	2.801E-2
7.179	-1.280E-3	2.785E-2
7.187	-5.445E-4	2.784E-2
7.195	2.662E-4	2.794E-2
7.204	9.676E-4	2.825E-2
7.212	1.531E-3	2.872E-2
7.221	1.874E-3	2.926E-2
7.229	1.884E-3	2.982E-2
7.237	1.705E-3	3.035E-2
7.246	1.322E-3	3.070E-2
7.254	8.172E-4	3.089E-2
7.262	2.527E-4	3.081E-2
7.271	-2.803E-4	3.050E-2
7.279	-7.233E-4	2.997E-2
7.288	-1.040E-3	2.928E-2
7.296	-1.218E-3	2.851E-2
7.304	-1.194E-3	2.776E-2
7.313	-1.068E-3	2.715E-2
7.321	-8.566E-4	2.678E-2
7.329	-5.983E-4	2.675E-2
7.338	-3.236E-4	2.703E-2
7.346	-3.562E-5	2.761E-2
7.355	1.894E-4	2.843E-2
7.363	3.778E-4	2.931E-2
7.371	5.197E-4	3.013E-2
7.380	6.307E-4	3.079E-2
7.388	7.045E-4	3.121E-2
7.396	7.305E-4	3.134E-2
7.405	7.269E-4	3.117E-2
7.413	7.200E-4	3.075E-2
7.422	7.107E-4	3.008E-2
7.430	5.485E-4	2.925E-2
7.438	3.287E-4	2.839E-2
7.447	2.388E-5	2.761E-2
7.455	-3.106E-4	2.707E-2
7.463	-6.814E-4	2.683E-2
7.472	-1.023E-3	2.693E-2
7.480	-1.302E-3	2.732E-2
7.489	-1.452E-3	2.790E-2
7.497	-1.426E-3	2.859E-2
7.505	-1.192E-3	2.927E-2
7.514	-7.868E-4	2.989E-2
7.522	-2.469E-4	3.035E-2
7.530	3.954E-4	3.060E-2
7.539	1.027E-3	3.060E-2
7.547	1.541E-3	3.046E-2
7.556	1.930E-3	3.012E-2
7.564	2.058E-3	2.966E-2
7.572	1.904E-3	2.919E-2
7.581	1.483E-3	2.873E-2
7.589	8.179E-4	2.837E-2
7.597	8.810E-5	2.811E-2
7.606	-7.754E-4	2.801E-2
7.614	-1.509E-3	2.802E-2
7.623	-2.076E-3	2.812E-2
7.631	-2.335E-3	2.828E-2
7.639	-2.315E-3	2.847E-2
7.648	-1.941E-3	2.866E-2
7.656	-1.335E-3	2.882E-2
7.665	-5.290E-4	2.897E-2
7.673	3.570E-4	2.906E-2
7.681	1.232E-3	2.917E-2
7.690	1.872E-3	2.929E-2
7.698	2.281E-3	2.941E-2
7.706	2.374E-3	2.954E-2
7.715	2.130E-3	2.966E-2
7.723	1.600E-3	2.977E-2
7.732	8.895E-4	2.975E-2
7.740	7.640E-5	2.973E-2
7.748	-7.399E-4	2.951E-2
7.757	-1.408E-3	2.922E-2
7.765	-1.858E-3	2.883E-2
7.773	-2.046E-3	2.839E-2
7.782	-2.014E-3	2.794E-2
7.790	-1.659E-3	2.757E-2
7.799	-1.133E-3	2.735E-2
7.807	-4.906E-4	2.734E-2
7.815	1.810E-4	2.752E-2
7.824	7.837E-4	2.794E-2
7.832	1.202E-3	2.851E-2
7.840	1.429E-3	2.919E-2
7.849	1.421E-3	2.988E-2
7.857	1.334E-3	3.045E-2
7.866	1.070E-3	3.083E-2
7.874	7.131E-4	3.098E-2
7.882	2.954E-4	3.087E-2
7.891	-9.795E-5	3.049E-2
7.899	-4.134E-4	2.992E-2
7.907	-6.493E-4	2.916E-2
7.916	-7.867E-4	2.834E-2
7.924	-7.671E-4	2.756E-2
7.933	-7.481E-4	2.696E-2
7.941	-7.196E-4	2.664E-2
7.949	-6.062E-4	2.666E-2
7.958	-5.090E-4	2.705E-2
7.966	-3.875E-4	2.771E-2
7.974	-2.674E-4	2.851E-2
7.983	-8.232E-5	2.938E-2
7.991	1.226E-4	3.017E-2
8.000	3.829E-4	3.077E-2
8.008	6.388E-4	3.113E-2
8.016	8.696E-4	3.119E-2
8.025	1.067E-3	3.101E-2
8.033	1.184E-3	3.056E-2
8.041	1.172E-3	2.991E-2
8.050	1.108E-3	2.914E-2
8.058	8.358E-4	2.838E-2
8.067	4.504E-4	2.771E-2
8.075	-4.290E-5	2.725E-2
8.083	-5.727E-4	2.707E-2
8.092	-1.102E-3	2.718E-2
8.100	-1.471E-3	2.753E-2
8.108	-1.653E-3	2.803E-2
8.117	-1.637E-3	2.861E-2
8.125	-1.375E-3	2.916E-2
8.134	-9.027E-4	2.964E-2
8.142	-2.721E-4	3.000E-2
8.150	4.704E-4	3.017E-2
8.159	1.178E-3	3.017E-2
8.167	1.758E-3	3.007E-2
8.175	2.161E-3	2.985E-2
8.184	2.267E-3	2.955E-2
8.192	2.083E-3	2.921E-2
8.201	1.616E-3	2.894E-2
8.209	8.973E-4	2.872E-2
8.217	5.430E-5	2.856E-2
8.226	-7.881E-4	2.847E-2
8.234	-1.508E-3	2.847E-2
8.242	-2.060E-3	2.845E-2
8.251	-2.292E-3	2.846E-2
8.259	-2.243E-3	2.846E-2
8.268	-1.878E-3	2.847E-2
8.276	-1.256E-3	2.849E-2
8.284	-4.393E-4	2.857E-2
8.293	4.241E-4	2.867E-2
8.301	1.222E-3	2.886E-2
8.309	1.807E-3	2.906E-2
8.318	2.157E-3	2.935E-2
8.326	2.137E-3	2.967E-2
8.335	1.908E-3	2.996E-2
8.343	1.396E-3	3.015E-2
8.351	7.472E-4	3.021E-2
8.360	1.074E-5	3.016E-2
8.368	-6.696E-4	2.990E-2
8.377	-1.247E-3	2.949E-2
8.385	-1.600E-3	2.899E-2
8.393	-1.756E-3	2.843E-2
8.402	-1.731E-3	2.788E-2
8.410	-1.427E-3	2.742E-2
8.418	-9.736E-4	2.715E-2
8.427	-4.746E-4	2.714E-2
8.435	4.299E-5	2.737E-2
8.444	4.873E-4	2.787E-2
8.452	8.227E-4	2.855E-2
8.460	1.029E-3	2.930E-2
8.469	1.018E-3	3.003E-2
8.477	9.844E-4	3.064E-2
8.485	8.145E-4	3.102E-2
8.494	6.301E-4	3.114E-2
8.502	4.229E-4	3.097E-2
8.511	1.958E-4	3.056E-2
8.519	-1.392E-5	2.993E-2
8.527	-1.948E-4	2.912E-2
8.536	-3.463E-4	2.830E-2
8.544	-4.787E-4	2.754E-2
8.552	-5.968E-4	2.698E-2
8.561	-6.892E-4	2.671E-2
8.569	-7.522E-4	2.677E-2
8.578	-7.656E-4	2.715E-2
8.586	-7.539E-4	2.781E-2
8.594	-7.189E-4	2.860E-2
8.603	-5.083E-4	2.939E-2
8.611	-2.362E-4	3.011E-2
8.619	1.165E-4	3.063E-2
8.628	5.144E-4	3.090E-2
8.636	8.900E-4	3.089E-2
8.645	1.215E-3	3.070E-2
8.653	1.410E-3	3.030E-2
8.661	1.408E-3	2.971E-2
8.670	1.339E-3	2.904E-2
8.678	9.955E-4	2.839E-2
8.686	5.013E-4	2.784E-2
8.695	-9.692E-5	2.752E-2
8.703	-7.353E-4	2.742E-2
8.712	-1.321E-3	2.752E-2
8.720	-1.774E-3	2.780E-2
8.728	-2.007E-3	2.819E-2
8.737	-2.010E-3	2.863E-2
8.745	-1.665E-3	2.901E-2
8.753	-1.113E-3	2.936E-2
8.762	-4.169E-4	2.962E-2
8.770	3.867E-4	2.976E-2
8.779	1.167E-3	2.975E-2
8.787	1.789E-3	2.972E-2
8.795	2.178E-3	2.961E-2
8.804	2.292E-3	2.949E-2
8.812	2.066E-3	2.934E-2
8.820	1.556E-3	2.925E-2
8.829	8.495E-4	2.912E-2
8.837	4.307E-6	2.903E-2
8.846	-8.380E-4	2.891E-2
8.854	-1.530E-3	2.877E-2
8.862	-2.023E-3	2.860E-2
8.871	-2.239E-3	2.843E-2
8.879	-2.135E-3	2.828E-2
8.887	-1.755E-3	2.813E-2
8.896	-1.148E-3	2.806E-2
8.904	-4.079E-4	2.806E-2
8.913	3.699E-4	2.822E-2
8.921	1.077E-3	2.850E-2
8.929	1.614E-3	2.888E-2
8.938	1.884E-3	2.935E-2
8.946	1.866E-3	2.982E-2
8.954	1.642E-3	3.023E-2
8.963	1.199E-3	3.047E-2
8.971	6.487E-4	3.061E-2
8.980	5.477E-5	3.050E-2
8.988	-5.154E-4	3.021E-2
8.996	-9.401E-4	2.969E-2
9.005	-1.228E-3	2.909E-2
9.013	-1.353E-3	2.839E-2
9.021	-1.354E-3	2.774E-2
9.030	-1.121E-3	2.725E-2
9.038	-8.273E-4	2.695E-2
9.047	-4.719E-4	2.694E-2
9.055	-1.325E-4	2.726E-2
9.063	1.631E-4	2.787E-2
9.072	4.196E-4	2.862E-2
9.080	5.904E-4	2.940E-2
9.089	6.993E-4	3.016E-2
9.097	6.998E-4	3.074E-2
9.105	6.982E-4	3.110E-2
9.114	6.946E-4	3.117E-2
9.122	6.080E-4	3.100E-2
9.130	5.341E-4	3.054E-2
9.139	4.182E-4	2.988E-2
9.147	2.579E-4	2.908E-2
9.156	7.372E-5	2.826E-2
9.164	-1.649E-4	2.756E-2
9.172	-4.270E-4	2.709E-2
9.181	-6.897E-4	2.690E-2
9.189	-9.308E-4	2.701E-2
9.197	-1.117E-3	2.740E-2
9.206	-1.159E-3	2.800E-2
9.214	-1.150E-3	2.873E-2
9.223	-9.172E-4	2.943E-2
9.231	-5.613E-4	3.004E-2
9.239	-6.560E-5	3.049E-2
9.248	4.641E-4	3.073E-2
9.256	9.621E-4	3.076E-2
9.264	1.385E-3	3.057E-2
9.273	1.657E-3	3.018E-2
9.281	1.716E-3	2.967E-2
9.290	1.563E-3	2.915E-2
9.298	1.162E-3	2.867E-2
9.306	5.976E-4	2.830E-2
9.315	-8.987E-5	2.805E-2
9.323	-8.221E-4	2.795E-2
9.331	-1.468E-3	2.799E-2
9.340	-1.902E-3	2.816E-2
9.348	-2.100E-3	2.838E-2
9.357	-2.057E-3	2.862E-2
9.365	-1.666E-3	2.883E-2
9.373	-1.080E-3	2.903E-2
9.382	-3.096E-4	2.920E-2
9.390	5.239E-4	2.930E-2
9.398	1.275E-3	2.932E-2
9.407	1.873E-3	2.940E-2
9.415	2.224E-3	2.946E-2
9.424	2.251E-3	2.947E-2
9.432	2.031E-3	2.951E-2
9.440	1.478E-3	2.950E-2
9.449	7.559E-4	2.949E-2
9.457	-4.336E-5	2.940E-2
9.465	-8.099E-4	2.925E-2
9.474	-1.453E-3	2.901E-2
9.482	-1.855E-3	2.871E-2
9.491	-2.020E-3	2.840E-2
9.499	-1.889E-3	2.806E-2
9.507	-1.523E-3	2.781E-2
9.516	-9.644E-4	2.766E-2
9.524	-3.111E-4	2.765E-2
9.532	3.901E-4	2.785E-2
9.541	9.695E-4	2.822E-2
9.549	1.386E-3	2.873E-2
9.558	1.602E-3	2.931E-2
9.566	1.601E-3	2.986E-2
9.574	1.418E-3	3.034E-2
9.583	1.073E-3	3.064E-2
9.591	6.474E-4	3.075E-2
9.599	2.002E-4	3.060E-2
9.608	-2.135E-4	3.024E-2
9.616	-5.715E-4	2.967E-2
9.625	-7.678E-4	2.898E-2
9.633	-8.771E-4	2.825E-2
9.641	-8.907E-4	2.757E-2
9.650	-8.075E-4	2.708E-2
9.658	-6.688E-4	2.684E-2
9.666	-4.864E-4	2.691E-2
9.675	-2.902E-4	2.730E-2
9.683	-1.081E-4	2.794E-2
9.692	6.861E-5	2.869E-2
9.700	2.135E-4	2.950E-2
9.708	3.901E-4	3.021E-2
9.717	5.318E-4	3.074E-2
9.725	6.615E-4	3.106E-2
9.734	7.678E-4	3.106E-2
9.742	8.386E-4	3.085E-2
9.750	8.656E-4	3.037E-2
9.759	8.778E-4	2.972E-2
9.767	7.272E-4	2.895E-2
9.775	4.869E-4	2.823E-2
9.784	1.520E-4	2.761E-2
9.792	-2.293E-4	2.720E-2
9.801	-6.459E-4	2.707E-2
9.809	-1.032E-3	2.721E-2
9.817	-1.333E-3	2.759E-2
9.826	-1.449E-3	2.813E-2
9.834	-1.412E-3	2.872E-2
9.842	-1.123E-3	2.931E-2
9.851	-6.926E-4	2.978E-2
9.859	-1.248E-4	3.011E-2
9.868	4.898E-4	3.029E-2
9.876	1.096E-3	3.030E-2
9.884	1.596E-3	3.013E-2
9.893	1.916E-3	2.984E-2
9.901	1.901E-3	2.947E-2
9.909	1.719E-3	2.910E-2
9.918	1.296E-3	2.878E-2
9.926	6.613E-4	2.852E-2
9.935	-1.034E-4	2.835E-2
9.943	-8.381E-4	2.829E-2
9.951	-1.510E-3	2.829E-2
9.960	-1.981E-3	2.830E-2
9.968	-2.186E-3	2.839E-2
9.976	-2.086E-3	2.848E-2
9.985	-1.693E-3	2.855E-2
9.993	-1.074E-3	2.868E-2
10.002	-2.931E-4	2.877E-2
10.010	5.247E-4	2.889E-2
10.018	1.245E-3	2.903E-2
10.027	1.778E-3	2.920E-2
10.035	2.077E-3	2.939E-2
10.043	2.073E-3	2.961E-2
10.052	1.803E-3	2.979E-2
10.060	1.298E-3	2.993E-2
10.069	6.424E-4	2.993E-2
10.077	-8.151E-5	2.987E-2
10.085	-7.400E-4	2.964E-2
10.094	-1.266E-3	2.930E-2
10.102	-1.644E-3	2.888E-2
10.110	-1.750E-3	2.845E-2
10.119	-1.639E-3	2.801E-2
10.127	-1.311E-3	2.766E-2
10.136	-8.533E-4	2.746E-2
10.144	-3.008E-4	2.744E-2
10.152	2.503E-4	2.768E-2
10.161	6.987E-4	2.812E-2
10.169	1.042E-3	2.872E-2
10.177	1.223E-3	2.941E-2
10.186	1.200E-3	3.005E-2
10.194	1.093E-3	3.057E-2
10.203	8.815E-4	3.087E-2
10.211	6.080E-4	3.089E-2
10.219	2.998E-4	3.074E-2
10.228	9.718E-6	3.034E-2
10.236	-2.341E-4	2.971E-2
10.244	-4.101E-4	2.897E-2
10.253	-5.369E-4	2.821E-2
10.261	-5.659E-4	2.755E-2
10.270	-5.593E-4	2.707E-2
10.278	-5.346E-4	2.689E-2
10.286	-5.184E-4	2.699E-2
10.295	-5.065E-4	2.739E-2
10.303	-4.460E-4	2.804E-2
10.311	-2.881E-4	2.880E-2
10.320	-1.202E-4	2.954E-2
10.328	7.130E-5	3.019E-2
10.337	3.225E-4	3.066E-2
10.345	5.959E-4	3.089E-2
10.353	8.868E-4	3.087E-2
10.362	1.111E-3	3.061E-2
10.370	1.214E-3	3.016E-2
10.378	1.202E-3	2.953E-2
10.387	1.060E-3	2.884E-2
10.395	7.602E-4	2.820E-2
10.404	3.161E-4	2.771E-2
10.412	-2.114E-4	2.739E-2
10.420	-7.444E-4	2.732E-2
10.429	-1.198E-3	2.745E-2
10.437	-1.557E-3	2.777E-2
10.446	-1.686E-3	2.822E-2
10.454	-1.625E-3	2.870E-2
10.462	-1.285E-3	2.917E-2
10.471	-7.926E-4	2.953E-2
10.479	-1.581E-4	2.977E-2
10.487	5.508E-4	2.989E-2
10.496	1.203E-3	2.989E-2
10.504	1.700E-3	2.979E-2
10.513	2.019E-3	2.963E-2
10.521	2.039E-3	2.942E-2
10.529	1.817E-3	2.921E-2
10.538	1.313E-3	2.902E-2
10.546	6.139E-4	2.885E-2
10.554	-1.698E-4	2.873E-2
10.563	-9.243E-4	2.866E-2
10.571	-1.556E-3	2.858E-2
10.580	-1.980E-3	2.851E-2
10.588	-2.138E-3	2.843E-2
10.596	-1.980E-3	2.837E-2
10.605	-1.589E-3	2.833E-2
10.613	-9.806E-4	2.832E-2
10.621	-2.370E-4	2.832E-2
10.630	5.146E-4	2.849E-2
10.638	1.181E-3	2.872E-2
10.647	1.658E-3	2.900E-2
10.655	1.881E-3	2.935E-2
10.663	1.866E-3	2.971E-2
10.672	1.572E-3	2.999E-2
10.680	1.098E-3	3.017E-2
10.688	5.221E-4	3.019E-2
10.697	-1.118E-4	3.009E-2
10.705	-6.594E-4	2.981E-2
10.714	-1.113E-3	2.940E-2
10.722	-1.393E-3	2.889E-2
10.730	-1.436E-3	2.833E-2
10.739	-1.353E-3	2.779E-2
10.747	-1.100E-3	2.739E-2
10.755	-7.356E-4	2.719E-2
10.764	-3.097E-4	2.720E-2
10.772	9.803E-5	2.754E-2
10.781	4.205E-4	2.809E-2
10.789	6.657E-4	2.877E-2
10.797	8.334E-4	2.949E-2
10.806	8.635E-4	3.015E-2
10.814	8.768E-4	3.064E-2
10.822	7.782E-4	3.092E-2
10.831	6.204E-4	3.090E-2
10.839	4.890E-4	3.070E-2
10.848	3.160E-4	3.022E-2
10.856	1.576E-4	2.955E-2
10.864	1.783E-5	2.878E-2
10.873	-1.504E-4	2.803E-2
10.881	-3.128E-4	2.740E-2
10.889	-4.624E-4	2.696E-2
10.898	-6.325E-4	2.682E-2
10.906	-7.473E-4	2.700E-2
10.915	-8.105E-4	2.741E-2
10.923	-8.513E-4	2.803E-2
10.931	-8.202E-4	2.875E-2
10.940	-6.225E-4	2.944E-2
10.948		3.003E-2
10.956		3.046E-2
10.965		3.063E-2
10.973		3.061E-2
10.982		3.035E-2
10.990		2.993E-2
10.998		2.940E-2
11.007		2.885E-2
11.015		2.832E-2
11.023		2.792E-2
11.032		2.768E-2
11.040		2.766E-2
