#multi:
	mass A	mass B	
t	x	x	
0.000	-4.465E-3	3.369E-2
0.008	-4.482E-3	3.369E-2
0.017	-4.481E-3	3.370E-2
0.025	-4.481E-3	3.370E-2
0.034	-4.481E-3	3.370E-2
0.042	-4.480E-3	3.371E-2
0.050	-4.479E-3	3.371E-2
0.059	-4.480E-3	3.372E-2
0.067	-4.481E-3	3.371E-2
0.075	-4.481E-3	3.371E-2
0.084	-4.481E-3	3.371E-2
0.092	-4.480E-3	3.370E-2
0.101	-4.479E-3	3.369E-2
0.109	-4.477E-3	3.369E-2
0.117	-4.473E-3	3.369E-2
0.126	-4.453E-3	3.368E-2
0.134	-4.447E-3	3.369E-2
0.142	-4.294E-3	3.369E-2
0.151	-4.191E-3	3.369E-2
0.159	-4.015E-3	3.370E-2
0.168	-3.780E-3	3.371E-2
0.176	-3.411E-3	3.373E-2
0.184	-2.931E-3	3.372E-2
0.193	-2.294E-3	3.378E-2
0.201	-1.420E-3	3.383E-2
0.209	-4.872E-4	3.391E-2
0.218	5.294E-4	3.400E-2
0.226	1.418E-3	3.412E-2
0.235	2.078E-3	3.428E-2
0.243	2.453E-3	3.444E-2
0.251	2.333E-3	3.461E-2
0.260	1.894E-3	3.476E-2
0.268	1.132E-3	3.486E-2
0.276	2.039E-4	3.488E-2
0.285	-7.577E-4	3.483E-2
0.293	-1.711E-3	3.464E-2
0.302	-2.455E-3	3.439E-2
0.310	-2.910E-3	3.408E-2
0.318	-3.118E-3	3.375E-2
0.327	-3.046E-3	3.342E-2
0.335	-2.671E-3	3.312E-2
0.343	-2.044E-3	3.290E-2
0.352	-1.262E-3	3.285E-2
0.360	-3.517E-4	3.293E-2
0.369	5.147E-4	3.318E-2
0.377	1.288E-3	3.355E-2
0.385	1.814E-3	3.400E-2
0.394	2.026E-3	3.453E-2
0.402	1.905E-3	3.504E-2
0.410	1.454E-3	3.547E-2
0.419	7.837E-4	3.574E-2
0.427	2.775E-5	3.582E-2
0.436	-8.220E-4	3.570E-2
0.444	-1.548E-3	3.534E-2
0.452	-2.084E-3	3.482E-2
0.461	-2.463E-3	3.420E-2
0.469	-2.590E-3	3.354E-2
0.477	-2.484E-3	3.290E-2
0.486	-2.191E-3	3.242E-2
0.494	-1.694E-3	3.209E-2
0.503	-1.036E-3	3.205E-2
0.511	-3.748E-4	3.226E-2
0.519	2.856E-4	3.269E-2
0.528	8.647E-4	3.333E-2
0.536	1.195E-3	3.408E-2
0.544	1.359E-3	3.490E-2
0.553	1.309E-3	3.560E-2
0.561	9.826E-4	3.614E-2
0.570	5.687E-4	3.645E-2
0.578	2.754E-5	3.647E-2
0.586	-5.032E-4	3.619E-2
0.595	-9.681E-4	3.566E-2
0.603	-1.407E-3	3.491E-2
0.611	-1.666E-3	3.402E-2
0.620	-1.789E-3	3.314E-2
0.628	-1.776E-3	3.240E-2
0.637	-1.579E-3	3.184E-2
0.645	-1.308E-3	3.155E-2
0.653	-9.254E-4	3.160E-2
0.662	-5.313E-4	3.197E-2
0.670	-1.783E-4	3.259E-2
0.678	1.288E-4	3.339E-2
0.687	4.073E-4	3.435E-2
0.695	5.412E-4	3.528E-2
0.704	5.430E-4	3.607E-2
0.712	5.299E-4	3.664E-2
0.720	4.039E-4	3.689E-2
0.729	2.250E-4	3.680E-2
0.737	7.546E-6	3.640E-2
0.746	-2.483E-4	3.571E-2
0.754	-4.674E-4	3.481E-2
0.762	-6.922E-4	3.383E-2
0.771	-8.809E-4	3.290E-2
0.779	-1.017E-3	3.213E-2
0.787	-1.101E-3	3.160E-2
0.796	-1.131E-3	3.143E-2
0.804	-1.087E-3	3.159E-2
0.813	-1.045E-3	3.209E-2
0.821	-8.864E-4	3.284E-2
0.829	-6.919E-4	3.376E-2
0.838	-4.656E-4	3.470E-2
0.846	-1.986E-4	3.556E-2
0.854	5.773E-5	3.630E-2
0.863	2.770E-4	3.679E-2
0.871	4.875E-4	3.691E-2
0.880	6.249E-4	3.668E-2
0.888	6.867E-4	3.615E-2
0.896	6.510E-4	3.539E-2
0.905	4.948E-4	3.452E-2
0.913	2.315E-4	3.358E-2
0.921	-7.715E-5	3.273E-2
0.930	-4.999E-4	3.209E-2
0.938	-8.702E-4	3.170E-2
0.947	-1.236E-3	3.166E-2
0.955	-1.535E-3	3.191E-2
0.963	-1.711E-3	3.244E-2
0.972	-1.727E-3	3.318E-2
0.980	-1.602E-3	3.406E-2
0.988	-1.319E-3	3.491E-2
0.997	-8.924E-4	3.560E-2
1.005	-4.301E-4	3.615E-2
1.014	1.019E-4	3.645E-2
1.022	6.255E-4	3.643E-2
1.030	1.042E-3	3.616E-2
1.039	1.342E-3	3.565E-2
1.047	1.405E-3	3.499E-2
1.055	1.249E-3	3.420E-2
1.064	9.052E-4	3.344E-2
1.072	3.396E-4	3.280E-2
1.081	-3.259E-4	3.235E-2
1.089	-1.020E-3	3.213E-2
1.097	-1.657E-3	3.216E-2
1.106	-2.169E-3	3.242E-2
1.114	-2.466E-3	3.290E-2
1.122	-2.519E-3	3.353E-2
1.131	-2.347E-3	3.416E-2
1.139	-2.006E-3	3.476E-2
1.148	-1.417E-3	3.527E-2
1.156	-7.211E-4	3.563E-2
1.164	6.085E-5	3.578E-2
1.173	8.001E-4	3.573E-2
1.181	1.418E-3	3.549E-2
1.189	1.830E-3	3.509E-2
1.198	1.965E-3	3.461E-2
1.206	1.737E-3	3.411E-2
1.215	1.157E-3	3.366E-2
1.223	4.630E-4	3.327E-2
1.231	-4.205E-4	3.304E-2
1.240	-1.302E-3	3.296E-2
1.248	-2.031E-3	3.303E-2
1.256	-2.622E-3	3.320E-2
1.265	-2.957E-3	3.348E-2
1.273	-2.949E-3	3.379E-2
1.282	-2.732E-3	3.412E-2
1.290	-2.268E-3	3.442E-2
1.298	-1.536E-3	3.464E-2
1.307	-6.995E-4	3.481E-2
1.315	2.345E-4	3.486E-2
1.323	1.138E-3	3.485E-2
1.332	1.820E-3	3.476E-2
1.340	2.269E-3	3.462E-2
1.349	2.318E-3	3.444E-2
1.357	2.004E-3	3.429E-2
1.365	1.380E-3	3.415E-2
1.374	5.131E-4	3.404E-2
1.382	-4.584E-4	3.395E-2
1.390	-1.356E-3	3.390E-2
1.399	-2.179E-3	3.387E-2
1.407	-2.721E-3	3.385E-2
1.416	-3.020E-3	3.385E-2
1.424	-3.071E-3	3.387E-2
1.432	-2.768E-3	3.388E-2
1.441	-2.197E-3	3.388E-2
1.449	-1.436E-3	3.391E-2
1.458	-5.631E-4	3.395E-2
1.466	3.672E-4	3.401E-2
1.474	1.200E-3	3.415E-2
1.483	1.849E-3	3.430E-2
1.491	2.239E-3	3.449E-2
1.499	2.237E-3	3.470E-2
1.508	1.848E-3	3.484E-2
1.516	1.159E-3	3.497E-2
1.525	3.098E-4	3.505E-2
1.533	-6.061E-4	3.504E-2
1.541	-1.501E-3	3.485E-2
1.550	-2.200E-3	3.460E-2
1.558	-2.669E-3	3.427E-2
1.566	-2.913E-3	3.394E-2
1.575	-2.862E-3	3.356E-2
1.583	-2.523E-3	3.325E-2
1.592	-1.981E-3	3.302E-2
1.600	-1.257E-3	3.296E-2
1.608	-4.234E-4	3.302E-2
1.617	3.982E-4	3.324E-2
1.625	1.134E-3	3.357E-2
1.633	1.644E-3	3.401E-2
1.642	1.863E-3	3.451E-2
1.650	1.817E-3	3.503E-2
1.659	1.421E-3	3.545E-2
1.667	8.638E-4	3.575E-2
1.675	1.718E-4	3.584E-2
1.684	-5.881E-4	3.577E-2
1.692	-1.270E-3	3.547E-2
1.700	-1.809E-3	3.498E-2
1.709	-2.203E-3	3.439E-2
1.717	-2.344E-3	3.374E-2
1.726	-2.291E-3	3.311E-2
1.734	-2.025E-3	3.258E-2
1.742	-1.557E-3	3.228E-2
1.751	-1.004E-3	3.217E-2
1.759	-4.017E-4	3.232E-2
1.767	2.233E-4	3.272E-2
1.776	7.231E-4	3.330E-2
1.784	1.081E-3	3.402E-2
1.793	1.251E-3	3.478E-2
1.801	1.173E-3	3.549E-2
1.809	9.391E-4	3.604E-2
1.818	5.774E-4	3.638E-2
1.826	8.916E-5	3.643E-2
1.834	-4.044E-4	3.619E-2
1.843	-8.582E-4	3.570E-2
1.851	-1.241E-3	3.500E-2
1.860	-1.512E-3	3.418E-2
1.868	-1.628E-3	3.334E-2
1.876	-1.602E-3	3.260E-2
1.885	-1.493E-3	3.198E-2
1.893	-1.284E-3	3.166E-2
1.901	-9.474E-4	3.165E-2
1.910	-6.174E-4	3.197E-2
1.918	-2.647E-4	3.252E-2
1.927	3.973E-5	3.329E-2
1.935	2.720E-4	3.418E-2
1.943	4.501E-4	3.505E-2
1.952	5.091E-4	3.584E-2
1.960	5.030E-4	3.643E-2
1.968	4.246E-4	3.669E-2
1.977	2.712E-4	3.663E-2
1.985	7.243E-5	3.626E-2
1.994	-1.626E-4	3.561E-2
2.002	-3.947E-4	3.480E-2
2.010	-6.167E-4	3.387E-2
2.019	-8.036E-4	3.299E-2
2.027	-9.177E-4	3.226E-2
2.035	-1.065E-3	3.175E-2
2.044	-1.111E-3	3.149E-2
2.052	-1.107E-3	3.160E-2
2.061	-1.090E-3	3.207E-2
2.069	-9.605E-4	3.276E-2
2.077	-8.097E-4	3.361E-2
2.086	-6.290E-4	3.451E-2
2.094	-3.805E-4	3.540E-2
2.103	-1.278E-4	3.611E-2
2.111	1.046E-4	3.659E-2
2.119	3.348E-4	3.673E-2
2.128	4.837E-4	3.654E-2
2.136	5.708E-4	3.610E-2
2.144	5.408E-4	3.544E-2
2.153	4.258E-4	3.461E-2
2.161	2.115E-4	3.369E-2
2.170	-1.063E-4	3.288E-2
2.178	-4.856E-4	3.227E-2
2.186	-8.724E-4	3.189E-2
2.195	-1.257E-3	3.183E-2
2.203	-1.554E-3	3.204E-2
2.211	-1.746E-3	3.252E-2
2.220	-1.787E-3	3.321E-2
2.228	-1.685E-3	3.398E-2
2.237	-1.409E-3	3.475E-2
2.245	-1.051E-3	3.546E-2
2.253	-6.026E-4	3.598E-2
2.262	-3.209E-5	3.630E-2
2.270	4.762E-4	3.636E-2
2.278	9.261E-4	3.614E-2
2.287	1.209E-3	3.569E-2
2.295	1.341E-3	3.506E-2
2.304	1.213E-3	3.435E-2
2.312	9.007E-4	3.366E-2
2.320	4.145E-4	3.304E-2
2.329	-1.974E-4	3.261E-2
2.337	-8.672E-4	3.237E-2
2.345	-1.489E-3	3.237E-2
2.354	-1.995E-3	3.259E-2
2.362	-2.293E-3	3.301E-2
2.371	-2.405E-3	3.354E-2
2.379	-2.267E-3	3.412E-2
2.387	-1.962E-3	3.468E-2
2.396	-1.418E-3	3.511E-2
2.404	-7.756E-4	3.545E-2
2.412	-3.749E-5	3.561E-2
2.421	7.154E-4	3.555E-2
2.429	1.340E-3	3.533E-2
2.438	1.782E-3	3.500E-2
2.446	1.921E-3	3.459E-2
2.454	1.775E-3	3.413E-2
2.463	1.302E-3	3.372E-2
2.471	6.362E-4	3.338E-2
2.479	-1.757E-4	3.319E-2
2.488	-1.018E-3	3.309E-2
2.496	-1.772E-3	3.311E-2
2.505	-2.373E-3	3.322E-2
2.513	-2.705E-3	3.345E-2
2.521	-2.804E-3	3.373E-2
2.530	-2.663E-3	3.401E-2
2.538	-2.229E-3	3.427E-2
2.546	-1.573E-3	3.451E-2
2.555	-7.923E-4	3.465E-2
2.563	8.604E-5	3.472E-2
2.572	9.358E-4	3.475E-2
2.580	1.617E-3	3.472E-2
2.588	2.057E-3	3.462E-2
2.597	2.149E-3	3.451E-2
2.605	1.874E-3	3.438E-2
2.613	1.324E-3	3.428E-2
2.622	5.202E-4	3.418E-2
2.630	-3.853E-4	3.412E-2
2.639	-1.284E-3	3.405E-2
2.647	-2.029E-3	3.398E-2
2.655	-2.594E-3	3.391E-2
2.664	-2.920E-3	3.388E-2
2.672	-2.925E-3	3.387E-2
2.680	-2.696E-3	3.382E-2
2.689	-2.205E-3	3.380E-2
2.697	-1.500E-3	3.384E-2
2.706	-6.638E-4	3.390E-2
2.714	2.335E-4	3.396E-2
2.722	1.029E-3	3.409E-2
2.731	1.657E-3	3.426E-2
2.739	2.022E-3	3.446E-2
2.747	2.048E-3	3.466E-2
2.756	1.756E-3	3.483E-2
2.764	1.157E-3	3.499E-2
2.773	3.924E-4	3.505E-2
2.781	-4.878E-4	3.505E-2
2.789	-1.301E-3	3.487E-2
2.798	-1.979E-3	3.462E-2
2.806	-2.453E-3	3.432E-2
2.815	-2.690E-3	3.395E-2
2.823	-2.676E-3	3.358E-2
2.831	-2.416E-3	3.327E-2
2.840	-1.950E-3	3.304E-2
2.848	-1.286E-3	3.294E-2
2.856	-5.442E-4	3.299E-2
2.865	2.255E-4	3.319E-2
2.873	9.147E-4	3.352E-2
2.882	1.408E-3	3.394E-2
2.890	1.660E-3	3.444E-2
2.898	1.621E-3	3.493E-2
2.907	1.340E-3	3.538E-2
2.915	8.520E-4	3.568E-2
2.923	2.219E-4	3.580E-2
2.932	-4.580E-4	3.572E-2
2.940	-1.084E-3	3.543E-2
2.949	-1.621E-3	3.499E-2
2.957	-1.985E-3	3.442E-2
2.965	-2.165E-3	3.379E-2
2.974	-2.152E-3	3.317E-2
2.982	-1.946E-3	3.266E-2
2.990	-1.554E-3	3.231E-2
2.999	-1.060E-3	3.219E-2
3.007	-4.839E-4	3.231E-2
3.016	7.391E-5	3.267E-2
3.024	5.263E-4	3.321E-2
3.032	8.891E-4	3.392E-2
3.041	1.074E-3	3.465E-2
3.049	1.080E-3	3.532E-2
3.057	9.261E-4	3.588E-2
3.066	5.916E-4	3.623E-2
3.074	1.785E-4	3.631E-2
3.083	-2.243E-4	3.617E-2
3.091	-6.508E-4	3.570E-2
3.099	-1.011E-3	3.505E-2
3.108	-1.298E-3	3.427E-2
3.116	-1.428E-3	3.350E-2
3.124	-1.488E-3	3.276E-2
3.133	-1.389E-3	3.218E-2
3.141	-1.194E-3	3.185E-2
3.150	-9.436E-4	3.183E-2
3.158	-6.572E-4	3.211E-2
3.166	-3.840E-4	3.261E-2
3.175	-1.033E-4	3.332E-2
3.183	9.308E-5	3.413E-2
3.191	2.606E-4	3.499E-2
3.200	3.258E-4	3.576E-2
3.208	3.640E-4	3.628E-2
3.217	2.829E-4	3.655E-2
3.225	2.026E-4	3.658E-2
3.233	3.857E-5	3.625E-2
3.242	-1.467E-4	3.568E-2
3.250	-3.442E-4	3.488E-2
3.258	-5.598E-4	3.399E-2
3.267	-7.319E-4	3.315E-2
3.275	-8.850E-4	3.245E-2
3.284	-1.017E-3	3.195E-2
3.292	-1.113E-3	3.169E-2
3.300	-1.114E-3	3.176E-2
3.309	-1.117E-3	3.212E-2
3.317	-1.058E-3	3.275E-2
3.325	-9.104E-4	3.354E-2
3.334	-7.064E-4	3.438E-2
3.342	-4.559E-4	3.521E-2
3.351	-1.886E-4	3.588E-2
3.359	6.260E-5	3.636E-2
3.367	2.950E-4	3.654E-2
3.376	4.801E-4	3.644E-2
3.384	6.059E-4	3.602E-2
3.392	5.826E-4	3.539E-2
3.401	4.711E-4	3.463E-2
3.409	2.766E-4	3.378E-2
3.418	-1.235E-5	3.302E-2
3.426	-3.900E-4	3.241E-2
3.434	-7.952E-4	3.203E-2
3.443	-1.163E-3	3.193E-2
3.451	-1.484E-3	3.210E-2
3.459	-1.694E-3	3.253E-2
3.468	-1.777E-3	3.314E-2
3.476	-1.712E-3	3.387E-2
3.485	-1.503E-3	3.460E-2
3.493	-1.133E-3	3.527E-2
3.501	-6.680E-4	3.577E-2
3.510	-1.578E-4	3.605E-2
3.518	3.537E-4	3.610E-2
3.527	7.750E-4	3.594E-2
3.535	1.103E-3	3.553E-2
3.543	1.235E-3	3.497E-2
3.552	1.154E-3	3.435E-2
3.560	8.832E-4	3.370E-2
3.568	4.332E-4	3.313E-2
3.577	-1.487E-4	3.276E-2
3.585	-8.198E-4	3.255E-2
3.594	-1.397E-3	3.255E-2
3.602	-1.897E-3	3.274E-2
3.610	-2.247E-3	3.309E-2
3.619	-2.358E-3	3.354E-2
3.627	-2.279E-3	3.405E-2
3.635	-1.989E-3	3.458E-2
3.644	-1.490E-3	3.502E-2
3.652	-8.633E-4	3.535E-2
3.661	-1.469E-4	3.550E-2
3.669	5.468E-4	3.550E-2
3.677	1.152E-3	3.532E-2
3.686	1.596E-3	3.503E-2
3.694	1.799E-3	3.465E-2
3.702	1.651E-3	3.424E-2
3.711	1.230E-3	3.386E-2
3.719	6.117E-4	3.355E-2
3.728	-1.784E-4	3.331E-2
3.736	-9.830E-4	3.321E-2
3.744	-1.733E-3	3.322E-2
3.753	-2.293E-3	3.332E-2
3.761	-2.654E-3	3.350E-2
3.769	-2.735E-3	3.372E-2
3.778	-2.618E-3	3.396E-2
3.786	-2.236E-3	3.418E-2
3.795	-1.631E-3	3.438E-2
3.803	-8.640E-4	3.453E-2
3.811	-1.338E-5	3.460E-2
3.820	7.771E-4	3.461E-2
3.828	1.421E-3	3.459E-2
3.836	1.865E-3	3.454E-2
3.845	2.012E-3	3.444E-2
3.853	1.824E-3	3.435E-2
3.862	1.319E-3	3.426E-2
3.870	5.868E-4	3.418E-2
3.878	-2.626E-4	3.413E-2
3.887	-1.088E-3	3.409E-2
3.895	-1.820E-3	3.401E-2
3.903	-2.386E-3	3.392E-2
3.912	-2.698E-3	3.388E-2
3.920	-2.724E-3	3.380E-2
3.929	-2.549E-3	3.370E-2
3.937	-2.163E-3	3.367E-2
3.945	-1.515E-3	3.368E-2
3.954	-7.449E-4	3.370E-2
3.962	7.200E-5	3.378E-2
3.970	8.680E-4	3.390E-2
3.979	1.474E-3	3.410E-2
3.987	1.830E-3	3.433E-2
3.996	1.878E-3	3.456E-2
4.004	1.620E-3	3.478E-2
4.012	1.099E-3	3.494E-2
4.021	4.166E-4	3.504E-2
4.029	-3.856E-4	3.504E-2
4.037	-1.135E-3	3.489E-2
4.046	-1.784E-3	3.465E-2
4.054	-2.254E-3	3.435E-2
4.063	-2.487E-3	3.398E-2
4.071	-2.476E-3	3.362E-2
4.079	-2.260E-3	3.329E-2
4.088	-1.821E-3	3.304E-2
4.096	-1.228E-3	3.292E-2
4.104	-5.607E-4	3.297E-2
4.113	1.515E-4	3.314E-2
4.121	7.610E-4	3.349E-2
4.130	1.225E-3	3.390E-2
4.138	1.492E-3	3.439E-2
4.146	1.463E-3	3.487E-2
4.155	1.187E-3	3.529E-2
4.163	7.462E-4	3.561E-2
4.171	1.863E-4	3.576E-2
4.180	-4.293E-4	3.574E-2
4.188	-1.025E-3	3.546E-2
4.197	-1.540E-3	3.505E-2
4.205	-1.865E-3	3.450E-2
4.213	-2.036E-3	3.390E-2
4.222	-2.021E-3	3.331E-2
4.230	-1.813E-3	3.279E-2
4.239	-1.497E-3	3.242E-2
4.247	-1.062E-3	3.231E-2
4.255	-5.618E-4	3.238E-2
4.264	-4.110E-5	3.272E-2
4.272	4.269E-4	3.324E-2
4.280	7.398E-4	3.389E-2
4.289	9.296E-4	3.461E-2
4.297	9.357E-4	3.525E-2
4.306	7.914E-4	3.580E-2
4.314	5.055E-4	3.616E-2
4.322	1.649E-4	3.625E-2
4.331	-2.310E-4	3.607E-2
4.339	-6.244E-4	3.570E-2
4.347	-9.282E-4	3.510E-2
4.356	-1.156E-3	3.437E-2
4.364	-1.319E-3	3.362E-2
4.373	-1.345E-3	3.289E-2
4.381	-1.305E-3	3.236E-2
4.389	-1.127E-3	3.198E-2
4.398	-8.978E-4	3.191E-2
4.406	-6.631E-4	3.212E-2
4.414	-4.047E-4	3.258E-2
4.423	-1.583E-4	3.325E-2
4.431	4.661E-5	3.406E-2
4.440	2.353E-4	3.488E-2
4.448	3.103E-4	3.558E-2
4.456	3.449E-4	3.610E-2
4.465	3.111E-4	3.641E-2
4.473	2.434E-4	3.642E-2
4.481	1.015E-4	3.616E-2
4.490	-2.048E-5	3.563E-2
4.498	-2.000E-4	3.495E-2
4.507	-4.038E-4	3.415E-2
4.515	-5.862E-4	3.335E-2
4.523	-7.628E-4	3.267E-2
4.532	-9.006E-4	3.216E-2
4.540	-1.029E-3	3.191E-2
4.548	-1.099E-3	3.193E-2
4.557	-1.108E-3	3.226E-2
4.565	-1.071E-3	3.283E-2
4.574	-9.347E-4	3.355E-2
4.582	-7.750E-4	3.433E-2
4.590	-5.774E-4	3.510E-2
4.599	-2.958E-4	3.574E-2
4.607	-3.229E-5	3.618E-2
4.615	2.219E-4	3.639E-2
4.624	4.466E-4	3.631E-2
4.632	5.668E-4	3.597E-2
4.641	5.546E-4	3.540E-2
4.649	5.054E-4	3.467E-2
4.657	3.053E-4	3.392E-2
4.666	2.472E-5	3.320E-2
4.674	-3.230E-4	3.263E-2
4.682	-7.234E-4	3.226E-2
4.691	-1.102E-3	3.213E-2
4.699	-1.392E-3	3.228E-2
4.708	-1.593E-3	3.264E-2
4.716	-1.713E-3	3.316E-2
4.724	-1.657E-3	3.382E-2
4.733	-1.486E-3	3.453E-2
4.741	-1.147E-3	3.516E-2
4.749	-6.940E-4	3.568E-2
4.758	-1.906E-4	3.599E-2
4.766	2.948E-4	3.602E-2
4.775	7.300E-4	3.586E-2
4.783	1.063E-3	3.553E-2
4.791	1.187E-3	3.502E-2
4.800	1.156E-3	3.444E-2
4.808	9.008E-4	3.383E-2
4.816	4.792E-4	3.331E-2
4.825	-8.221E-5	3.290E-2
4.833	-7.042E-4	3.271E-2
4.842	-1.305E-3	3.269E-2
4.850	-1.789E-3	3.287E-2
4.858	-2.142E-3	3.317E-2
4.867	-2.279E-3	3.359E-2
4.875	-2.228E-3	3.408E-2
4.883	-1.976E-3	3.455E-2
4.892	-1.511E-3	3.496E-2
4.900	-8.994E-4	3.528E-2
4.909	-2.067E-4	3.544E-2
4.917	4.762E-4	3.546E-2
4.925	1.083E-3	3.533E-2
4.934	1.530E-3	3.507E-2
4.942	1.739E-3	3.473E-2
4.951	1.625E-3	3.439E-2
4.959	1.246E-3	3.403E-2
4.967	6.841E-4	3.377E-2
4.976	-4.163E-5	3.354E-2
4.984	-7.858E-4	3.342E-2
4.992	-1.512E-3	3.345E-2
5.001	-2.080E-3	3.351E-2
5.009	-2.444E-3	3.368E-2
5.018	-2.600E-3	3.387E-2
5.026	-2.485E-3	3.408E-2
5.034	-2.166E-3	3.428E-2
5.043	-1.608E-3	3.447E-2
5.051	-8.814E-4	3.459E-2
5.059	-8.793E-5	3.464E-2
5.068	6.694E-4	3.466E-2
5.076	1.322E-3	3.463E-2
5.085	1.788E-3	3.459E-2
5.093	1.923E-3	3.454E-2
5.101	1.790E-3	3.448E-2
5.110	1.329E-3	3.444E-2
5.118	6.946E-4	3.437E-2
5.126	-9.363E-5	3.431E-2
5.135	-9.107E-4	3.424E-2
5.143	-1.609E-3	3.416E-2
5.152	-2.173E-3	3.406E-2
5.160	-2.505E-3	3.399E-2
5.168	-2.601E-3	3.391E-2
5.177	-2.447E-3	3.381E-2
5.185	-2.056E-3	3.377E-2
5.193	-1.459E-3	3.373E-2
5.202	-7.628E-4	3.373E-2
5.210	1.766E-5	3.377E-2
5.219	7.537E-4	3.391E-2
5.227	1.355E-3	3.410E-2
5.235	1.713E-3	3.433E-2
5.244	1.781E-3	3.457E-2
5.252	1.598E-3	3.480E-2
5.260	1.126E-3	3.498E-2
5.269	4.942E-4	3.508E-2
5.277	-2.416E-4	3.507E-2
5.286	-9.533E-4	3.494E-2
5.294	-1.559E-3	3.476E-2
5.302	-2.024E-3	3.446E-2
5.311	-2.282E-3	3.410E-2
5.319	-2.283E-3	3.372E-2
5.327	-2.131E-3	3.338E-2
5.336	-1.760E-3	3.315E-2
5.344	-1.229E-3	3.305E-2
5.353	-6.133E-4	3.304E-2
5.361	6.088E-5	3.319E-2
5.369	6.696E-4	3.349E-2
5.378	1.144E-3	3.390E-2
5.386	1.398E-3	3.437E-2
5.394	1.407E-3	3.484E-2
5.403	1.198E-3	3.527E-2
5.411	8.202E-4	3.558E-2
5.420	2.773E-4	3.574E-2
5.428	-2.850E-4	3.571E-2
5.436	-8.773E-4	3.548E-2
5.445	-1.335E-3	3.508E-2
5.453	-1.702E-3	3.457E-2
5.461	-1.863E-3	3.400E-2
5.470	-1.847E-3	3.337E-2
5.478	-1.733E-3	3.288E-2
5.487	-1.445E-3	3.253E-2
5.495	-1.074E-3	3.237E-2
5.503	-6.245E-4	3.242E-2
5.512	-1.596E-4	3.270E-2
5.520	2.655E-4	3.322E-2
5.528	5.673E-4	3.383E-2
5.537	7.334E-4	3.453E-2
5.545	7.676E-4	3.516E-2
5.554	6.759E-4	3.572E-2
5.562	4.547E-4	3.606E-2
5.570	1.823E-4	3.618E-2
5.579	-1.688E-4	3.603E-2
5.587	-5.000E-4	3.567E-2
5.596	-8.195E-4	3.512E-2
5.604	-1.067E-3	3.444E-2
5.612	-1.217E-3	3.368E-2
5.621	-1.301E-3	3.299E-2
5.629	-1.298E-3	3.242E-2
5.637	-1.135E-3	3.209E-2
5.646	-9.371E-4	3.201E-2
5.654	-7.279E-4	3.219E-2
5.663	-4.684E-4	3.260E-2
5.671	-2.223E-4	3.323E-2
5.679	-2.051E-5	3.398E-2
5.688	1.336E-4	3.475E-2
5.696	2.447E-4	3.543E-2
5.704	2.882E-4	3.597E-2
5.713	2.873E-4	3.628E-2
5.721	2.537E-4	3.628E-2
5.730	1.660E-4	3.602E-2
5.738	2.236E-5	3.555E-2
5.746	-1.565E-4	3.487E-2
5.755	-3.193E-4	3.411E-2
5.763	-4.908E-4	3.338E-2
5.771	-6.612E-4	3.271E-2
5.780	-8.318E-4	3.222E-2
5.788	-9.224E-4	3.193E-2
5.797	-1.043E-3	3.193E-2
5.805	-1.083E-3	3.221E-2
5.813	-1.068E-3	3.269E-2
5.822	-9.484E-4	3.337E-2
5.830	-8.037E-4	3.416E-2
5.838	-6.093E-4	3.491E-2
5.847	-3.750E-4	3.551E-2
5.855	-1.052E-4	3.595E-2
5.864	1.514E-4	3.615E-2
5.872	3.457E-4	3.612E-2
5.880	4.855E-4	3.582E-2
5.889	5.078E-4	3.529E-2
5.897	4.950E-4	3.463E-2
5.905	3.120E-4	3.390E-2
5.914	4.152E-5	3.325E-2
5.922	-2.580E-4	3.271E-2
5.931	-6.556E-4	3.235E-2
5.939	-1.045E-3	3.221E-2
5.947	-1.360E-3	3.230E-2
5.956	-1.581E-3	3.261E-2
5.964	-1.694E-3	3.309E-2
5.972	-1.674E-3	3.368E-2
5.981	-1.524E-3	3.432E-2
5.989	-1.184E-3	3.493E-2
5.998	-7.894E-4	3.538E-2
6.006	-3.069E-4	3.567E-2
6.014	1.717E-4	3.577E-2
6.023	6.507E-4	3.568E-2
6.031	9.625E-4	3.535E-2
6.039	1.148E-3	3.488E-2
6.048	1.151E-3	3.435E-2
6.056	9.257E-4	3.380E-2
6.065	5.142E-4	3.330E-2
6.073	8.235E-6	3.291E-2
6.081	-6.085E-4	3.273E-2
6.090	-1.163E-3	3.274E-2
6.098	-1.653E-3	3.285E-2
6.106	-2.025E-3	3.311E-2
6.115	-2.203E-3	3.346E-2
6.123	-2.179E-3	3.389E-2
6.132	-1.957E-3	3.434E-2
6.140	-1.533E-3	3.474E-2
6.148	-9.628E-4	3.503E-2
6.157	-3.447E-4	3.520E-2
6.165	3.036E-4	3.525E-2
6.173	8.957E-4	3.512E-2
6.182	1.351E-3	3.490E-2
6.190	1.587E-3	3.461E-2
6.199	1.586E-3	3.431E-2
6.207	1.210E-3	3.399E-2
6.215	6.893E-4	3.371E-2
6.224	2.567E-5	3.352E-2
6.232	-7.085E-4	3.343E-2
6.240	-1.370E-3	3.343E-2
6.249	-1.957E-3	3.348E-2
6.257	-2.306E-3	3.365E-2
6.266	-2.453E-3	3.377E-2
6.274	-2.366E-3	3.393E-2
6.282	-2.092E-3	3.412E-2
6.291	-1.613E-3	3.428E-2
6.299	-9.386E-4	3.441E-2
6.308	-1.736E-4	3.445E-2
6.316	5.437E-4	3.447E-2
6.324	1.162E-3	3.443E-2
6.333	1.609E-3	3.440E-2
6.341	1.808E-3	3.437E-2
6.349	1.669E-3	3.436E-2
6.358	1.250E-3	3.432E-2
6.366	6.657E-4	3.428E-2
6.375	-7.091E-5	3.424E-2
6.383	-8.416E-4	3.416E-2
6.391	-1.538E-3	3.410E-2
6.400	-2.068E-3	3.402E-2
6.408	-2.421E-3	3.390E-2
6.416	-2.498E-3	3.381E-2
6.425	-2.394E-3	3.372E-2
6.433	-2.034E-3	3.366E-2
6.442	-1.503E-3	3.364E-2
6.450	-8.400E-4	3.367E-2
6.458	-1.160E-4	3.372E-2
6.467	5.873E-4	3.387E-2
6.475	1.142E-3	3.404E-2
6.483	1.520E-3	3.427E-2
6.492	1.608E-3	3.454E-2
6.500	1.424E-3	3.478E-2
6.509	1.016E-3	3.497E-2
6.517	4.373E-4	3.509E-2
6.525	-2.277E-4	3.509E-2
6.534	-8.892E-4	3.500E-2
6.542	-1.501E-3	3.481E-2
6.550	-1.974E-3	3.452E-2
6.559	-2.243E-3	3.417E-2
6.567	-2.255E-3	3.377E-2
6.576	-2.141E-3	3.344E-2
6.584	-1.793E-3	3.319E-2
6.592	-1.307E-3	3.305E-2
6.601	-7.166E-4	3.303E-2
6.609	-5.466E-5	3.314E-2
6.617	5.113E-4	3.346E-2
6.626	9.504E-4	3.386E-2
6.634	1.200E-3	3.432E-2
6.643	1.262E-3	3.479E-2
6.651	1.099E-3	3.523E-2
6.659	7.513E-4	3.556E-2
6.668	2.795E-4	3.572E-2
6.676	-2.251E-4	3.572E-2
6.684	-7.711E-4	3.550E-2
6.693	-1.219E-3	3.514E-2
6.701	-1.574E-3	3.462E-2
6.710	-1.774E-3	3.406E-2
6.718	-1.776E-3	3.350E-2
6.726	-1.666E-3	3.299E-2
6.735	-1.447E-3	3.262E-2
6.743	-1.109E-3	3.243E-2
6.751	-6.857E-4	3.247E-2
6.760	-2.256E-4	3.276E-2
6.768	1.868E-4	3.321E-2
6.777	4.765E-4	3.379E-2
6.785	6.911E-4	3.443E-2
6.793	7.276E-4	3.503E-2
6.802	6.803E-4	3.557E-2
6.810	4.848E-4	3.593E-2
6.818	2.270E-4	3.607E-2
6.827	-1.059E-4	3.600E-2
6.835	-4.252E-4	3.565E-2
6.844	-6.893E-4	3.515E-2
6.852	-9.052E-4	3.449E-2
6.860	-1.076E-3	3.380E-2
6.869	-1.123E-3	3.310E-2
6.877	-1.115E-3	3.255E-2
6.885	-1.050E-3	3.220E-2
6.894	-8.902E-4	3.209E-2
6.902	-7.060E-4	3.225E-2
6.911	-4.876E-4	3.263E-2
6.919	-2.802E-4	3.322E-2
6.927	-8.414E-5	3.392E-2
6.936	6.374E-5	3.465E-2
6.944	1.782E-4	3.531E-2
6.952	2.698E-4	3.580E-2
6.961	2.856E-4	3.613E-2
6.969	2.717E-4	3.619E-2
6.978	2.128E-4	3.599E-2
6.986	9.873E-5	3.554E-2
6.994	-3.225E-5	3.494E-2
7.003	-1.713E-4	3.426E-2
7.011	-3.826E-4	3.355E-2
7.020	-5.608E-4	3.287E-2
7.028	-7.273E-4	3.235E-2
7.036	-8.458E-4	3.210E-2
7.045	-9.522E-4	3.209E-2
7.053	-1.012E-3	3.234E-2
7.061	-1.042E-3	3.279E-2
7.070	-9.588E-4	3.342E-2
7.078	-8.299E-4	3.414E-2
7.087	-6.271E-4	3.484E-2
7.095	-3.996E-4	3.543E-2
7.103	-1.350E-4	3.588E-2
7.112	1.058E-4	3.611E-2
7.120	3.346E-4	3.610E-2
7.128	4.894E-4	3.582E-2
7.137	5.574E-4	3.534E-2
7.145	5.201E-4	3.472E-2
7.154	3.989E-4	3.409E-2
7.162	1.691E-4	3.346E-2
7.170	-1.992E-4	3.291E-2
7.179	-5.869E-4	3.257E-2
7.187	-9.398E-4	3.239E-2
7.195	-1.278E-3	3.244E-2
7.204	-1.533E-3	3.272E-2
7.212	-1.628E-3	3.319E-2
7.221	-1.596E-3	3.373E-2
7.229	-1.465E-3	3.434E-2
7.237	-1.168E-3	3.489E-2
7.246	-7.916E-4	3.533E-2
7.254	-3.543E-4	3.560E-2
7.262	1.264E-4	3.570E-2
7.271	5.404E-4	3.562E-2
7.279	8.977E-4	3.535E-2
7.288	1.100E-3	3.493E-2
7.296	1.125E-3	3.441E-2
7.304	9.355E-4	3.391E-2
7.313	5.602E-4	3.346E-2
7.321	5.579E-5	3.309E-2
7.329	-5.053E-4	3.286E-2
7.338	-1.072E-3	3.279E-2
7.346	-1.557E-3	3.289E-2
7.355	-1.926E-3	3.310E-2
7.363	-2.081E-3	3.343E-2
7.371	-2.055E-3	3.383E-2
7.380	-1.835E-3	3.425E-2
7.388	-1.467E-3	3.458E-2
7.396	-9.472E-4	3.485E-2
7.405	-3.262E-4	3.502E-2
7.413	2.886E-4	3.505E-2
7.422	8.734E-4	3.499E-2
7.430	1.327E-3	3.481E-2
7.438	1.579E-3	3.458E-2
7.447	1.581E-3	3.429E-2
7.455	1.275E-3	3.403E-2
7.463	7.574E-4	3.383E-2
7.472	1.247E-4	3.368E-2
7.480	-5.896E-4	3.356E-2
7.489	-1.265E-3	3.352E-2
7.497	-1.810E-3	3.351E-2
7.505	-2.211E-3	3.364E-2
7.514	-2.379E-3	3.377E-2
7.522	-2.331E-3	3.391E-2
7.530	-2.075E-3	3.408E-2
7.539	-1.572E-3	3.419E-2
7.547	-9.914E-4	3.432E-2
7.556	-2.963E-4	3.439E-2
7.564	3.992E-4	3.440E-2
7.572	1.011E-3	3.440E-2
7.581	1.417E-3	3.439E-2
7.589	1.618E-3	3.438E-2
7.597	1.573E-3	3.437E-2
7.606	1.196E-3	3.435E-2
7.614	6.684E-4	3.434E-2
7.623	-9.939E-6	3.431E-2
7.631	-7.214E-4	3.425E-2
7.639	-1.358E-3	3.419E-2
7.648	-1.909E-3	3.412E-2
7.656	-2.253E-3	3.398E-2
7.664	-2.388E-3	3.389E-2
7.673	-2.284E-3	3.376E-2
7.681	-1.980E-3	3.368E-2
7.690	-1.488E-3	3.364E-2
7.698	-8.632E-4	3.365E-2
7.706	-1.677E-4	3.370E-2
7.715	4.910E-4	3.384E-2
7.723	1.033E-3	3.401E-2
7.732	1.381E-3	3.420E-2
7.740	1.549E-3	3.442E-2
7.748	1.398E-3	3.464E-2
7.757	1.025E-3	3.484E-2
7.765	4.881E-4	3.496E-2
7.773	-1.402E-4	3.502E-2
7.782	-8.006E-4	3.494E-2
7.790	-1.356E-3	3.479E-2
7.799	-1.798E-3	3.450E-2
7.807	-2.049E-3	3.417E-2
7.815	-2.128E-3	3.380E-2
7.824	-2.030E-3	3.346E-2
7.832	-1.715E-3	3.320E-2
7.840	-1.292E-3	3.303E-2
7.849	-7.414E-4	3.302E-2
7.857	-1.789E-4	3.311E-2
7.866	3.731E-4	3.338E-2
7.874	7.725E-4	3.375E-2
7.882	1.027E-3	3.419E-2
7.891	1.094E-3	3.463E-2
7.899	9.630E-4	3.506E-2
7.907	6.842E-4	3.539E-2
7.916	2.706E-4	3.558E-2
7.924	-1.958E-4	3.556E-2
7.933	-6.816E-4	3.538E-2
7.941	-1.109E-3	3.507E-2
7.949	-1.440E-3	3.460E-2
7.958	-1.625E-3	3.405E-2
7.966	-1.629E-3	3.352E-2
7.974	-1.557E-3	3.302E-2
7.983	-1.338E-3	3.266E-2
7.991	-1.042E-3	3.248E-2
8.000	-6.527E-4	3.252E-2
8.008	-2.385E-4	3.276E-2
8.016	1.125E-4	3.319E-2
8.025	4.035E-4	3.374E-2
8.033	5.801E-4	3.435E-2
8.041	6.529E-4	3.496E-2
8.050	5.999E-4	3.549E-2
8.058	4.439E-4	3.586E-2
8.067	2.225E-4	3.602E-2
8.075	-4.399E-5	3.595E-2
8.083	-3.377E-4	3.565E-2
8.092	-6.231E-4	3.518E-2
8.100	-8.474E-4	3.459E-2
8.108	-9.953E-4	3.392E-2
8.117	-1.098E-3	3.326E-2
8.125	-1.096E-3	3.273E-2
8.134	-1.050E-3	3.238E-2
8.142	-9.111E-4	3.224E-2
8.150	-7.641E-4	3.237E-2
8.159	-6.198E-4	3.273E-2
8.167	-4.267E-4	3.326E-2
8.175	-2.202E-4	3.394E-2
8.184	-6.181E-5	3.461E-2
8.192	2.783E-5	3.521E-2
8.201	9.238E-5	3.575E-2
8.209	1.533E-4	3.606E-2
8.217	1.190E-4	3.611E-2
8.226	8.374E-5	3.597E-2
8.234	-2.211E-6	3.558E-2
8.242	-1.129E-4	3.500E-2
8.251	-2.358E-4	3.435E-2
8.259	-4.230E-4	3.366E-2
8.268	-6.008E-4	3.303E-2
8.276	-7.628E-4	3.254E-2
8.284	-9.193E-4	3.230E-2
8.293	-1.043E-3	3.227E-2
8.301	-1.113E-3	3.245E-2
8.309	-1.116E-3	3.289E-2
8.318	-1.063E-3	3.346E-2
8.326	-9.190E-4	3.412E-2
8.335	-7.188E-4	3.478E-2
8.343	-4.659E-4	3.535E-2
8.351	-1.930E-4	3.575E-2
8.360	5.603E-5	3.597E-2
8.368	2.835E-4	3.597E-2
8.377	4.687E-4	3.573E-2
8.385	5.601E-4	3.530E-2
8.393	5.267E-4	3.474E-2
8.402	4.293E-4	3.414E-2
8.410	2.140E-4	3.355E-2
8.418	-1.166E-4	3.301E-2
8.427	-4.676E-4	3.263E-2
8.435	-8.559E-4	3.248E-2
8.444	-1.165E-3	3.255E-2
8.452	-1.408E-3	3.279E-2
8.460	-1.530E-3	3.320E-2
8.469	-1.544E-3	3.371E-2
8.477	-1.420E-3	3.426E-2
8.485	-1.170E-3	3.481E-2
8.494	-8.158E-4	3.525E-2
8.502	-3.829E-4	3.553E-2
8.511	7.719E-5	3.563E-2
8.519	5.007E-4	3.559E-2
8.527	8.751E-4	3.532E-2
8.536	1.083E-3	3.495E-2
8.544	1.133E-3	3.452E-2
8.552	9.609E-4	3.406E-2
8.561	6.323E-4	3.366E-2
8.569	1.773E-4	3.329E-2
8.578	-3.789E-4	3.306E-2
8.586	-9.145E-4	3.300E-2
8.594	-1.382E-3	3.306E-2
8.603	-1.738E-3	3.327E-2
8.611	-1.956E-3	3.355E-2
8.619	-1.975E-3	3.390E-2
8.628	-1.786E-3	3.425E-2
8.636	-1.403E-3	3.458E-2
8.645	-9.316E-4	3.483E-2
8.653	-3.547E-4	3.501E-2
8.661	2.566E-4	3.503E-2
8.670	8.065E-4	3.501E-2
8.678	1.206E-3	3.485E-2
8.686	1.425E-3	3.462E-2
8.695	1.416E-3	3.438E-2
8.703	1.183E-3	3.414E-2
8.712	7.407E-4	3.392E-2
8.720	1.442E-4	3.373E-2
8.728	-5.536E-4	3.364E-2
8.737	-1.165E-3	3.364E-2
8.745	-1.725E-3	3.367E-2
8.753	-2.080E-3	3.373E-2
8.762	-2.258E-3	3.387E-2
8.770	-2.235E-3	3.397E-2
8.779	-1.995E-3	3.411E-2
8.787	-1.561E-3	3.420E-2
8.795	-1.006E-3	3.432E-2
8.804	-3.575E-4	3.438E-2
8.812	3.005E-4	3.441E-2
8.820	9.016E-4	3.441E-2
8.829	1.353E-3	3.440E-2
8.837	1.583E-3	3.440E-2
8.846	1.539E-3	3.439E-2
8.854	1.217E-3	3.438E-2
8.862	7.140E-4	3.438E-2
8.871	7.459E-5	3.436E-2
8.879	-6.160E-4	3.432E-2
8.887	-1.267E-3	3.423E-2
8.896	-1.779E-3	3.413E-2
8.904	-2.138E-3	3.401E-2
8.913	-2.283E-3	3.389E-2
8.921	-2.202E-3	3.376E-2
8.929	-1.945E-3	3.366E-2
8.938	-1.492E-3	3.361E-2
8.946	-8.927E-4	3.364E-2
8.954	-2.383E-4	3.368E-2
8.963	4.064E-4	3.378E-2
8.971	9.337E-4	3.394E-2
8.980	1.304E-3	3.416E-2
8.988	1.436E-3	3.439E-2
8.996	1.365E-3	3.462E-2
9.005	1.020E-3	3.482E-2
9.013	5.192E-4	3.496E-2
9.021	-4.623E-5	3.503E-2
9.030	-6.378E-4	3.495E-2
9.038	-1.185E-3	3.481E-2
9.047	-1.600E-3	3.454E-2
9.055	-1.877E-3	3.419E-2
9.063	-2.004E-3	3.385E-2
9.072	-1.906E-3	3.352E-2
9.080	-1.638E-3	3.324E-2
9.089	-1.188E-3	3.306E-2
9.097	-7.307E-4	3.304E-2
9.105	-1.754E-4	3.310E-2
9.114	3.209E-4	3.333E-2
9.122	7.202E-4	3.368E-2
9.130	9.676E-4	3.412E-2
9.139	1.075E-3	3.457E-2
9.147	9.726E-4	3.500E-2
9.156	7.194E-4	3.533E-2
9.164	3.219E-4	3.550E-2
9.172	-1.350E-4	3.552E-2
9.181	-5.989E-4	3.538E-2
9.189	-1.004E-3	3.504E-2
9.197	-1.332E-3	3.459E-2
9.206	-1.536E-3	3.408E-2
9.214	-1.574E-3	3.355E-2
9.223	-1.517E-3	3.306E-2
9.231	-1.333E-3	3.272E-2
9.239	-1.060E-3	3.255E-2
9.248	-6.916E-4	3.256E-2
9.256	-3.298E-4	3.277E-2
9.264	3.444E-6	3.318E-2
9.273	2.706E-4	3.369E-2
9.281	4.609E-4	3.425E-2
9.290	5.148E-4	3.486E-2
9.298	4.897E-4	3.537E-2
9.306	3.752E-4	3.572E-2
9.315	1.787E-4	3.590E-2
9.323	-3.906E-5	3.586E-2
9.331	-3.006E-4	3.562E-2
9.340	-5.815E-4	3.520E-2
9.348	-8.111E-4	3.463E-2
9.357	-9.392E-4	3.398E-2
9.365	-1.031E-3	3.334E-2
9.373	-1.064E-3	3.280E-2
9.382	-1.040E-3	3.243E-2
9.390	-9.196E-4	3.230E-2
9.398	-8.164E-4	3.238E-2
9.407	-6.539E-4	3.271E-2
9.415	-4.633E-4	3.322E-2
9.424	-2.669E-4	3.382E-2
9.432	-1.419E-4	3.451E-2
9.440	1.810E-6	3.511E-2
9.449	7.252E-5	3.560E-2
9.457	1.232E-4	3.593E-2
9.465	1.026E-4	3.600E-2
9.474	8.945E-5	3.589E-2
9.482	3.426E-5	3.552E-2
9.491	-2.585E-5	3.501E-2
9.499	-1.789E-4	3.440E-2
9.507	-3.350E-4	3.372E-2
9.516	-4.941E-4	3.311E-2
9.524	-6.630E-4	3.262E-2
9.532	-8.320E-4	3.234E-2
9.541	-9.247E-4	3.230E-2
9.549	-1.037E-3	3.249E-2
9.558	-1.076E-3	3.287E-2
9.566	-1.075E-3	3.339E-2
9.574	-8.986E-4	3.403E-2
9.583	-7.313E-4	3.466E-2
9.591	-4.869E-4	3.520E-2
9.599	-2.069E-4	3.561E-2
9.608	4.759E-5	3.587E-2
9.616	2.738E-4	3.590E-2
9.625	4.770E-4	3.573E-2
9.633	5.599E-4	3.531E-2
9.641	5.468E-4	3.480E-2
9.650	4.601E-4	3.422E-2
9.658	2.520E-4	3.364E-2
9.666	-3.751E-5	3.314E-2
9.675	-3.978E-4	3.281E-2
9.683	-7.892E-4	3.263E-2
9.692	-1.107E-3	3.262E-2
9.700	-1.353E-3	3.283E-2
9.708	-1.520E-3	3.320E-2
9.717	-1.547E-3	3.368E-2
9.725	-1.429E-3	3.419E-2
9.733	-1.197E-3	3.467E-2
9.742	-8.810E-4	3.507E-2
9.750	-4.522E-4	3.534E-2
9.759	1.026E-5	3.547E-2
9.767	4.523E-4	3.544E-2
9.775	7.771E-4	3.526E-2
9.784	9.770E-4	3.490E-2
9.792	1.010E-3	3.448E-2
9.801	8.979E-4	3.408E-2
9.809	5.660E-4	3.368E-2
9.817	1.134E-4	3.334E-2
9.826	-4.153E-4	3.311E-2
9.834	-9.220E-4	3.302E-2
9.842	-1.388E-3	3.307E-2
9.851	-1.758E-3	3.324E-2
9.859	-1.967E-3	3.350E-2
9.868	-1.996E-3	3.385E-2
9.876	-1.804E-3	3.417E-2
9.884	-1.503E-3	3.448E-2
9.893	-1.055E-3	3.475E-2
9.901	-4.814E-4	3.489E-2
9.909	9.711E-5	3.493E-2
9.918	6.538E-4	3.485E-2
9.926	1.088E-3	3.475E-2
9.935	1.358E-3	3.457E-2
9.943	1.382E-3	3.436E-2
9.951	1.171E-3	3.413E-2
9.960	7.577E-4	3.393E-2
9.968	2.092E-4	3.378E-2
9.976	-4.175E-4	3.367E-2
9.985	-1.045E-3	3.367E-2
9.993	-1.567E-3	3.367E-2
10.002	-1.964E-3	3.372E-2
10.010	-2.169E-3	3.382E-2
10.018	-2.183E-3	3.393E-2
10.027	-1.982E-3	3.405E-2
10.035	-1.568E-3	3.416E-2
10.043	-1.045E-3	3.422E-2
10.052	-4.169E-4	3.427E-2
10.060	2.311E-4	3.435E-2
10.069	7.916E-4	3.438E-2
10.077	1.194E-3	3.439E-2
10.085	1.407E-3	3.439E-2
10.094	1.396E-3	3.439E-2
10.102	1.129E-3	3.439E-2
10.110	6.824E-4	3.439E-2
10.119	7.391E-5	3.438E-2
10.127	-5.749E-4	3.435E-2
10.136	-1.169E-3	3.428E-2
10.144	-1.671E-3	3.418E-2
10.152	-2.026E-3	3.408E-2
10.161	-2.187E-3	3.395E-2
10.169	-2.161E-3	3.383E-2
10.177	-1.911E-3	3.372E-2
10.186	-1.509E-3	3.367E-2
10.194	-9.508E-4	3.367E-2
10.203	-3.448E-4	3.369E-2
10.211	2.523E-4	3.378E-2
10.219	7.516E-4	3.394E-2
10.228	1.119E-3	3.416E-2
10.236	1.310E-3	3.439E-2
10.244	1.243E-3	3.463E-2
10.253	9.305E-4	3.482E-2
10.261	4.877E-4	3.495E-2
10.270	-2.150E-5	3.504E-2
10.278	-6.021E-4	3.498E-2
10.286	-1.119E-3	3.482E-2
10.295	-1.538E-3	3.457E-2
10.303	-1.793E-3	3.422E-2
10.311	-1.912E-3	3.389E-2
10.320	-1.827E-3	3.355E-2
10.328	-1.590E-3	3.326E-2
10.337	-1.187E-3	3.307E-2
10.345	-7.847E-4	3.302E-2
10.353	-2.709E-4	3.310E-2
10.362	2.223E-4	3.331E-2
10.370	6.332E-4	3.364E-2
10.378	9.054E-4	3.406E-2
10.387	9.850E-4	3.453E-2
10.395	9.249E-4	3.496E-2
10.404	7.027E-4	3.531E-2
10.412	3.618E-4	3.549E-2
10.420	-6.795E-5	3.553E-2
10.429	-5.053E-4	3.540E-2
10.437	-8.763E-4	3.511E-2
10.445	-1.177E-3	3.467E-2
10.454	-1.363E-3	3.416E-2
10.462	-1.414E-3	3.365E-2
10.471	-1.387E-3	3.320E-2
10.479	-1.222E-3	3.284E-2
10.487	-9.820E-4	3.262E-2
10.496	-6.855E-4	3.260E-2
10.504	-3.735E-4	3.278E-2
10.513	-3.456E-5	3.316E-2
10.521	2.349E-4	3.366E-2
10.529	4.260E-4	3.421E-2
10.538	5.045E-4	3.476E-2
10.546	4.911E-4	3.528E-2
10.554	4.037E-4	3.564E-2
10.563	2.356E-4	3.582E-2
10.571	2.860E-5	3.576E-2
10.580	-1.937E-4	3.553E-2
10.588	-4.267E-4	3.512E-2
10.596	-6.359E-4	3.458E-2
10.605	-8.039E-4	3.396E-2
10.613	-8.782E-4	3.336E-2
10.621	-9.093E-4	3.286E-2
10.630	-8.831E-4	3.253E-2
10.638	-8.341E-4	3.236E-2
10.647	-7.153E-4	3.242E-2
10.655	-5.965E-4	3.270E-2
10.663	-4.273E-4	3.319E-2
10.672	-2.735E-4	3.377E-2
10.680	-1.299E-4	3.439E-2
10.688	3.813E-6	3.497E-2
10.697	8.247E-5	3.549E-2
10.705	9.787E-5	3.578E-2
10.714	1.123E-4	3.590E-2
10.722	1.283E-4	3.578E-2
10.730	6.537E-5	3.547E-2
10.739	1.233E-5	3.500E-2
10.747	-1.112E-4	3.442E-2
10.755	-2.466E-4	3.377E-2
10.764	-4.257E-4	3.319E-2
10.772	-6.046E-4	3.275E-2
10.781	-7.780E-4	3.249E-2
10.789	-8.987E-4	3.243E-2
10.797	-1.018E-3	3.255E-2
10.806	-1.083E-3	3.290E-2
10.814	-1.080E-3	3.343E-2
10.822	-9.306E-4	3.401E-2
10.831	-7.939E-4	3.458E-2
10.839	-5.914E-4	3.509E-2
10.848	-3.482E-4	3.549E-2
10.856	-6.369E-5	3.573E-2
10.864	1.479E-4	3.573E-2
10.873	3.115E-4	3.555E-2
10.881	4.356E-4	3.523E-2
10.889	4.651E-4	3.477E-2
10.898	4.165E-4	3.423E-2
10.906	2.192E-4	3.368E-2
10.915	-3.818E-5	3.321E-2
10.923	-3.952E-4	3.286E-2
10.931	-7.318E-4	3.269E-2
10.940	-1.064E-3	3.273E-2
10.948	-1.328E-3	3.290E-2
10.956	-1.489E-3	3.327E-2
10.965	-1.507E-3	3.371E-2
10.973	-1.473E-3	3.417E-2
10.982	-1.253E-3	3.463E-2
10.990	-9.117E-4	3.503E-2
10.998	-4.879E-4	3.530E-2
11.007	-3.115E-5	3.542E-2
11.015	3.984E-4	3.543E-2
11.023	7.370E-4	3.524E-2
11.032	9.535E-4	3.495E-2
11.040	1.001E-3	3.459E-2
11.049	9.015E-4	3.417E-2
11.057	6.144E-4	3.377E-2
11.065	1.753E-4	3.347E-2
11.074	-3.221E-4	3.325E-2
11.082	-8.486E-4	3.320E-2
11.090	-1.308E-3	3.324E-2
11.099	-1.663E-3	3.338E-2
11.107	-1.859E-3	3.365E-2
11.116	-1.920E-3	3.394E-2
11.124	-1.786E-3	3.422E-2
11.132	-1.500E-3	3.450E-2
11.141	-1.075E-3	3.474E-2
11.149	-5.663E-4	3.488E-2
11.157	3.358E-6	3.492E-2
11.166	5.180E-4	3.487E-2
11.174	9.404E-4	3.477E-2
11.183	1.183E-3	3.460E-2
11.191	1.233E-3	3.439E-2
11.199	1.059E-3	3.418E-2
11.208	6.709E-4	3.399E-2
11.216	1.710E-4	3.387E-2
11.225	-4.206E-4	3.376E-2
11.233	-1.009E-3	3.371E-2
11.241	-1.531E-3	3.371E-2
11.250	-1.915E-3	3.375E-2
11.258	-2.138E-3	3.383E-2
11.266	-2.165E-3	3.392E-2
11.275	-1.998E-3	3.401E-2
11.283	-1.597E-3	3.411E-2
11.292	-1.105E-3	3.416E-2
11.300	-5.052E-4	3.420E-2
11.308	1.125E-4	3.424E-2
11.317	6.587E-4	3.426E-2
11.325	1.098E-3	3.431E-2
11.333	1.345E-3	3.434E-2
11.342	1.356E-3	3.438E-2
11.350	1.126E-3	3.439E-2
11.359	7.065E-4	3.439E-2
11.367	1.583E-4	3.438E-2
11.375	-4.761E-4	3.438E-2
11.384	-1.052E-3	3.429E-2
11.392	-1.546E-3	3.419E-2
11.400	-1.870E-3	3.409E-2
11.409	-2.044E-3	3.395E-2
11.417	-2.016E-3	3.383E-2
11.426	-1.790E-3	3.372E-2
11.434	-1.402E-3	3.365E-2
11.442	-8.841E-4	3.365E-2
11.451	-3.409E-4	3.369E-2
11.459	2.266E-4	3.377E-2
11.467	7.211E-4	3.393E-2
11.476	1.070E-3	3.414E-2
11.484	1.196E-3	3.437E-2
11.493	1.161E-3	3.461E-2
11.501	9.190E-4	3.482E-2
11.509	5.021E-4	3.494E-2
11.518	1.715E-5	3.504E-2
11.526	-5.289E-4	3.499E-2
11.534	-1.051E-3	3.484E-2
11.543	-1.437E-3	3.460E-2
11.551	-1.745E-3	3.428E-2
11.560	-1.821E-3	3.396E-2
11.568	-1.794E-3	3.363E-2
11.576	-1.563E-3	3.335E-2
11.585	-1.231E-3	3.321E-2
11.593	-8.178E-4	3.315E-2
11.601	-3.665E-4	3.324E-2
11.610	8.448E-5	3.344E-2
11.618	4.666E-4	3.375E-2
11.627	7.112E-4	3.414E-2
11.635	8.557E-4	3.457E-2
11.643	8.508E-4	3.497E-2
11.652	6.480E-4	3.531E-2
11.660	3.268E-4	3.549E-2
11.668	-4.002E-5	3.554E-2
11.677	-4.272E-4	3.542E-2
11.685	-8.107E-4	3.514E-2
11.694	-1.094E-3	3.471E-2
11.702	-1.304E-3	3.427E-2
11.710	-1.353E-3	3.378E-2
11.719	-1.323E-3	3.330E-2
11.727	-1.172E-3	3.296E-2
11.735	-9.378E-4	3.277E-2
11.744	-6.472E-4	3.277E-2
11.752	-3.637E-4	3.289E-2
11.761	-6.757E-5	3.322E-2
11.769	1.357E-4	3.368E-2
11.777	2.940E-4	3.418E-2
11.786	4.034E-4	3.473E-2
11.794	4.244E-4	3.522E-2
11.802	3.588E-4	3.559E-2
11.811	1.783E-4	3.575E-2
11.819	2.241E-5	3.574E-2
11.828	-1.894E-4	3.553E-2
11.836	-4.177E-4	3.513E-2
11.844	-6.119E-4	3.461E-2
11.853	-7.466E-4	3.403E-2
11.861	-8.675E-4	3.348E-2
11.870	-8.888E-4	3.299E-2
11.878	-8.811E-4	3.264E-2
11.886	-8.437E-4	3.248E-2
11.895	-7.552E-4	3.254E-2
11.903	-6.541E-4	3.280E-2
11.911	-5.085E-4	3.324E-2
11.920	-3.809E-4	3.377E-2
11.928	-2.083E-4	3.435E-2
11.937	-1.194E-4	3.491E-2
11.945	6.699E-6	3.536E-2
11.953	6.094E-5	3.569E-2
11.962	9.429E-5	3.579E-2
11.970	9.180E-5	3.571E-2
11.978	6.355E-5	3.543E-2
11.987	1.631E-5	3.499E-2
11.995	-9.612E-5	3.443E-2
12.004	-2.249E-4	3.384E-2
12.012	-4.080E-4	3.329E-2
12.020	-5.852E-4	3.284E-2
12.029	-7.393E-4	3.257E-2
12.037	-9.051E-4	3.250E-2
12.045	-1.005E-3	3.262E-2
12.054	-1.051E-3	3.296E-2
12.062	-1.068E-3	3.342E-2
12.071	-1.002E-3	3.396E-2
12.079	-8.767E-4	3.450E-2
12.087	-6.555E-4	3.502E-2
12.096	-4.204E-4	3.542E-2
12.104	-1.542E-4	3.567E-2
12.112	7.477E-5	3.573E-2
12.121	2.826E-4	3.555E-2
12.129	4.285E-4	3.523E-2
12.138	4.513E-4	3.481E-2
12.146	4.268E-4	3.431E-2
12.154	2.461E-4	3.379E-2
12.163	-2.202E-6	3.331E-2
12.171	-3.571E-4	3.298E-2
12.179	-6.862E-4	3.282E-2
12.188	-1.022E-3	3.281E-2
12.196	-1.304E-3	3.299E-2
12.205	-1.477E-3	3.327E-2
12.213	-1.507E-3	3.368E-2
12.221	-1.457E-3	3.414E-2
12.230	-1.264E-3	3.458E-2
12.238	-9.449E-4	3.493E-2
12.246	-5.665E-4	3.517E-2
12.255	-1.553E-4	3.532E-2
12.263	2.538E-4	3.530E-2
12.272	6.278E-4	3.512E-2
12.280	8.669E-4	3.484E-2
12.288	9.369E-4	3.450E-2
12.297	8.698E-4	3.415E-2
12.305	6.127E-4	3.379E-2
12.313	2.055E-4	3.348E-2
12.322	-2.577E-4	3.326E-2
12.330	-7.493E-4	3.320E-2
12.339	-1.221E-3	3.324E-2
12.347	-1.581E-3	3.336E-2
12.355	-1.787E-3	3.363E-2
12.364	-1.798E-3	3.391E-2
12.372	-1.740E-3	3.417E-2
12.380	-1.469E-3	3.442E-2
12.389	-1.083E-3	3.462E-2
12.397	-5.917E-4	3.478E-2
12.406	-4.363E-5	3.484E-2
12.414	4.741E-4	3.483E-2
12.422	9.069E-4	3.470E-2
12.431	1.156E-3	3.455E-2
12.439	1.203E-3	3.438E-2
12.447	1.062E-3	3.419E-2
12.456	6.946E-4	3.401E-2
12.464	2.271E-4	3.389E-2
12.473	-3.543E-4	3.380E-2
12.481	-9.005E-4	3.373E-2
12.489	-1.378E-3	3.371E-2
12.498	-1.761E-3	3.374E-2
12.506	-1.985E-3	3.378E-2
12.514	-2.003E-3	3.385E-2
12.523	-1.814E-3	3.393E-2
12.531	-1.508E-3	3.402E-2
12.540	-1.049E-3	3.406E-2
12.548	-4.867E-4	3.410E-2
12.556	9.063E-5	3.417E-2
12.565	6.208E-4	3.420E-2
12.573	9.797E-4	3.420E-2
12.582	1.202E-3	3.426E-2
12.590	1.200E-3	3.434E-2
12.598	9.883E-4	3.436E-2
12.607	6.275E-4	3.438E-2
12.615	9.973E-5	3.438E-2
12.623	-4.605E-4	3.437E-2
12.632	-1.028E-3	3.430E-2
12.640	-1.502E-3	3.419E-2
12.649	-1.815E-3	3.409E-2
12.657	-1.995E-3	3.395E-2
12.665	-1.991E-3	3.384E-2
12.674	-1.777E-3	3.371E-2
12.682	-1.417E-3	3.361E-2
12.690	-9.587E-4	3.361E-2
12.699	-4.164E-4	3.367E-2
12.707	1.018E-4	3.373E-2
12.716	5.648E-4	3.391E-2
12.724	9.087E-4	3.412E-2
12.732	1.099E-3	3.437E-2
12.741	1.093E-3	3.460E-2
12.749	8.855E-4	3.481E-2
12.757	5.083E-4	3.493E-2
12.766	4.363E-5	3.503E-2
12.774	-4.462E-4	3.503E-2
12.783	-9.010E-4	3.486E-2
12.791	-1.304E-3	3.462E-2
12.799	-1.559E-3	3.432E-2
12.808	-1.703E-3	3.398E-2
12.816	-1.680E-3	3.367E-2
12.824	-1.510E-3	3.339E-2
12.833	-1.180E-3	3.323E-2
12.841	-7.976E-4	3.317E-2
12.850	-3.785E-4	3.324E-2
12.858	4.838E-5	3.342E-2
12.866	4.305E-4	3.372E-2
12.875	6.869E-4	3.412E-2
12.883	7.688E-4	3.452E-2
12.891	7.489E-4	3.491E-2
12.900	5.421E-4	3.521E-2
12.908	2.657E-4	3.543E-2
12.917	-4.893E-5	3.551E-2
12.925	-4.223E-4	3.539E-2
12.933	-7.562E-4	3.516E-2
12.942	-1.063E-3	3.480E-2
12.950	-1.248E-3	3.434E-2
12.958	-1.342E-3	3.387E-2
12.967	-1.330E-3	3.344E-2
12.975	-1.164E-3	3.309E-2
12.984	-9.427E-4	3.285E-2
12.992	-6.857E-4	3.283E-2
13.000	-4.094E-4	3.293E-2
13.009	-1.503E-4	3.325E-2
13.017	7.141E-5	3.368E-2
13.025	2.472E-4	3.417E-2
13.034	3.171E-4	3.468E-2
13.042	3.077E-4	3.513E-2
13.051	2.588E-4	3.548E-2
13.059	1.370E-4	3.569E-2
13.067	-2.688E-5	3.570E-2
13.076	-2.124E-4	3.552E-2
13.084	-4.195E-4	3.514E-2
13.092	-5.985E-4	3.464E-2
13.101	-7.054E-4	3.410E-2
13.109	-8.219E-4	3.356E-2
13.118	-8.716E-4	3.306E-2
13.126	-8.683E-4	3.273E-2
13.134	-8.429E-4	3.257E-2
13.143	-7.990E-4	3.257E-2
13.151	-6.760E-4	3.283E-2
13.159	-5.581E-4	3.323E-2
13.168	-4.341E-4	3.373E-2
13.176	-2.822E-4	3.428E-2
13.185	-1.719E-4	3.485E-2
13.193	-3.290E-5	3.530E-2
13.201	3.852E-5	3.559E-2
13.210	8.493E-5	3.571E-2
13.218	8.761E-5	3.567E-2
13.226	6.820E-5	3.540E-2
13.235	2.514E-5	3.502E-2
13.243	-3.614E-5	3.450E-2
13.252	-1.750E-4	3.394E-2
13.260	-3.522E-4	3.341E-2
13.268	-4.997E-4	3.301E-2
13.277	-6.589E-4	3.274E-2
13.285	-8.303E-4	3.263E-2
13.294	-9.130E-4	3.275E-2
13.302	-9.378E-4	3.304E-2
13.310	-9.347E-4	3.347E-2
13.319	-8.724E-4	3.396E-2
13.327	-7.605E-4	3.445E-2
13.335	-5.991E-4	3.492E-2
13.344	-3.761E-4	3.529E-2
13.352	-1.228E-4	3.552E-2
13.361	9.877E-5	3.555E-2
13.369	3.007E-4	3.543E-2
13.377	4.504E-4	3.514E-2
13.386	4.842E-4	3.474E-2
13.394	4.500E-4	3.427E-2
13.402	2.672E-4	3.378E-2
13.411	2.464E-5	3.335E-2
13.419	-2.733E-4	3.305E-2
13.428	-6.225E-4	3.287E-2
13.436	-9.284E-4	3.283E-2
13.444	-1.182E-3	3.298E-2
13.453	-1.335E-3	3.326E-2
13.461	-1.366E-3	3.365E-2
13.469	-1.320E-3	3.407E-2
13.478	-1.130E-3	3.448E-2
13.486	-8.444E-4	3.485E-2
13.495	-4.774E-4	3.509E-2
13.503	-4.762E-5	3.522E-2
13.511	3.447E-4	3.523E-2
13.520	6.686E-4	3.508E-2
13.528	9.061E-4	3.484E-2
13.536	9.675E-4	3.454E-2
13.545	9.028E-4	3.419E-2
13.553	6.706E-4	3.387E-2
13.562	2.957E-4	3.358E-2
13.570	-1.562E-4	3.344E-2
13.578	-6.289E-4	3.332E-2
13.587	-1.071E-3	3.332E-2
13.595	-1.439E-3	3.344E-2
13.603	-1.689E-3	3.365E-2
13.612	-1.747E-3	3.391E-2
13.620	-1.689E-3	3.416E-2
13.629	-1.446E-3	3.439E-2
13.637	-1.086E-3	3.459E-2
13.645	-6.272E-4	3.470E-2
13.654	-1.113E-4	3.477E-2
13.662	3.972E-4	3.479E-2
13.670	7.941E-4	3.467E-2
13.679	1.028E-3	3.456E-2
13.687	1.113E-3	3.438E-2
13.696	9.680E-4	3.420E-2
13.704	6.807E-4	3.408E-2
13.712	2.280E-4	3.396E-2
13.721	-3.025E-4	3.389E-2
13.729	-8.633E-4	3.386E-2
13.737	-1.338E-3	3.388E-2
13.746	-1.709E-3	3.390E-2
13.754	-1.928E-3	3.394E-2
13.763	-1.953E-3	3.396E-2
13.771	-1.826E-3	3.401E-2
13.779	-1.522E-3	3.409E-2
13.788	-1.086E-3	3.415E-2
13.796	-5.830E-4	3.417E-2
13.804	-1.281E-5	3.420E-2
13.813	4.888E-4	3.419E-2
13.821	9.067E-4	3.425E-2
13.830	1.140E-3	3.430E-2
13.838	1.160E-3	3.436E-2
13.846	9.765E-4	3.439E-2
13.855	6.520E-4	3.440E-2
13.863	1.758E-4	3.439E-2
13.871	-3.775E-4	3.439E-2
13.880	-8.903E-4	3.433E-2
13.888	-1.334E-3	3.421E-2
13.897	-1.675E-3	3.411E-2
13.905	-1.829E-3	3.396E-2
13.913	-1.815E-3	3.384E-2
13.922	-1.675E-3	3.371E-2
13.930	-1.350E-3	3.363E-2
13.938	-9.002E-4	3.360E-2
13.947	-4.150E-4	3.364E-2
13.955	8.270E-5	3.373E-2
13.964	5.213E-4	3.391E-2
13.972	8.702E-4	3.411E-2
13.980	1.036E-3	3.434E-2
13.989	9.865E-4	3.458E-2
13.997	7.934E-4	3.480E-2
14.006	4.634E-4	3.492E-2
14.014	3.297E-5	3.498E-2
14.022	-4.302E-4	3.500E-2
14.031	-8.790E-4	3.484E-2
14.039	-1.266E-3	3.462E-2
14.047	-1.527E-3	3.434E-2
14.056	-1.621E-3	3.400E-2
14.064	-1.582E-3	3.369E-2
14.073	-1.415E-3	3.342E-2
14.081	-1.147E-3	3.325E-2
14.089	-8.003E-4	3.319E-2
14.098	-4.048E-4	3.325E-2
14.106	1.311E-5	3.342E-2
14.114	3.422E-4	3.370E-2
14.123	5.593E-4	3.407E-2
14.131	6.780E-4	3.447E-2
14.140	6.833E-4	3.484E-2
14.148	5.032E-4	3.512E-2
14.156	2.648E-4	3.532E-2
14.165	-2.894E-5	3.536E-2
14.173	-3.853E-4	3.526E-2
14.181	-6.887E-4	3.504E-2
14.190	-9.325E-4	3.468E-2
14.198	-1.100E-3	3.423E-2
14.207	-1.194E-3	3.376E-2
14.215	-1.218E-3	3.332E-2
14.223	-1.125E-3	3.298E-2
14.232	-9.275E-4	3.277E-2
14.240	-6.864E-4	3.275E-2
14.248	-4.232E-4	3.286E-2
14.257	-1.787E-4	3.315E-2
14.265	4.263E-5	3.357E-2
14.274	2.120E-4	3.410E-2
14.282	2.903E-4	3.460E-2
14.290	2.851E-4	3.505E-2
14.299	2.634E-4	3.539E-2
14.307	1.371E-4	3.558E-2
14.315	-3.391E-6	3.557E-2
14.324	-1.797E-4	3.541E-2
14.332	-3.863E-4	3.508E-2
14.341	-5.392E-4	3.462E-2
14.349	-6.689E-4	3.410E-2
14.357	-7.835E-4	3.361E-2
14.366	-8.465E-4	3.317E-2
14.374	-8.601E-4	3.283E-2
14.382	-8.521E-4	3.265E-2
14.391	-8.230E-4	3.263E-2
14.399	-6.898E-4	3.284E-2
14.408	-5.933E-4	3.322E-2
14.416	-4.634E-4	3.369E-2
14.424	-3.600E-4	3.422E-2
14.433	-2.215E-4	3.473E-2
14.441	-1.251E-4	3.520E-2
14.449	-1.158E-5	3.551E-2
14.458	3.886E-5	3.566E-2
14.466	6.828E-5	3.560E-2
14.475	5.677E-5	3.534E-2
14.483	2.475E-5	3.493E-2
14.491	-1.331E-5	3.446E-2
14.500	-1.671E-4	3.393E-2
14.508	-3.170E-4	3.343E-2
14.516	-4.829E-4	3.303E-2
14.525	-6.502E-4	3.276E-2
14.533	-8.173E-4	3.266E-2
14.542	-9.060E-4	3.276E-2
14.550	-9.588E-4	3.302E-2
14.558	-9.576E-4	3.342E-2
14.567	-8.819E-4	3.390E-2
14.575	-7.822E-4	3.439E-2
14.583	-6.235E-4	3.484E-2
14.592	-4.005E-4	3.522E-2
14.600	-1.440E-4	3.546E-2
14.609	7.688E-5	3.551E-2
14.617	2.819E-4	3.539E-2
14.625	4.428E-4	3.514E-2
14.634	4.834E-4	3.477E-2
14.642	4.591E-4	3.432E-2
14.650	2.826E-4	3.387E-2
14.659	4.440E-5	3.348E-2
14.667	-2.291E-4	3.319E-2
14.676	-5.909E-4	3.302E-2
14.684	-8.947E-4	3.301E-2
14.692	-1.138E-3	3.310E-2
14.701	-1.316E-3	3.336E-2
14.709	-1.366E-3	3.372E-2
14.718	-1.316E-3	3.410E-2
14.726	-1.130E-3	3.447E-2
14.734	-8.636E-4	3.480E-2
14.743	-5.225E-4	3.504E-2
14.751	-1.591E-4	3.515E-2
14.759	2.356E-4	3.512E-2
14.768	5.430E-4	3.502E-2
14.776	7.576E-4	3.480E-2
14.785	8.685E-4	3.452E-2
14.793	7.892E-4	3.419E-2
14.801	5.464E-4	3.390E-2
14.810	2.159E-4	3.364E-2
14.818	-1.968E-4	3.347E-2
14.826	-6.511E-4	3.338E-2
14.835	-1.089E-3	3.342E-2
14.843	-1.418E-3	3.352E-2
14.852	-1.663E-3	3.370E-2
14.860	-1.766E-3	3.392E-2
14.868	-1.684E-3	3.415E-2
14.877	-1.464E-3	3.437E-2
14.885	-1.107E-3	3.456E-2
14.893	-6.623E-4	3.467E-2
14.902	-1.675E-4	3.471E-2
14.910	2.967E-4	3.475E-2
14.919	6.895E-4	3.468E-2
14.927	9.358E-4	3.457E-2
14.935	9.912E-4	3.442E-2
14.944	9.049E-4	3.424E-2
14.952	6.580E-4	3.412E-2
14.960	2.291E-4	3.398E-2
14.969	-2.523E-4	3.391E-2
14.977	-7.703E-4	3.389E-2
14.986	-1.261E-3	3.390E-2
14.994	-1.606E-3	3.391E-2
15.002	-1.797E-3	3.393E-2
15.011	-1.799E-3	3.396E-2
15.019	-1.704E-3	3.400E-2
15.027	-1.454E-3	3.406E-2
15.036	-1.073E-3	3.414E-2
15.044	-5.886E-4	3.417E-2
15.053	-4.916E-5	3.418E-2
15.061	4.554E-4	3.419E-2
15.069	8.462E-4	3.424E-2
15.078	1.031E-3	3.430E-2
15.086	1.080E-3	3.436E-2
15.094	9.286E-4	3.440E-2
15.103	6.170E-4	3.440E-2
15.111	1.221E-4	3.440E-2
15.120	-4.028E-4	3.439E-2
15.128	-8.895E-4	3.435E-2
15.136	-1.318E-3	3.425E-2
15.145	-1.613E-3	3.412E-2
15.153	-1.781E-3	3.397E-2
15.161	-1.779E-3	3.384E-2
15.170	-1.623E-3	3.371E-2
15.178	-1.320E-3	3.362E-2
15.187	-9.028E-4	3.359E-2
15.195	-4.341E-4	3.364E-2
15.203	4.623E-5	3.372E-2
15.212	4.780E-4	3.388E-2
15.220	7.800E-4	3.408E-2
15.228	9.444E-4	3.432E-2
15.237	9.427E-4	3.456E-2
15.245	7.587E-4	3.478E-2
15.254	4.666E-4	3.492E-2
15.262	5.062E-5	3.498E-2
15.270	-4.045E-4	3.500E-2
15.279	-8.333E-4	3.486E-2
15.287	-1.163E-3	3.463E-2
15.295	-1.399E-3	3.436E-2
15.304	-1.525E-3	3.404E-2
15.312	-1.523E-3	3.374E-2
15.321	-1.352E-3	3.348E-2
15.329	-1.095E-3	3.328E-2
15.337	-7.755E-4	3.322E-2
15.346	-4.076E-4	3.323E-2
15.354	-1.673E-5	3.343E-2
15.363	2.950E-4	3.370E-2
15.371	5.103E-4	3.405E-2
15.379	6.603E-4	3.444E-2
15.388	6.656E-4	3.481E-2
15.396	5.059E-4	3.509E-2
15.404	2.759E-4	3.530E-2
15.413	9.075E-6	3.534E-2
15.421	-3.321E-4	3.527E-2
15.430	-6.358E-4	3.505E-2
15.438	-8.719E-4	3.470E-2
15.446	-1.067E-3	3.429E-2
15.455	-1.142E-3	3.387E-2
15.463	-1.130E-3	3.346E-2
15.471	-1.064E-3	3.311E-2
15.480	-8.814E-4	3.288E-2
15.488	-6.674E-4	3.281E-2
15.497	-4.312E-4	3.293E-2
15.505	-1.922E-4	3.322E-2
15.513	1.996E-5	3.361E-2
15.522	1.603E-4	3.408E-2
15.530	2.408E-4	3.458E-2
15.538	2.570E-4	3.502E-2
15.547	2.430E-4	3.534E-2
15.555	1.261E-4	3.551E-2
15.564	1.136E-5	3.554E-2
15.572	-1.580E-4	3.537E-2
15.580	-3.407E-4	3.505E-2
15.589	-4.711E-4	3.463E-2
15.597	-6.198E-4	3.413E-2
15.605	-6.822E-4	3.366E-2
15.614	-7.584E-4	3.321E-2
15.622	-8.149E-4	3.286E-2
15.631	-8.269E-4	3.271E-2
15.639	-7.724E-4	3.274E-2
15.647	-6.939E-4	3.296E-2
15.656	-6.059E-4	3.327E-2
15.664	-4.808E-4	3.372E-2
15.672	-3.875E-4	3.421E-2
15.681	-2.368E-4	3.470E-2
15.689	-1.511E-4	3.510E-2
15.698	-2.515E-5	3.541E-2
15.706	3.856E-5	3.554E-2
15.714	6.886E-5	3.550E-2
15.723	6.418E-5	3.530E-2
15.731	5.533E-5	3.492E-2
15.739	-6.284E-7	3.443E-2
15.748	-1.526E-4	3.393E-2
15.756	-2.651E-4	3.347E-2
15.765	-4.289E-4	3.306E-2
15.773	-6.106E-4	3.280E-2
15.781	-7.782E-4	3.270E-2
15.790	-8.869E-4	3.280E-2
15.798	-9.441E-4	3.303E-2
15.806	-9.465E-4	3.341E-2
15.815	-8.811E-4	3.387E-2
15.823	-7.975E-4	3.434E-2
15.832	-6.322E-4	3.480E-2
15.840	-4.098E-4	3.513E-2
15.848	-1.661E-4	3.532E-2
15.857	5.958E-5	3.536E-2
15.865	2.650E-4	3.526E-2
15.873	4.274E-4	3.504E-2
15.882	4.833E-4	3.468E-2
15.890	4.787E-4	3.425E-2
15.899	2.994E-4	3.379E-2
15.907	6.183E-5	3.340E-2
15.915	-2.067E-4	3.314E-2
15.924	-5.448E-4	3.300E-2
15.932	-8.689E-4	3.299E-2
15.940	-1.117E-3	3.308E-2
15.949	-1.306E-3	3.330E-2
15.957	-1.357E-3	3.363E-2
15.966	-1.317E-3	3.397E-2
15.974	-1.144E-3	3.433E-2
15.982	-8.758E-4	3.466E-2
15.991	-5.794E-4	3.488E-2
15.999	-1.858E-4	3.501E-2
16.007	1.893E-4	3.502E-2
16.016	5.042E-4	3.492E-2
16.024	7.309E-4	3.470E-2
16.033	8.117E-4	3.440E-2
16.041	7.427E-4	3.411E-2
16.049	5.239E-4	3.384E-2
16.058	2.243E-4	3.362E-2
16.066	-1.820E-4	3.346E-2
16.075	-6.280E-4	3.340E-2
16.083	-1.043E-3	3.342E-2
16.091	-1.360E-3	3.351E-2
16.100	-1.567E-3	3.366E-2
16.108	-1.665E-3	3.388E-2
16.116	-1.584E-3	3.411E-2
16.125	-1.368E-3	3.431E-2
16.133	-1.055E-3	3.449E-2
16.142	-6.290E-4	3.462E-2
16.150	-1.587E-4	3.465E-2
16.158	2.861E-4	3.464E-2
16.167	6.838E-4	3.460E-2
16.175	9.285E-4	3.448E-2
16.183	9.919E-4	3.439E-2
16.192	9.184E-4	3.423E-2
16.200	6.790E-4	3.412E-2
16.209	2.582E-4	3.400E-2
16.217	-1.990E-4	3.393E-2
16.225	-6.934E-4	3.390E-2
16.234	-1.123E-3	3.390E-2
16.242	-1.499E-3	3.391E-2
16.250	-1.727E-3	3.392E-2
16.259	-1.756E-3	3.396E-2
16.267	-1.680E-3	3.397E-2
16.276	-1.410E-3	3.401E-2
16.284	-1.035E-3	3.403E-2
16.292	-5.928E-4	3.412E-2
16.301	-8.999E-5	3.413E-2
16.309	3.625E-4	3.418E-2
16.317	7.097E-4	3.421E-2
16.326	9.403E-4	3.426E-2
16.334	9.627E-4	3.436E-2
16.343	8.715E-4	3.440E-2
16.351	5.557E-4	3.440E-2
16.359	1.243E-4	3.440E-2
16.368	-3.771E-4	3.439E-2
16.376	-8.506E-4	3.436E-2
16.384	-1.274E-3	3.429E-2
16.393	-1.581E-3	3.417E-2
16.401	-1.753E-3	3.402E-2
16.410	-1.761E-3	3.388E-2
16.418	-1.614E-3	3.373E-2
16.426	-1.336E-3	3.364E-2
16.435	-9.239E-4	3.361E-2
16.443		3.365E-2
16.451		3.371E-2
