#multi:
	mass A	mass B	
t	x	x	
0.000	-4.522E-3	4.082E-2
0.008	-4.554E-3	4.083E-2
0.017	-4.555E-3	4.083E-2
0.025	-4.556E-3	4.083E-2
0.034	-4.557E-3	4.083E-2
0.042	-4.556E-3	4.083E-2
0.050	-4.555E-3	4.082E-2
0.059	-4.555E-3	4.082E-2
0.067	-4.554E-3	4.082E-2
0.075	-4.555E-3	4.082E-2
0.084	-4.557E-3	4.082E-2
0.092	-4.556E-3	4.083E-2
0.101	-4.554E-3	4.082E-2
0.109	-4.527E-3	4.082E-2
0.117	-4.502E-3	4.083E-2
0.126	-4.470E-3	4.083E-2
0.134	-4.427E-3	4.084E-2
0.142	-4.324E-3	4.084E-2
0.151	-4.165E-3	4.084E-2
0.159	-3.929E-3	4.085E-2
0.168	-3.609E-3	4.085E-2
0.176	-3.175E-3	4.085E-2
0.184	-2.511E-3	4.086E-2
0.193	-1.636E-3	4.085E-2
0.201	-5.960E-4	4.086E-2
0.209	5.267E-4	4.090E-2
0.218	1.525E-3	4.096E-2
0.226	2.350E-3	4.105E-2
0.235	2.854E-3	4.111E-2
0.243	2.879E-3	4.123E-2
0.251	2.570E-3	4.133E-2
0.260	1.851E-3	4.137E-2
0.268	8.275E-4	4.143E-2
0.276	-2.311E-4	4.147E-2
0.285	-1.306E-3	4.142E-2
0.293	-2.233E-3	4.134E-2
0.302	-2.912E-3	4.116E-2
0.310	-3.331E-3	4.099E-2
0.318	-3.432E-3	4.082E-2
0.327	-3.168E-3	4.062E-2
0.335	-2.650E-3	4.044E-2
0.343	-1.852E-3	4.034E-2
0.352	-8.101E-4	4.034E-2
0.360	1.799E-4	4.037E-2
0.369	1.219E-3	4.053E-2
0.377	2.095E-3	4.074E-2
0.385	2.643E-3	4.104E-2
0.394	2.833E-3	4.132E-2
0.402	2.614E-3	4.160E-2
0.410	2.005E-3	4.182E-2
0.419	1.128E-3	4.199E-2
0.427	1.049E-4	4.204E-2
0.436	-8.943E-4	4.198E-2
0.444	-1.803E-3	4.179E-2
0.452	-2.573E-3	4.152E-2
0.461	-3.058E-3	4.113E-2
0.469	-3.234E-3	4.076E-2
0.477	-3.114E-3	4.039E-2
0.486	-2.693E-3	4.006E-2
0.494	-2.009E-3	3.986E-2
0.503	-1.148E-3	3.977E-2
0.511	-1.318E-4	3.974E-2
0.519	8.455E-4	3.996E-2
0.528	1.678E-3	4.032E-2
0.536	2.302E-3	4.076E-2
0.544	2.564E-3	4.125E-2
0.553	2.512E-3	4.174E-2
0.561	2.030E-3	4.216E-2
0.570	1.270E-3	4.246E-2
0.578	3.859E-4	4.257E-2
0.586	-5.579E-4	4.253E-2
0.595	-1.485E-3	4.227E-2
0.603	-2.192E-3	4.186E-2
0.611	-2.718E-3	4.134E-2
0.620	-2.967E-3	4.077E-2
0.628	-2.916E-3	4.024E-2
0.637	-2.614E-3	3.974E-2
0.645	-2.116E-3	3.940E-2
0.653	-1.386E-3	3.923E-2
0.662	-4.975E-4	3.923E-2
0.670	3.528E-4	3.951E-2
0.678	1.196E-3	3.993E-2
0.687	1.797E-3	4.051E-2
0.695	2.148E-3	4.117E-2
0.704	2.204E-3	4.183E-2
0.712	1.918E-3	4.239E-2
0.720	1.384E-3	4.280E-2
0.729	6.101E-4	4.301E-2
0.737	-2.254E-4	4.294E-2
0.746	-9.813E-4	4.267E-2
0.754	-1.725E-3	4.221E-2
0.762	-2.266E-3	4.157E-2
0.771	-2.540E-3	4.085E-2
0.779	-2.588E-3	4.014E-2
0.787	-2.464E-3	3.951E-2
0.796	-2.049E-3	3.904E-2
0.804	-1.479E-3	3.880E-2
0.813	-7.807E-4	3.878E-2
0.821	-1.440E-5	3.909E-2
0.829	6.698E-4	3.965E-2
0.838	1.265E-3	4.031E-2
0.846	1.689E-3	4.108E-2
0.854	1.823E-3	4.185E-2
0.863	1.705E-3	4.253E-2
0.871	1.330E-3	4.305E-2
0.880	7.699E-4	4.336E-2
0.888	1.331E-4	4.336E-2
0.896	-5.737E-4	4.307E-2
0.905	-1.229E-3	4.255E-2
0.913	-1.747E-3	4.179E-2
0.921	-2.120E-3	4.095E-2
0.930	-2.279E-3	4.014E-2
0.938	-2.218E-3	3.939E-2
0.947	-1.994E-3	3.885E-2
0.955	-1.593E-3	3.857E-2
0.963	-1.026E-3	3.854E-2
0.972	-4.371E-4	3.882E-2
0.980	1.880E-4	3.937E-2
0.988	7.313E-4	4.017E-2
0.997	1.162E-3	4.099E-2
1.005	1.425E-3	4.188E-2
1.014	1.459E-3	4.269E-2
1.022	1.291E-3	4.330E-2
1.030	9.762E-4	4.365E-2
1.039	4.908E-4	4.365E-2
1.047	-1.875E-5	4.337E-2
1.055	-5.796E-4	4.283E-2
1.064	-1.089E-3	4.204E-2
1.072	-1.456E-3	4.111E-2
1.081	-1.708E-3	4.018E-2
1.089	-1.820E-3	3.933E-2
1.097	-1.726E-3	3.872E-2
1.106	-1.512E-3	3.834E-2
1.114	-1.178E-3	3.828E-2
1.122	-7.533E-4	3.856E-2
1.131	-3.117E-4	3.914E-2
1.139	1.354E-4	3.996E-2
1.148	5.538E-4	4.087E-2
1.156	8.474E-4	4.180E-2
1.164	1.018E-3	4.267E-2
1.173	1.041E-3	4.336E-2
1.181	8.659E-4	4.377E-2
1.189	5.910E-4	4.385E-2
1.198	2.529E-4	4.358E-2
1.206	-1.440E-4	4.304E-2
1.215	-5.579E-4	4.223E-2
1.223	-9.312E-4	4.127E-2
1.231	-1.272E-3	4.029E-2
1.240	-1.469E-3	3.939E-2
1.248	-1.544E-3	3.867E-2
1.256	-1.527E-3	3.830E-2
1.265	-1.346E-3	3.819E-2
1.273	-1.090E-3	3.845E-2
1.282	-7.877E-4	3.904E-2
1.290	-4.043E-4	3.986E-2
1.298	-6.512E-5	4.081E-2
1.307	2.719E-4	4.177E-2
1.315	5.696E-4	4.267E-2
1.323	7.423E-4	4.339E-2
1.332	8.290E-4	4.384E-2
1.340	8.103E-4	4.395E-2
1.349	5.927E-4	4.374E-2
1.357	3.490E-4	4.321E-2
1.365	4.341E-5	4.241E-2
1.374	-3.177E-4	4.146E-2
1.382	-6.313E-4	4.043E-2
1.390	-9.301E-4	3.948E-2
1.399	-1.214E-3	3.874E-2
1.407	-1.338E-3	3.830E-2
1.416	-1.390E-3	3.815E-2
1.424	-1.324E-3	3.833E-2
1.432	-1.182E-3	3.886E-2
1.441	-9.650E-4	3.970E-2
1.449	-6.553E-4	4.064E-2
1.458	-3.151E-4	4.161E-2
1.466	3.523E-5	4.250E-2
1.474	3.641E-4	4.323E-2
1.483	6.036E-4	4.371E-2
1.491	7.920E-4	4.383E-2
1.499	8.345E-4	4.364E-2
1.508	7.746E-4	4.313E-2
1.516	5.711E-4	4.239E-2
1.525	2.955E-4	4.149E-2
1.533	-6.315E-5	4.051E-2
1.541	-4.439E-4	3.958E-2
1.550	-8.012E-4	3.884E-2
1.558	-1.142E-3	3.834E-2
1.566	-1.365E-3	3.818E-2
1.575	-1.500E-3	3.835E-2
1.583	-1.543E-3	3.881E-2
1.592	-1.429E-3	3.959E-2
1.600	-1.221E-3	4.053E-2
1.608	-8.907E-4	4.148E-2
1.617	-4.681E-4	4.238E-2
1.625	-8.301E-5	4.308E-2
1.633	3.388E-4	4.360E-2
1.642	7.358E-4	4.379E-2
1.650	1.001E-3	4.365E-2
1.659	1.113E-3	4.317E-2
1.667	1.071E-3	4.246E-2
1.675	8.388E-4	4.161E-2
1.684	5.182E-4	4.067E-2
1.692	8.445E-5	3.975E-2
1.700	-4.094E-4	3.901E-2
1.709	-8.724E-4	3.854E-2
1.717	-1.318E-3	3.836E-2
1.726	-1.658E-3	3.847E-2
1.734	-1.840E-3	3.890E-2
1.742	-1.856E-3	3.960E-2
1.751	-1.755E-3	4.042E-2
1.759	-1.470E-3	4.130E-2
1.767	-1.046E-3	4.215E-2
1.776	-5.457E-4	4.282E-2
1.784	4.041E-5	4.335E-2
1.793	5.718E-4	4.355E-2
1.801	1.040E-3	4.345E-2
1.809	1.345E-3	4.306E-2
1.818	1.461E-3	4.245E-2
1.826	1.387E-3	4.170E-2
1.834	1.048E-3	4.087E-2
1.843	5.585E-4	4.003E-2
1.851	-3.382E-6	3.937E-2
1.860	-6.566E-4	3.892E-2
1.868	-1.258E-3	3.875E-2
1.876	-1.757E-3	3.881E-2
1.885	-2.133E-3	3.914E-2
1.893	-2.287E-3	3.971E-2
1.901	-2.258E-3	4.045E-2
1.910	-1.991E-3	4.121E-2
1.918	-1.563E-3	4.196E-2
1.927	-9.782E-4	4.259E-2
1.935	-3.489E-4	4.302E-2
1.943	3.407E-4	4.327E-2
1.952	9.936E-4	4.326E-2
1.960	1.485E-3	4.294E-2
1.968	1.775E-3	4.241E-2
1.977	1.785E-3	4.176E-2
1.985	1.533E-3	4.103E-2
1.994	1.065E-3	4.034E-2
2.002	3.964E-4	3.974E-2
2.010	-3.423E-4	3.928E-2
2.019	-1.081E-3	3.907E-2
2.027	-1.748E-3	3.910E-2
2.035	-2.247E-3	3.940E-2
2.044	-2.536E-3	3.984E-2
2.052	-2.608E-3	4.043E-2
2.061	-2.445E-3	4.108E-2
2.069	-2.037E-3	4.172E-2
2.077	-1.465E-3	4.224E-2
2.086	-7.344E-4	4.263E-2
2.094	6.052E-5	4.283E-2
2.103	8.275E-4	4.286E-2
2.111	1.500E-3	4.263E-2
2.119	1.941E-3	4.222E-2
2.128	2.123E-3	4.170E-2
2.136	1.987E-3	4.113E-2
2.144	1.529E-3	4.056E-2
2.153	8.629E-4	4.008E-2
2.161	2.607E-5	3.972E-2
2.170	-8.267E-4	3.953E-2
2.178	-1.599E-3	3.949E-2
2.186	-2.234E-3	3.968E-2
2.195	-2.668E-3	3.999E-2
2.203	-2.858E-3	4.043E-2
2.211	-2.816E-3	4.091E-2
2.220	-2.451E-3	4.138E-2
2.228	-1.865E-3	4.178E-2
2.237	-1.121E-3	4.209E-2
2.245	-2.523E-4	4.224E-2
2.253	6.076E-4	4.224E-2
2.262	1.413E-3	4.212E-2
2.270	1.989E-3	4.184E-2
2.278	2.337E-3	4.148E-2
2.287	2.296E-3	4.108E-2
2.295	1.901E-3	4.067E-2
2.304	1.249E-3	4.032E-2
2.312	3.693E-4	4.006E-2
2.320	-5.422E-4	3.993E-2
2.329	-1.468E-3	3.992E-2
2.337	-2.221E-3	4.001E-2
2.345	-2.740E-3	4.023E-2
2.354	-3.006E-3	4.052E-2
2.362	-2.983E-3	4.086E-2
2.371	-2.687E-3	4.116E-2
2.379	-2.147E-3	4.145E-2
2.387	-1.403E-3	4.170E-2
2.396	-5.217E-4	4.180E-2
2.404	3.917E-4	4.181E-2
2.412	1.278E-3	4.176E-2
2.421	1.982E-3	4.157E-2
2.429	2.425E-3	4.135E-2
2.438	2.482E-3	4.110E-2
2.446	2.161E-3	4.086E-2
2.454	1.544E-3	4.066E-2
2.463	6.588E-4	4.050E-2
2.471	-3.157E-4	4.042E-2
2.479	-1.281E-3	4.039E-2
2.488	-2.120E-3	4.040E-2
2.496	-2.733E-3	4.049E-2
2.505	-3.119E-3	4.063E-2
2.513	-3.172E-3	4.078E-2
2.521	-2.963E-3	4.095E-2
2.530	-2.466E-3	4.109E-2
2.538	-1.739E-3	4.121E-2
2.546	-8.436E-4	4.129E-2
2.555	1.066E-4	4.131E-2
2.563	1.047E-3	4.130E-2
2.572	1.835E-3	4.129E-2
2.580	2.378E-3	4.123E-2
2.588	2.557E-3	4.116E-2
2.597	2.385E-3	4.108E-2
2.605	1.851E-3	4.105E-2
2.613	9.965E-4	4.103E-2
2.622	6.103E-5	4.103E-2
2.630	-9.007E-4	4.102E-2
2.639	-1.791E-3	4.097E-2
2.647	-2.478E-3	4.097E-2
2.655	-2.933E-3	4.093E-2
2.664	-3.111E-3	4.093E-2
2.672	-2.987E-3	4.089E-2
2.680	-2.543E-3	4.086E-2
2.689	-1.889E-3	4.081E-2
2.697	-1.059E-3	4.082E-2
2.706	-1.049E-4	4.083E-2
2.714	8.247E-4	4.086E-2
2.722	1.683E-3	4.093E-2
2.731	2.274E-3	4.105E-2
2.739	2.561E-3	4.114E-2
2.747	2.491E-3	4.127E-2
2.756	2.000E-3	4.136E-2
2.764	1.268E-3	4.146E-2
2.773	3.545E-4	4.152E-2
2.781	-6.008E-4	4.152E-2
2.789	-1.510E-3	4.145E-2
2.798	-2.251E-3	4.132E-2
2.806	-2.754E-3	4.111E-2
2.815	-2.978E-3	4.090E-2
2.823	-2.934E-3	4.066E-2
2.831	-2.611E-3	4.047E-2
2.840	-2.042E-3	4.032E-2
2.848	-1.269E-3	4.022E-2
2.856	-3.706E-4	4.020E-2
2.865	5.533E-4	4.030E-2
2.873	1.410E-3	4.048E-2
2.882	2.036E-3	4.077E-2
2.890	2.386E-3	4.106E-2
2.898	2.395E-3	4.135E-2
2.907	2.076E-3	4.162E-2
2.915	1.448E-3	4.181E-2
2.923	6.011E-4	4.194E-2
2.932	-2.921E-4	4.196E-2
2.940	-1.192E-3	4.185E-2
2.949	-1.944E-3	4.160E-2
2.957	-2.493E-3	4.130E-2
2.965	-2.787E-3	4.094E-2
2.974	-2.878E-3	4.057E-2
2.982	-2.658E-3	4.023E-2
2.990	-2.198E-3	3.993E-2
2.999	-1.540E-3	3.976E-2
3.007	-7.025E-4	3.972E-2
3.016	1.142E-4	3.984E-2
3.024	9.442E-4	4.010E-2
3.032	1.611E-3	4.049E-2
3.041	1.988E-3	4.095E-2
3.049	2.130E-3	4.145E-2
3.057	1.932E-3	4.187E-2
3.066	1.459E-3	4.224E-2
3.074	7.685E-4	4.246E-2
3.083	-2.712E-5	4.248E-2
3.091	-8.439E-4	4.236E-2
3.099	-1.574E-3	4.207E-2
3.108	-2.144E-3	4.163E-2
3.116	-2.491E-3	4.111E-2
3.124	-2.603E-3	4.059E-2
3.133	-2.508E-3	4.009E-2
3.141	-2.159E-3	3.969E-2
3.150	-1.617E-3	3.944E-2
3.158	-8.980E-4	3.939E-2
3.166	-1.302E-4	3.949E-2
3.175	6.063E-4	3.980E-2
3.183	1.234E-3	4.030E-2
3.191	1.690E-3	4.088E-2
3.200	1.891E-3	4.147E-2
3.208	1.854E-3	4.205E-2
3.217	1.476E-3	4.249E-2
3.225	9.500E-4	4.275E-2
3.233	2.962E-4	4.287E-2
3.242	-4.005E-4	4.272E-2
3.250	-1.082E-3	4.238E-2
3.258	-1.621E-3	4.187E-2
3.267	-2.008E-3	4.127E-2
3.275	-2.220E-3	4.062E-2
3.284	-2.212E-3	3.998E-2
3.292	-1.976E-3	3.945E-2
3.300	-1.571E-3	3.913E-2
3.309	-1.003E-3	3.902E-2
3.317	-3.789E-4	3.915E-2
3.325	2.640E-4	3.950E-2
3.334	8.475E-4	4.003E-2
3.342	1.284E-3	4.072E-2
3.351	1.533E-3	4.149E-2
3.359	1.566E-3	4.216E-2
3.367	1.357E-3	4.271E-2
3.376	9.800E-4	4.307E-2
3.384	4.879E-4	4.320E-2
3.392	-8.380E-5	4.309E-2
3.401	-6.529E-4	4.272E-2
3.409	-1.158E-3	4.215E-2
3.418	-1.556E-3	4.144E-2
3.426	-1.799E-3	4.072E-2
3.434	-1.843E-3	3.998E-2
3.443	-1.766E-3	3.936E-2
3.451	-1.506E-3	3.896E-2
3.459	-1.111E-3	3.879E-2
3.468	-6.152E-4	3.891E-2
3.476	-1.039E-4	3.928E-2
3.485	3.843E-4	3.985E-2
3.493	7.921E-4	4.059E-2
3.501	1.105E-3	4.141E-2
3.510	1.208E-3	4.219E-2
3.518	1.200E-3	4.285E-2
3.527	1.004E-3	4.328E-2
3.535	6.987E-4	4.348E-2
3.543	2.889E-4	4.341E-2
3.552	-1.687E-4	4.303E-2
3.560	-6.102E-4	4.243E-2
3.568	-9.825E-4	4.165E-2
3.577	-1.309E-3	4.082E-2
3.585	-1.481E-3	4.001E-2
3.594	-1.529E-3	3.937E-2
3.602	-1.412E-3	3.888E-2
3.610	-1.212E-3	3.868E-2
3.619	-9.066E-4	3.879E-2
3.627	-5.215E-4	3.913E-2
3.635	-1.399E-4	3.974E-2
3.644	2.407E-4	4.052E-2
3.652	5.682E-4	4.140E-2
3.661	7.823E-4	4.224E-2
3.669	9.242E-4	4.292E-2
3.677	8.526E-4	4.341E-2
3.686	6.892E-4	4.363E-2
3.694	4.064E-4	4.356E-2
3.702	1.006E-4	4.318E-2
3.711	-2.441E-4	4.256E-2
3.719	-6.025E-4	4.173E-2
3.728	-8.829E-4	4.085E-2
3.736	-1.104E-3	4.001E-2
3.744	-1.276E-3	3.929E-2
3.753	-1.318E-3	3.875E-2
3.761	-1.275E-3	3.850E-2
3.769	-1.102E-3	3.855E-2
3.778	-8.839E-4	3.893E-2
3.786	-6.107E-4	3.952E-2
3.795	-3.135E-4	4.029E-2
3.803	-1.161E-6	4.119E-2
3.811	2.565E-4	4.209E-2
3.820	4.990E-4	4.282E-2
3.828	6.461E-4	4.337E-2
3.836	6.512E-4	4.363E-2
3.845	5.913E-4	4.359E-2
3.853	4.543E-4	4.325E-2
3.862	1.781E-4	4.267E-2
3.870	-1.125E-4	4.187E-2
3.878	-3.821E-4	4.098E-2
3.887	-6.571E-4	4.014E-2
3.895	-9.041E-4	3.938E-2
3.903	-1.085E-3	3.884E-2
3.912	-1.247E-3	3.852E-2
3.920	-1.260E-3	3.852E-2
3.929	-1.266E-3	3.887E-2
3.937	-1.072E-3	3.946E-2
3.945	-8.416E-4	4.024E-2
3.954	-5.722E-4	4.110E-2
3.962	-2.840E-4	4.196E-2
3.970	5.389E-5	4.272E-2
3.979	3.401E-4	4.327E-2
3.987	5.656E-4	4.359E-2
3.996	7.023E-4	4.359E-2
4.004	7.502E-4	4.329E-2
4.012	6.743E-4	4.272E-2
4.021	4.857E-4	4.194E-2
4.029	2.000E-4	4.107E-2
4.037	-1.261E-4	4.021E-2
4.046	-4.874E-4	3.946E-2
4.054	-8.405E-4	3.891E-2
4.063	-1.117E-3	3.861E-2
4.071	-1.328E-3	3.857E-2
4.079	-1.447E-3	3.885E-2
4.088	-1.468E-3	3.938E-2
4.096	-1.328E-3	4.011E-2
4.104	-1.070E-3	4.092E-2
4.113	-7.622E-4	4.173E-2
4.121	-3.728E-4	4.248E-2
4.130	3.350E-5	4.304E-2
4.138	4.154E-4	4.337E-2
4.146	7.337E-4	4.339E-2
4.155	9.481E-4	4.314E-2
4.163	1.039E-3	4.264E-2
4.171	9.599E-4	4.195E-2
4.180	7.459E-4	4.115E-2
4.188	3.950E-4	4.032E-2
4.197	-3.299E-5	3.962E-2
4.205	-5.232E-4	3.909E-2
4.213	-9.761E-4	3.880E-2
4.222	-1.364E-3	3.876E-2
4.230	-1.616E-3	3.899E-2
4.239	-1.732E-3	3.945E-2
4.247	-1.717E-3	4.009E-2
4.255	-1.553E-3	4.087E-2
4.264	-1.251E-3	4.161E-2
4.272	-8.095E-4	4.228E-2
4.280	-3.178E-4	4.280E-2
4.289	1.790E-4	4.314E-2
4.297	6.316E-4	4.318E-2
4.306	1.032E-3	4.296E-2
4.314	1.260E-3	4.254E-2
4.322	1.296E-3	4.189E-2
4.331	1.135E-3	4.121E-2
4.339	7.902E-4	4.049E-2
4.347	3.166E-4	3.987E-2
4.356	-2.485E-4	3.937E-2
4.364	-8.316E-4	3.906E-2
4.373	-1.351E-3	3.899E-2
4.381	-1.763E-3	3.918E-2
4.389	-2.020E-3	3.958E-2
4.398	-2.112E-3	4.015E-2
4.406	-2.016E-3	4.079E-2
4.414	-1.738E-3	4.146E-2
4.423	-1.289E-3	4.207E-2
4.431	-7.322E-4	4.252E-2
4.440	-1.158E-4	4.281E-2
4.448	5.083E-4	4.292E-2
4.456	1.050E-3	4.276E-2
4.465	1.445E-3	4.241E-2
4.473	1.621E-3	4.190E-2
4.481	1.516E-3	4.131E-2
4.490	1.232E-3	4.068E-2
4.498	7.376E-4	4.010E-2
4.507	1.195E-4	3.967E-2
4.515	-5.673E-4	3.942E-2
4.523	-1.233E-3	3.934E-2
4.532	-1.790E-3	3.947E-2
4.540	-2.197E-3	3.977E-2
4.548	-2.398E-3	4.021E-2
4.557	-2.387E-3	4.073E-2
4.565	-2.156E-3	4.130E-2
4.574	-1.732E-3	4.179E-2
4.582	-1.127E-3	4.220E-2
4.590	-4.043E-4	4.246E-2
4.599	3.194E-4	4.252E-2
4.607	1.007E-3	4.243E-2
4.615	1.513E-3	4.218E-2
4.624	1.819E-3	4.178E-2
4.632	1.843E-3	4.131E-2
4.641	1.557E-3	4.082E-2
4.649	1.058E-3	4.037E-2
4.657	3.761E-4	3.999E-2
4.666	-3.689E-4	3.975E-2
4.674	-1.117E-3	3.967E-2
4.682	-1.774E-3	3.972E-2
4.691	-2.275E-3	3.994E-2
4.699	-2.559E-3	4.029E-2
4.708	-2.641E-3	4.069E-2
4.716	-2.471E-3	4.107E-2
4.724	-2.045E-3	4.148E-2
4.733	-1.460E-3	4.178E-2
4.741	-7.128E-4	4.199E-2
4.749	8.047E-5	4.205E-2
4.758	8.510E-4	4.199E-2
4.766	1.484E-3	4.181E-2
4.775	1.920E-3	4.154E-2
4.783	2.077E-3	4.125E-2
4.791	1.885E-3	4.090E-2
4.800	1.449E-3	4.058E-2
4.808	7.660E-4	4.034E-2
4.816	-1.190E-5	4.015E-2
4.825	-8.652E-4	4.010E-2
4.833	-1.620E-3	4.014E-2
4.842	-2.214E-3	4.028E-2
4.850	-2.612E-3	4.050E-2
4.858	-2.759E-3	4.078E-2
4.867	-2.633E-3	4.106E-2
4.875	-2.270E-3	4.129E-2
4.883	-1.688E-3	4.151E-2
4.892	-9.518E-4	4.162E-2
4.900	-1.543E-4	4.165E-2
4.909	7.041E-4	4.169E-2
4.917	1.457E-3	4.161E-2
4.925	1.975E-3	4.146E-2
4.934	2.216E-3	4.130E-2
4.942	2.120E-3	4.110E-2
4.951	1.738E-3	4.090E-2
4.959	1.094E-3	4.079E-2
4.967	2.477E-4	4.067E-2
4.976	-5.910E-4	4.061E-2
4.984	-1.410E-3	4.061E-2
4.992	-2.102E-3	4.064E-2
5.001	-2.605E-3	4.070E-2
5.009	-2.868E-3	4.084E-2
5.018	-2.836E-3	4.092E-2
5.026	-2.520E-3	4.103E-2
5.034	-1.971E-3	4.109E-2
5.043	-1.272E-3	4.112E-2
5.051	-4.142E-4	4.111E-2
5.059	4.490E-4	4.111E-2
5.068	1.234E-3	4.112E-2
5.076	1.830E-3	4.109E-2
5.085	2.160E-3	4.108E-2
5.093	2.175E-3	4.106E-2
5.101	1.868E-3	4.105E-2
5.110	1.286E-3	4.105E-2
5.118	4.754E-4	4.104E-2
5.126	-3.695E-4	4.103E-2
5.135	-1.198E-3	4.103E-2
5.143	-1.936E-3	4.101E-2
5.152	-2.480E-3	4.097E-2
5.160	-2.764E-3	4.096E-2
5.168	-2.748E-3	4.087E-2
5.177	-2.520E-3	4.082E-2
5.185	-2.035E-3	4.079E-2
5.193	-1.363E-3	4.079E-2
5.202	-5.569E-4	4.079E-2
5.210	3.027E-4	4.080E-2
5.219	1.108E-3	4.088E-2
5.227	1.732E-3	4.097E-2
5.235	2.135E-3	4.110E-2
5.244	2.248E-3	4.124E-2
5.252	2.026E-3	4.137E-2
5.260	1.482E-3	4.149E-2
5.269	7.550E-4	4.157E-2
5.277	-6.987E-5	4.156E-2
5.286	-8.829E-4	4.153E-2
5.294	-1.613E-3	4.144E-2
5.302	-2.197E-3	4.130E-2
5.311	-2.541E-3	4.110E-2
5.319	-2.648E-3	4.087E-2
5.327	-2.505E-3	4.064E-2
5.336	-2.090E-3	4.045E-2
5.344	-1.542E-3	4.034E-2
5.353	-7.988E-4	4.030E-2
5.361	2.513E-5	4.035E-2
5.369	8.058E-4	4.046E-2
5.378	1.482E-3	4.064E-2
5.386	1.935E-3	4.089E-2
5.394	2.120E-3	4.116E-2
5.403	2.000E-3	4.146E-2
5.411	1.592E-3	4.172E-2
5.420	9.657E-4	4.191E-2
5.428	1.869E-4	4.199E-2
5.436	-6.091E-4	4.196E-2
5.445	-1.318E-3	4.181E-2
5.453	-1.914E-3	4.155E-2
5.461	-2.316E-3	4.121E-2
5.470	-2.490E-3	4.086E-2
5.478	-2.414E-3	4.051E-2
5.487	-2.123E-3	4.020E-2
5.495	-1.644E-3	3.996E-2
5.503	-1.018E-3	3.987E-2
5.512	-2.882E-4	3.991E-2
5.520	4.365E-4	4.010E-2
5.528	1.077E-3	4.038E-2
5.537	1.544E-3	4.078E-2
5.545	1.781E-3	4.121E-2
5.554	1.749E-3	4.163E-2
5.562	1.469E-3	4.202E-2
5.570	9.773E-4	4.228E-2
5.579	3.121E-4	4.241E-2
5.587	-3.792E-4	4.238E-2
5.596	-1.049E-3	4.221E-2
5.604	-1.641E-3	4.186E-2
5.612	-2.076E-3	4.147E-2
5.621	-2.281E-3	4.098E-2
5.629	-2.274E-3	4.049E-2
5.637	-2.068E-3	4.008E-2
5.646	-1.665E-3	3.975E-2
5.654	-1.150E-3	3.958E-2
5.663	-4.921E-4	3.963E-2
5.671	1.319E-4	3.983E-2
5.679	7.634E-4	4.020E-2
5.688	1.251E-3	4.065E-2
5.696	1.542E-3	4.121E-2
5.704	1.604E-3	4.175E-2
5.713	1.412E-3	4.222E-2
5.721	1.052E-3	4.258E-2
5.730	5.372E-4	4.277E-2
5.738	-5.697E-5	4.274E-2
5.746	-6.762E-4	4.250E-2
5.755	-1.215E-3	4.212E-2
5.763	-1.664E-3	4.161E-2
5.771	-1.951E-3	4.100E-2
5.780	-2.027E-3	4.040E-2
5.788	-1.944E-3	3.984E-2
5.797	-1.696E-3	3.946E-2
5.805	-1.284E-3	3.923E-2
5.813	-7.789E-4	3.923E-2
5.822	-2.197E-4	3.944E-2
5.830	3.402E-4	3.987E-2
5.838	7.994E-4	4.043E-2
5.847	1.105E-3	4.106E-2
5.855	1.244E-3	4.170E-2
5.864	1.204E-3	4.227E-2
5.872	9.974E-4	4.270E-2
5.880	6.075E-4	4.294E-2
5.889	1.367E-4	4.293E-2
5.897	-3.622E-4	4.271E-2
5.905	-8.299E-4	4.229E-2
5.914	-1.251E-3	4.169E-2
5.922	-1.540E-3	4.103E-2
5.931	-1.709E-3	4.035E-2
5.939	-1.721E-3	3.971E-2
5.947	-1.570E-3	3.923E-2
5.956	-1.292E-3	3.897E-2
5.964	-9.034E-4	3.896E-2
5.972	-4.725E-4	3.919E-2
5.981	-6.499E-5	3.963E-2
5.989	3.316E-4	4.026E-2
5.998	6.379E-4	4.098E-2
6.006	8.314E-4	4.171E-2
6.014	8.976E-4	4.235E-2
6.023	8.018E-4	4.287E-2
6.031	5.686E-4	4.317E-2
6.039	2.856E-4	4.317E-2
6.048	-9.426E-5	4.297E-2
6.056	-4.657E-4	4.251E-2
6.065	-8.453E-4	4.189E-2
6.073	-1.114E-3	4.120E-2
6.081	-1.321E-3	4.044E-2
6.090	-1.430E-3	3.973E-2
6.098	-1.444E-3	3.919E-2
6.106	-1.311E-3	3.889E-2
6.115	-1.070E-3	3.882E-2
6.123	-7.959E-4	3.902E-2
6.132	-4.597E-4	3.944E-2
6.140	-1.194E-4	4.009E-2
6.148	1.614E-4	4.085E-2
6.157	3.916E-4	4.162E-2
6.165	5.607E-4	4.229E-2
6.173	5.714E-4	4.285E-2
6.182	5.650E-4	4.319E-2
6.190	4.013E-4	4.326E-2
6.199	1.731E-4	4.311E-2
6.207	-1.153E-4	4.266E-2
6.215	-3.876E-4	4.201E-2
6.224	-6.481E-4	4.127E-2
6.232	-8.718E-4	4.048E-2
6.240	-1.055E-3	3.978E-2
6.249	-1.153E-3	3.921E-2
6.257	-1.159E-3	3.885E-2
6.266	-1.083E-3	3.878E-2
6.274	-9.563E-4	3.896E-2
6.282	-7.772E-4	3.940E-2
6.291	-5.570E-4	4.004E-2
6.299	-3.030E-4	4.081E-2
6.308	-5.299E-5	4.162E-2
6.316	1.633E-4	4.231E-2
6.324	3.337E-4	4.286E-2
6.333	4.819E-4	4.322E-2
6.341	5.255E-4	4.334E-2
6.349	4.786E-4	4.317E-2
6.358	3.358E-4	4.273E-2
6.366	1.245E-4	4.210E-2
6.375	-1.172E-4	4.136E-2
6.383	-3.902E-4	4.056E-2
6.391	-6.416E-4	3.984E-2
6.400	-8.568E-4	3.925E-2
6.408	-1.013E-3	3.886E-2
6.416	-1.119E-3	3.877E-2
6.425	-1.136E-3	3.893E-2
6.433	-1.041E-3	3.934E-2
6.442	-9.038E-4	3.993E-2
6.450	-6.673E-4	4.070E-2
6.458	-4.016E-4	4.144E-2
6.467	-1.147E-4	4.219E-2
6.475	1.706E-4	4.277E-2
6.483	3.995E-4	4.315E-2
6.492	5.738E-4	4.328E-2
6.500	6.645E-4	4.316E-2
6.509	6.337E-4	4.274E-2
6.517	5.440E-4	4.216E-2
6.525	3.448E-4	4.145E-2
6.534	8.369E-5	4.070E-2
6.542	-2.296E-4	3.998E-2
6.550	-5.411E-4	3.939E-2
6.559	-8.523E-4	3.900E-2
6.567	-1.090E-3	3.886E-2
6.576	-1.267E-3	3.899E-2
6.584	-1.335E-3	3.935E-2
6.592	-1.289E-3	3.993E-2
6.601	-1.146E-3	4.063E-2
6.609	-8.743E-4	4.137E-2
6.617	-5.405E-4	4.206E-2
6.626	-1.895E-4	4.262E-2
6.634	1.837E-4	4.300E-2
6.643	5.113E-4	4.313E-2
6.651	7.815E-4	4.303E-2
6.659	9.472E-4	4.271E-2
6.668	9.663E-4	4.218E-2
6.676	8.673E-4	4.152E-2
6.684	5.911E-4	4.081E-2
6.693	2.464E-4	4.012E-2
6.701	-1.587E-4	3.954E-2
6.710	-5.806E-4	3.917E-2
6.718	-9.527E-4	3.901E-2
6.726	-1.323E-3	3.909E-2
6.735	-1.528E-3	3.943E-2
6.743	-1.587E-3	3.993E-2
6.751	-1.519E-3	4.056E-2
6.760	-1.299E-3	4.123E-2
6.768	-9.281E-4	4.189E-2
6.777	-5.531E-4	4.243E-2
6.785	-9.095E-5	4.279E-2
6.793	3.611E-4	4.299E-2
6.802	7.766E-4	4.291E-2
6.810	1.078E-3	4.262E-2
6.818	1.211E-3	4.217E-2
6.827	1.195E-3	4.158E-2
6.835	9.925E-4	4.092E-2
6.844	6.317E-4	4.031E-2
6.852	1.397E-4	3.979E-2
6.860	-3.869E-4	3.945E-2
6.869	-8.832E-4	3.928E-2
6.877	-1.337E-3	3.932E-2
6.885	-1.664E-3	3.961E-2
6.894	-1.847E-3	4.002E-2
6.902	-1.830E-3	4.058E-2
6.911	-1.656E-3	4.116E-2
6.919	-1.359E-3	4.176E-2
6.927	-8.642E-4	4.222E-2
6.936	-3.345E-4	4.255E-2
6.944	2.412E-4	4.269E-2
6.952	7.799E-4	4.266E-2
6.961	1.223E-3	4.243E-2
6.969	1.477E-3	4.205E-2
6.978	1.541E-3	4.155E-2
6.986	1.405E-3	4.102E-2
6.994	1.052E-3	4.051E-2
7.003	5.355E-4	4.009E-2
7.011	-6.789E-5	3.975E-2
7.020	-6.800E-4	3.960E-2
7.028	-1.260E-3	3.962E-2
7.036	-1.720E-3	3.985E-2
7.045	-2.015E-3	4.015E-2
7.053	-2.083E-3	4.058E-2
7.061	-1.988E-3	4.106E-2
7.070	-1.667E-3	4.153E-2
7.078	-1.232E-3	4.193E-2
7.087	-6.238E-4	4.222E-2
7.095	3.100E-5	4.237E-2
7.103	6.741E-4	4.237E-2
7.112	1.206E-3	4.222E-2
7.120	1.608E-3	4.193E-2
7.128	1.728E-3	4.155E-2
7.137	1.653E-3	4.112E-2
7.145	1.343E-3	4.069E-2
7.154	7.986E-4	4.034E-2
7.162	1.409E-4	4.011E-2
7.170	-5.643E-4	3.997E-2
7.179	-1.234E-3	3.995E-2
7.187	-1.782E-3	4.008E-2
7.195	-2.167E-3	4.032E-2
7.204	-2.340E-3	4.062E-2
7.212	-2.319E-3	4.097E-2
7.221	-2.081E-3	4.133E-2
7.229	-1.606E-3	4.161E-2
7.237	-9.699E-4	4.181E-2
7.246	-2.907E-4	4.194E-2
7.254	4.078E-4	4.195E-2
7.262	1.043E-3	4.186E-2
7.271	1.522E-3	4.171E-2
7.279	1.785E-3	4.144E-2
7.288	1.766E-3	4.117E-2
7.296	1.491E-3	4.090E-2
7.304	9.985E-4	4.065E-2
7.313	3.127E-4	4.045E-2
7.321	-4.159E-4	4.034E-2
7.329	-1.144E-3	4.035E-2
7.338	-1.751E-3	4.040E-2
7.346	-2.215E-3	4.056E-2
7.355	-2.456E-3	4.073E-2
7.363	-2.479E-3	4.097E-2
7.371	-2.264E-3	4.120E-2
7.380	-1.827E-3	4.137E-2
7.388	-1.237E-3	4.151E-2
7.396	-5.047E-4	4.157E-2
7.405	2.412E-4	4.158E-2
7.413	9.814E-4	4.154E-2
7.422	1.544E-3	4.146E-2
7.430	1.893E-3	4.133E-2
7.438	1.982E-3	4.117E-2
7.447	1.772E-3	4.106E-2
7.455	1.292E-3	4.092E-2
7.463	6.139E-4	4.083E-2
7.472	-1.427E-4	4.079E-2
7.480	-8.935E-4	4.079E-2
7.489	-1.575E-3	4.080E-2
7.497	-2.099E-3	4.084E-2
7.505	-2.447E-3	4.087E-2
7.514	-2.534E-3	4.092E-2
7.522	-2.367E-3	4.099E-2
7.530	-2.014E-3	4.106E-2
7.539	-1.458E-3	4.108E-2
7.547	-7.412E-4	4.111E-2
7.556	1.345E-5	4.113E-2
7.564	7.746E-4	4.111E-2
7.572	1.420E-3	4.110E-2
7.581	1.865E-3	4.109E-2
7.589	2.047E-3	4.108E-2
7.597	1.890E-3	4.107E-2
7.606	1.492E-3	4.108E-2
7.614	8.718E-4	4.108E-2
7.623	1.201E-4	4.107E-2
7.631	-6.523E-4	4.106E-2
7.639	-1.365E-3	4.106E-2
7.648	-1.929E-3	4.102E-2
7.656	-2.308E-3	4.096E-2
7.664	-2.477E-3	4.088E-2
7.673	-2.370E-3	4.082E-2
7.681	-2.076E-3	4.077E-2
7.690	-1.551E-3	4.074E-2
7.698	-8.680E-4	4.075E-2
7.706	-1.241E-4	4.077E-2
7.715	6.184E-4	4.082E-2
7.723	1.270E-3	4.088E-2
7.732	1.731E-3	4.100E-2
7.740	1.956E-3	4.114E-2
7.748	1.938E-3	4.127E-2
7.757	1.583E-3	4.140E-2
7.765	1.028E-3	4.149E-2
7.773	3.277E-4	4.155E-2
7.782	-4.141E-4	4.154E-2
7.790	-1.122E-3	4.151E-2
7.799	-1.725E-3	4.134E-2
7.807	-2.150E-3	4.114E-2
7.815	-2.375E-3	4.094E-2
7.824	-2.389E-3	4.077E-2
7.832	-2.174E-3	4.058E-2
7.840	-1.735E-3	4.041E-2
7.849	-1.139E-3	4.034E-2
7.857	-4.090E-4	4.034E-2
7.866	3.084E-4	4.040E-2
7.874	9.859E-4	4.057E-2
7.882	1.488E-3	4.082E-2
7.891	1.771E-3	4.106E-2
7.899	1.765E-3	4.134E-2
7.907	1.543E-3	4.158E-2
7.916	1.074E-3	4.178E-2
7.924	4.457E-4	4.191E-2
7.933	-2.761E-4	4.194E-2
7.941	-9.545E-4	4.185E-2
7.949	-1.561E-3	4.163E-2
7.958	-1.996E-3	4.137E-2
7.966	-2.243E-3	4.104E-2
7.974	-2.286E-3	4.070E-2
7.983	-2.132E-3	4.038E-2
7.991	-1.777E-3	4.012E-2
8.000	-1.269E-3	3.995E-2
8.008	-6.349E-4	3.993E-2
8.016	3.036E-5	3.999E-2
8.025	6.600E-4	4.020E-2
8.033	1.165E-3	4.053E-2
8.041	1.506E-3	4.090E-2
8.050	1.596E-3	4.131E-2
8.058	1.455E-3	4.170E-2
8.067	1.097E-3	4.199E-2
8.075	5.751E-4	4.220E-2
8.083	-1.478E-5	4.224E-2
8.092	-6.632E-4	4.215E-2
8.100	-1.234E-3	4.192E-2
8.108	-1.693E-3	4.155E-2
8.117	-1.989E-3	4.110E-2
8.125	-2.085E-3	4.063E-2
8.134	-1.985E-3	4.021E-2
8.142	-1.737E-3	3.987E-2
8.150	-1.327E-3	3.965E-2
8.159	-7.970E-4	3.962E-2
8.167	-2.232E-4	3.970E-2
8.175	3.622E-4	3.995E-2
8.184	8.453E-4	4.035E-2
8.192	1.184E-3	4.083E-2
8.201	1.355E-3	4.133E-2
8.209	1.303E-3	4.180E-2
8.217	1.052E-3	4.221E-2
8.226	6.311E-4	4.246E-2
8.234	1.382E-4	4.252E-2
8.242	-3.781E-4	4.243E-2
8.251	-8.836E-4	4.216E-2
8.259	-1.305E-3	4.175E-2
8.268	-1.621E-3	4.122E-2
8.276	-1.763E-3	4.066E-2
8.284	-1.761E-3	4.014E-2
8.293	-1.605E-3	3.971E-2
8.301	-1.299E-3	3.942E-2
8.309	-8.766E-4	3.930E-2
8.318	-3.989E-4	3.941E-2
8.326	7.975E-5	3.970E-2
8.335	5.301E-4	4.015E-2
8.343	9.023E-4	4.068E-2
8.351	1.067E-3	4.128E-2
8.360	1.112E-3	4.185E-2
8.368	9.793E-4	4.230E-2
8.377	7.296E-4	4.263E-2
8.385	3.739E-4	4.273E-2
8.393	-4.891E-5	4.266E-2
8.402	-5.053E-4	4.237E-2
8.410	-9.003E-4	4.190E-2
8.418	-1.236E-3	4.133E-2
8.427	-1.425E-3	4.069E-2
8.435	-1.515E-3	4.009E-2
8.444	-1.476E-3	3.960E-2
8.452	-1.297E-3	3.925E-2
8.460	-1.025E-3	3.914E-2
8.469	-6.672E-4	3.921E-2
8.477	-3.065E-4	3.953E-2
8.485	7.933E-5	3.998E-2
8.494	3.840E-4	4.058E-2
8.502	6.021E-4	4.125E-2
8.511	7.686E-4	4.189E-2
8.519	7.768E-4	4.245E-2
8.527	6.364E-4	4.281E-2
8.536	3.798E-4	4.298E-2
8.544	9.865E-5	4.289E-2
8.552	-2.172E-4	4.259E-2
8.561	-5.574E-4	4.210E-2
8.569	-8.390E-4	4.151E-2
8.578	-1.045E-3	4.081E-2
8.586	-1.228E-3	4.016E-2
8.594	-1.281E-3	3.960E-2
8.603	-1.265E-3	3.922E-2
8.611	-1.071E-3	3.903E-2
8.619	-8.536E-4	3.905E-2
8.628	-5.876E-4	3.940E-2
8.636	-3.250E-4	3.989E-2
8.645	-5.249E-5	4.053E-2
8.653	1.643E-4	4.124E-2
8.661	3.308E-4	4.191E-2
8.670	4.893E-4	4.250E-2
8.678	5.099E-4	4.289E-2
8.686	4.656E-4	4.308E-2
8.695	3.264E-4	4.304E-2
8.703	1.135E-4	4.276E-2
8.712	-1.259E-4	4.225E-2
8.720	-3.782E-4	4.160E-2
8.728	-6.152E-4	4.085E-2
8.737	-8.065E-4	4.016E-2
8.745	-9.660E-4	3.958E-2
8.753	-1.040E-3	3.919E-2
8.762	-1.049E-3	3.899E-2
8.770	-1.010E-3	3.902E-2
8.779	-8.472E-4	3.930E-2
8.787	-6.629E-4	3.979E-2
8.795	-4.214E-4	4.044E-2
8.804	-1.756E-4	4.113E-2
8.812	5.167E-5	4.179E-2
8.820	2.577E-4	4.239E-2
8.829	4.191E-4	4.285E-2
8.837	4.699E-4	4.308E-2
8.846	4.903E-4	4.307E-2
8.854	4.323E-4	4.279E-2
8.862	2.608E-4	4.234E-2
8.871	7.680E-5	4.173E-2
8.879	-1.536E-4	4.102E-2
8.887	-3.895E-4	4.032E-2
8.896	-6.165E-4	3.973E-2
8.904	-8.028E-4	3.926E-2
8.913	-9.153E-4	3.902E-2
8.921	-9.661E-4	3.903E-2
8.929	-9.978E-4	3.927E-2
8.938	-9.508E-4	3.974E-2
8.946	-8.040E-4	4.036E-2
8.954	-5.962E-4	4.104E-2
8.963	-3.547E-4	4.172E-2
8.971	-8.993E-5	4.231E-2
8.980	1.362E-4	4.274E-2
8.988	3.510E-4	4.296E-2
8.996	5.163E-4	4.293E-2
9.005	5.712E-4	4.269E-2
9.013	5.551E-4	4.225E-2
9.021	4.104E-4	4.167E-2
9.030	1.757E-4	4.099E-2
9.038	-9.174E-5	4.032E-2
9.047	-3.759E-4	3.974E-2
9.055	-6.629E-4	3.929E-2
9.063	-9.134E-4	3.904E-2
9.072	-1.095E-3	3.902E-2
9.080	-1.245E-3	3.924E-2
9.089	-1.259E-3	3.967E-2
9.097	-1.243E-3	4.025E-2
9.105	-1.027E-3	4.091E-2
9.114	-7.895E-4	4.155E-2
9.122	-4.590E-4	4.213E-2
9.130	-1.079E-4	4.257E-2
9.139	2.127E-4	4.285E-2
9.147	4.976E-4	4.289E-2
9.156	7.173E-4	4.269E-2
9.164	8.381E-4	4.227E-2
9.172	7.875E-4	4.174E-2
9.181	5.993E-4	4.112E-2
9.189	3.327E-4	4.047E-2
9.197	4.635E-6	3.992E-2
9.206	-3.844E-4	3.949E-2
9.214	-7.700E-4	3.925E-2
9.223	-1.105E-3	3.921E-2
9.231	-1.358E-3	3.941E-2
9.239	-1.483E-3	3.978E-2
9.248	-1.497E-3	4.033E-2
9.256	-1.375E-3	4.090E-2
9.264	-1.111E-3	4.147E-2
9.273	-7.621E-4	4.200E-2
9.281	-3.527E-4	4.242E-2
9.290	8.992E-5	4.267E-2
9.298	5.088E-4	4.268E-2
9.306	8.602E-4	4.253E-2
9.315	1.048E-3	4.220E-2
9.323	1.101E-3	4.173E-2
9.331	9.866E-4	4.119E-2
9.340	7.306E-4	4.063E-2
9.348	3.555E-4	4.012E-2
9.357	-1.152E-4	3.974E-2
9.365	-5.990E-4	3.949E-2
9.373	-1.045E-3	3.945E-2
9.382	-1.442E-3	3.959E-2
9.390	-1.694E-3	3.990E-2
9.398	-1.792E-3	4.034E-2
9.407	-1.741E-3	4.085E-2
9.415	-1.503E-3	4.134E-2
9.424	-1.134E-3	4.179E-2
9.432	-6.538E-4	4.216E-2
9.440	-1.312E-4	4.241E-2
9.449	3.829E-4	4.243E-2
9.457	8.377E-4	4.234E-2
9.465	1.167E-3	4.208E-2
9.474	1.343E-3	4.168E-2
9.482	1.285E-3	4.126E-2
9.491	1.052E-3	4.078E-2
9.499	6.319E-4	4.037E-2
9.507	1.094E-4	4.001E-2
9.516	-4.287E-4	3.986E-2
9.524	-9.768E-4	3.982E-2
9.532	-1.473E-3	3.992E-2
9.541	-1.814E-3	4.015E-2
9.549	-1.983E-3	4.047E-2
9.558	-1.985E-3	4.089E-2
9.566	-1.793E-3	4.129E-2
9.574	-1.451E-3	4.166E-2
9.583	-9.568E-4	4.197E-2
9.591	-4.032E-4	4.216E-2
9.599	1.897E-4	4.221E-2
9.608	7.514E-4	4.216E-2
9.616	1.207E-3	4.195E-2
9.625	1.469E-3	4.168E-2
9.633	1.515E-3	4.133E-2
9.641	1.313E-3	4.096E-2
9.650	9.300E-4	4.063E-2
9.658	3.981E-4	4.036E-2
9.666	-2.508E-4	4.018E-2
9.675	-8.700E-4	4.013E-2
9.683	-1.429E-3	4.018E-2
9.692	-1.875E-3	4.035E-2
9.700	-2.173E-3	4.059E-2
9.708	-2.201E-3	4.087E-2
9.717	-2.071E-3	4.115E-2
9.725	-1.737E-3	4.142E-2
9.733	-1.253E-3	4.167E-2
9.742	-6.494E-4	4.181E-2
9.750	2.050E-5	4.184E-2
9.759	6.531E-4	4.181E-2
9.767	1.177E-3	4.164E-2
9.775	1.535E-3	4.149E-2
9.784	1.649E-3	4.127E-2
9.792	1.535E-3	4.104E-2
9.801	1.180E-3	4.082E-2
9.809	6.357E-4	4.063E-2
9.817	-1.815E-5	4.052E-2
9.826	-7.261E-4	4.049E-2
9.834	-1.349E-3	4.054E-2
9.842	-1.827E-3	4.063E-2
9.851	-2.152E-3	4.076E-2
9.859	-2.288E-3	4.092E-2
9.868	-2.193E-3	4.109E-2
9.876	-1.917E-3	4.124E-2
9.884	-1.466E-3	4.137E-2
9.893	-8.447E-4	4.147E-2
9.901	-1.701E-4	4.152E-2
9.909	5.048E-4	4.152E-2
9.918	1.097E-3	4.147E-2
9.926	1.520E-3	4.136E-2
9.935	1.714E-3	4.125E-2
9.943	1.661E-3	4.114E-2
9.951	1.364E-3	4.103E-2
9.960	8.301E-4	4.096E-2
9.968	1.637E-4	4.091E-2
9.976	-5.422E-4	4.086E-2
9.985	-1.222E-3	4.085E-2
9.993	-1.767E-3	4.086E-2
10.002	-2.171E-3	4.088E-2
10.010	-2.354E-3	4.089E-2
10.018	-2.372E-3	4.090E-2
10.027	-2.124E-3	4.098E-2
10.035	-1.712E-3	4.105E-2
10.043	-1.111E-3	4.106E-2
10.052	-4.337E-4	4.108E-2
10.060	2.743E-4	4.108E-2
10.069	9.350E-4	4.107E-2
10.077	1.432E-3	4.108E-2
10.085	1.697E-3	4.108E-2
10.094	1.721E-3	4.108E-2
10.102	1.479E-3	4.110E-2
10.110	1.026E-3	4.110E-2
10.119	3.866E-4	4.109E-2
10.127	-3.151E-4	4.109E-2
10.136	-9.957E-4	4.107E-2
10.144	-1.580E-3	4.105E-2
10.152	-2.005E-3	4.101E-2
10.161	-2.252E-3	4.092E-2
10.169	-2.252E-3	4.084E-2
10.177	-2.076E-3	4.077E-2
10.186	-1.684E-3	4.071E-2
10.194	-1.165E-3	4.067E-2
10.203	-5.446E-4	4.064E-2
10.211	1.204E-4	4.066E-2
10.219	7.625E-4	4.070E-2
10.228	1.284E-3	4.081E-2
10.236	1.590E-3	4.094E-2
10.244	1.660E-3	4.110E-2
10.253	1.507E-3	4.126E-2
10.261	1.103E-3	4.136E-2
10.270	5.254E-4	4.145E-2
10.278	-1.210E-4	4.148E-2
10.286	-7.809E-4	4.149E-2
10.295	-1.370E-3	4.138E-2
10.303	-1.820E-3	4.124E-2
10.311	-2.087E-3	4.106E-2
10.320	-2.167E-3	4.084E-2
10.328	-2.054E-3	4.064E-2
10.337	-1.731E-3	4.045E-2
10.345	-1.267E-3	4.034E-2
10.353	-6.639E-4	4.032E-2
10.362	-1.447E-5	4.035E-2
10.370	5.696E-4	4.044E-2
10.378	1.103E-3	4.061E-2
10.387	1.438E-3	4.085E-2
10.395	1.588E-3	4.110E-2
10.404	1.477E-3	4.135E-2
10.412	1.176E-3	4.157E-2
10.420	6.999E-4	4.174E-2
10.429	1.322E-4	4.177E-2
10.437	-4.788E-4	4.176E-2
10.445	-1.092E-3	4.163E-2
10.454	-1.551E-3	4.137E-2
10.462	-1.864E-3	4.108E-2
10.471	-2.033E-3	4.079E-2
10.479	-2.006E-3	4.046E-2
10.487	-1.740E-3	4.016E-2
10.496	-1.348E-3	3.997E-2
10.504	-8.128E-4	3.989E-2
10.513	-2.377E-4	3.991E-2
10.521	3.113E-4	4.007E-2
10.529	8.243E-4	4.036E-2
10.538	1.199E-3	4.069E-2
10.546	1.404E-3	4.105E-2
10.554	1.416E-3	4.142E-2
10.563	1.200E-3	4.176E-2
10.571	8.150E-4	4.199E-2
10.580	3.191E-4	4.209E-2
10.588	-2.171E-4	4.205E-2
10.596	-7.512E-4	4.186E-2
10.605	-1.236E-3	4.160E-2
10.613	-1.584E-3	4.124E-2
10.621	-1.765E-3	4.083E-2
10.630	-1.784E-3	4.041E-2
10.638	-1.600E-3	4.005E-2
10.647	-1.301E-3	3.982E-2
10.655	-8.545E-4	3.970E-2
10.663	-3.718E-4	3.970E-2
10.672	1.327E-4	3.988E-2
10.680	5.835E-4	4.018E-2
10.688	9.706E-4	4.060E-2
10.697	1.201E-3	4.107E-2
10.705	1.241E-3	4.153E-2
10.714	1.155E-3	4.194E-2
10.722	8.235E-4	4.223E-2
10.730	4.205E-4	4.242E-2
10.739	-5.324E-5	4.243E-2
10.747	-5.381E-4	4.224E-2
10.755	-9.628E-4	4.188E-2
10.764	-1.314E-3	4.148E-2
10.772	-1.531E-3	4.098E-2
10.781	-1.601E-3	4.048E-2
10.789	-1.552E-3	4.006E-2
10.797	-1.311E-3	3.972E-2
10.806	-9.710E-4	3.954E-2
10.814	-6.081E-4	3.951E-2
10.822	-1.865E-4	3.969E-2
10.831	2.377E-4	4.003E-2
10.839	5.961E-4	4.053E-2
10.848	8.389E-4	4.108E-2
10.856	9.454E-4	4.160E-2
10.864	9.482E-4	4.205E-2
10.873	7.722E-4	4.242E-2
10.881	5.060E-4	4.263E-2
10.889	1.619E-4	4.265E-2
10.898	-2.152E-4	4.246E-2
10.906	-5.741E-4	4.208E-2
10.915	-8.805E-4	4.159E-2
10.923	-1.113E-3	4.102E-2
10.931	-1.240E-3	4.045E-2
10.940	-1.275E-3	3.992E-2
10.948	-1.160E-3	3.953E-2
10.956	-9.124E-4	3.929E-2
10.965	-6.495E-4	3.925E-2
10.973	-3.443E-4	3.943E-2
10.982	1.751E-5	3.981E-2
10.990	2.976E-4	4.036E-2
10.998	5.357E-4	4.094E-2
11.007	7.288E-4	4.156E-2
11.015	7.697E-4	4.207E-2
11.023	7.456E-4	4.246E-2
11.032	5.640E-4	4.269E-2
11.040	3.325E-4	4.271E-2
11.049	7.532E-5	4.252E-2
11.057	-1.942E-4	4.216E-2
11.065	-4.547E-4	4.165E-2
11.074	-6.696E-4	4.107E-2
11.082	-8.452E-4	4.045E-2
11.090	-9.082E-4	3.990E-2
11.099	-8.955E-4	3.945E-2
11.107	-8.316E-4	3.921E-2
11.116	-6.868E-4	3.919E-2
11.124	-4.954E-4	3.938E-2
11.132	-2.796E-4	3.973E-2
11.141	-6.021E-5	4.026E-2
11.149	1.465E-4	4.091E-2
11.157	3.131E-4	4.153E-2
11.166	4.839E-4	4.209E-2
11.174	5.272E-4	4.249E-2
11.183	5.239E-4	4.273E-2
11.191	4.240E-4	4.279E-2
11.199	2.691E-4	4.266E-2
11.208	7.553E-5	4.229E-2
11.216	-1.569E-4	4.176E-2
11.225	-3.745E-4	4.114E-2
11.233	-5.756E-4	4.050E-2
11.241	-6.898E-4	3.993E-2
11.250	-8.381E-4	3.946E-2
11.258	-8.487E-4	3.919E-2
11.266	-8.504E-4	3.916E-2
11.275	-7.490E-4	3.930E-2
11.283	-6.434E-4	3.965E-2
11.292	-4.320E-4	4.018E-2
11.300	-2.095E-4	4.081E-2
11.308	1.997E-5	4.146E-2
11.317	1.964E-4	4.204E-2
11.325	3.076E-4	4.249E-2
11.333	4.428E-4	4.275E-2
11.342	4.711E-4	4.283E-2
11.350	4.712E-4	4.270E-2
11.359	3.524E-4	4.235E-2
11.367	2.416E-4	4.185E-2
11.375	5.809E-5	4.123E-2
11.384	-1.696E-4	4.061E-2
11.392	-3.901E-4	4.001E-2
11.400	-6.029E-4	3.956E-2
11.409	-7.432E-4	3.928E-2
11.417	-8.669E-4	3.920E-2
11.426	-8.799E-4	3.930E-2
11.434	-8.647E-4	3.965E-2
11.442	-7.669E-4	4.015E-2
11.451	-6.245E-4	4.073E-2
11.459	-4.006E-4	4.139E-2
11.467	-1.724E-4	4.195E-2
11.476	7.231E-5	4.243E-2
11.484	2.955E-4	4.271E-2
11.493	4.951E-4	4.280E-2
11.501	5.878E-4	4.271E-2
11.509	5.932E-4	4.239E-2
11.518	5.275E-4	4.190E-2
11.526	3.797E-4	4.133E-2
11.534	1.638E-4	4.073E-2
11.543	-1.095E-4	4.017E-2
11.551	-3.965E-4	3.970E-2
11.560	-6.610E-4	3.941E-2
11.568	-8.707E-4	3.929E-2
11.576	-1.041E-3	3.940E-2
11.585	-1.117E-3	3.970E-2
11.593	-1.101E-3	4.015E-2
11.601	-9.340E-4	4.071E-2
11.610	-8.062E-4	4.131E-2
11.618	-5.315E-4	4.187E-2
11.627	-2.357E-4	4.234E-2
11.635	5.388E-5	4.266E-2
11.643	3.442E-4	4.276E-2
11.652	5.825E-4	4.266E-2
11.660	7.170E-4	4.237E-2
11.668	7.620E-4	4.195E-2
11.677	6.979E-4	4.141E-2
11.685	5.045E-4	4.086E-2
11.694	2.463E-4	4.033E-2
11.702	-1.014E-4	3.990E-2
11.710	-4.505E-4	3.960E-2
11.719	-7.988E-4	3.949E-2
11.727	-1.089E-3	3.959E-2
11.735	-1.278E-3	3.985E-2
11.744	-1.342E-3	4.025E-2
11.752	-1.300E-3	4.078E-2
11.761	-1.117E-3	4.129E-2
11.769	-8.308E-4	4.179E-2
11.777	-4.552E-4	4.220E-2
11.786	-5.154E-5	4.248E-2
11.794	3.108E-4	4.258E-2
11.802	6.726E-4	4.253E-2
11.811	9.244E-4	4.227E-2
11.819	9.921E-4	4.189E-2
11.828	9.891E-4	4.144E-2
11.836	8.249E-4	4.094E-2
11.844	5.131E-4	4.049E-2
11.853	1.274E-4	4.012E-2
11.861	-3.123E-4	3.985E-2
11.870	-7.789E-4	3.973E-2
11.878	-1.170E-3	3.976E-2
11.886	-1.471E-3	3.996E-2
11.895	-1.636E-3	4.028E-2
11.903	-1.682E-3	4.070E-2
11.911	-1.540E-3	4.114E-2
11.920	-1.265E-3	4.156E-2
11.928	-8.711E-4	4.194E-2
11.937	-4.021E-4	4.220E-2
11.945	7.643E-5	4.229E-2
11.953	5.373E-4	4.224E-2
11.962	9.051E-4	4.204E-2
11.970	1.089E-3	4.175E-2
11.978	1.154E-3	4.135E-2
11.987	1.017E-3	4.093E-2
11.995	7.268E-4	4.053E-2
12.004	3.152E-4	4.019E-2
12.012	-1.658E-4	3.995E-2
12.020	-6.751E-4	3.986E-2
12.029	-1.132E-3	3.988E-2
12.037	-1.506E-3	4.007E-2
12.045	-1.752E-3	4.035E-2
12.054	-1.828E-3	4.066E-2
12.062	-1.723E-3	4.103E-2
12.071	-1.476E-3	4.136E-2
12.079	-1.085E-3	4.166E-2
12.087	-5.892E-4	4.189E-2
12.096	-4.626E-5	4.201E-2
12.104	4.642E-4	4.200E-2
12.112	9.469E-4	4.186E-2
12.121	1.260E-3	4.160E-2
12.129	1.408E-3	4.131E-2
12.138	1.365E-3	4.101E-2
12.146	1.063E-3	4.070E-2
12.154	6.141E-4	4.041E-2
12.163	8.295E-5	4.022E-2
12.171	-4.869E-4	4.012E-2
12.179	-1.049E-3	4.013E-2
12.188	-1.514E-3	4.023E-2
12.196	-1.828E-3	4.040E-2
12.205	-1.960E-3	4.063E-2
12.213	-1.925E-3	4.087E-2
12.221	-1.725E-3	4.112E-2
12.230	-1.348E-3	4.133E-2
12.238	-8.226E-4	4.150E-2
12.246	-2.513E-4	4.156E-2
12.255	3.209E-4	4.155E-2
12.263	8.410E-4	4.150E-2
12.272	1.243E-3	4.133E-2
12.280	1.452E-3	4.116E-2
12.288	1.458E-3	4.093E-2
12.297	1.233E-3	4.073E-2
12.305	8.116E-4	4.059E-2
12.313	2.695E-4	4.046E-2
12.322	-3.220E-4	4.038E-2
12.330	-9.095E-4	4.038E-2
12.339	-1.429E-3	4.040E-2
12.347	-1.824E-3	4.054E-2
12.355	-2.019E-3	4.067E-2
12.364	-2.027E-3	4.081E-2
12.372	-1.837E-3	4.097E-2
12.380	-1.473E-3	4.109E-2
12.389	-9.675E-4	4.122E-2
12.397	-3.970E-4	4.128E-2
12.406	2.330E-4	4.129E-2
12.414	8.097E-4	4.128E-2
12.422	1.263E-3	4.124E-2
12.431	1.524E-3	4.111E-2
12.439	1.579E-3	4.104E-2
12.447	1.392E-3	4.097E-2
12.456	1.023E-3	4.089E-2
12.464	4.958E-4	4.083E-2
12.473	-1.108E-4	4.080E-2
12.481	-7.416E-4	4.081E-2
12.489	-1.316E-3	4.082E-2
12.498	-1.740E-3	4.083E-2
12.506	-2.011E-3	4.086E-2
12.514	-2.065E-3	4.088E-2
12.523	-1.920E-3	4.089E-2
12.531	-1.611E-3	4.092E-2
12.540	-1.127E-3	4.090E-2
12.548	-5.424E-4	4.089E-2
12.556	7.674E-5	4.091E-2
12.565	6.821E-4	4.090E-2
12.573	1.163E-3	4.090E-2
12.582	1.481E-3	4.091E-2
12.590	1.632E-3	4.090E-2
12.598	1.496E-3	4.090E-2
12.607	1.185E-3	4.094E-2
12.615	7.059E-4	4.101E-2
12.623	1.155E-4	4.103E-2
12.632	-5.125E-4	4.104E-2
12.640	-1.106E-3	4.103E-2
12.649	-1.562E-3	4.101E-2
12.657	-1.842E-3	4.092E-2
12.665	-1.993E-3	4.082E-2
12.674	-1.908E-3	4.077E-2
12.682	-1.653E-3	4.069E-2
12.690	-1.267E-3	4.062E-2
12.699	-6.955E-4	4.061E-2
12.707	-1.048E-4	4.060E-2
12.716	4.992E-4	4.063E-2
12.724	1.024E-3	4.071E-2
12.732	1.406E-3	4.084E-2
12.741	1.558E-3	4.100E-2
12.749	1.494E-3	4.115E-2
12.757	1.226E-3	4.127E-2
12.766	7.877E-4	4.135E-2
12.774	2.490E-4	4.140E-2
12.783	-3.401E-4	4.145E-2
12.791	-9.003E-4	4.139E-2
12.799	-1.369E-3	4.127E-2
12.808	-1.729E-3	4.109E-2
12.816	-1.887E-3	4.089E-2
12.824	-1.900E-3	4.070E-2
12.833	-1.726E-3	4.051E-2
12.841	-1.366E-3	4.039E-2
12.850	-8.403E-4	4.033E-2
12.858	-2.914E-4	4.034E-2
12.866	2.728E-4	4.039E-2
12.875	7.882E-4	4.055E-2
12.883	1.187E-3	4.076E-2
12.891	1.418E-3	4.102E-2
12.900	1.433E-3	4.129E-2
12.908	1.245E-3	4.152E-2
12.917	8.834E-4	4.171E-2
12.925	3.717E-4	4.179E-2
12.933	-1.748E-4	4.178E-2
12.942	-6.954E-4	4.174E-2
12.950	-1.148E-3	4.155E-2
12.958	-1.531E-3	4.130E-2
12.967	-1.745E-3	4.103E-2
12.975	-1.782E-3	4.072E-2
12.984	-1.605E-3	4.044E-2
12.992	-1.323E-3	4.021E-2
13.000	-8.790E-4	4.009E-2
13.009	-3.803E-4	4.011E-2
13.017	1.283E-4	4.016E-2
13.025	5.955E-4	4.037E-2
13.034	9.903E-4	4.063E-2
13.042	1.225E-3	4.098E-2
13.051	1.277E-3	4.133E-2
13.059	1.190E-3	4.166E-2
13.067	9.339E-4	4.193E-2
13.076	5.230E-4	4.207E-2
13.084	6.363E-5	4.206E-2
13.092	-4.141E-4	4.198E-2
13.101	-8.567E-4	4.176E-2
13.109	-1.247E-3	4.147E-2
13.118	-1.503E-3	4.108E-2
13.126	-1.576E-3	4.068E-2
13.134	-1.523E-3	4.034E-2
13.143	-1.304E-3	4.006E-2
13.151	-9.323E-4	3.990E-2
13.159	-5.773E-4	3.989E-2
13.168	-1.261E-4	3.994E-2
13.176	3.079E-4	4.016E-2
13.185	7.085E-4	4.050E-2
13.193	9.713E-4	4.092E-2
13.201	1.075E-3	4.134E-2
13.210	1.017E-3	4.174E-2
13.218	8.540E-4	4.204E-2
13.226	5.378E-4	4.224E-2
13.235	1.367E-4	4.228E-2
13.243	-2.745E-4	4.219E-2
13.252	-6.885E-4	4.196E-2
13.260	-1.006E-3	4.158E-2
13.268	-1.276E-3	4.112E-2
13.277	-1.396E-3	4.064E-2
13.285	-1.436E-3	4.021E-2
13.294	-1.312E-3	3.986E-2
13.302	-1.067E-3	3.965E-2
13.310	-7.610E-4	3.960E-2
13.319	-3.908E-4	3.970E-2
13.327	-2.920E-5	3.994E-2
13.335	3.015E-4	4.034E-2
13.344	5.710E-4	4.081E-2
13.352	7.261E-4	4.130E-2
13.361	7.825E-4	4.177E-2
13.369	6.812E-4	4.216E-2
13.377	4.762E-4	4.243E-2
13.386	1.985E-4	4.249E-2
13.394	-1.291E-4	4.242E-2
13.402	-4.532E-4	4.215E-2
13.411	-7.529E-4	4.176E-2
13.419	-1.008E-3	4.127E-2
13.428	-1.190E-3	4.075E-2
13.436	-1.273E-3	4.026E-2
13.444	-1.243E-3	3.987E-2
13.453	-1.072E-3	3.961E-2
13.461	-8.578E-4	3.950E-2
13.469	-5.965E-4	3.962E-2
13.478	-3.260E-4	3.989E-2
13.486	-4.245E-5	4.031E-2
13.495	1.764E-4	4.081E-2
13.503	3.396E-4	4.133E-2
13.511	4.798E-4	4.184E-2
13.520	5.048E-4	4.225E-2
13.528	3.916E-4	4.253E-2
13.536	2.360E-4	4.264E-2
13.545	5.232E-5	4.254E-2
13.553	-1.799E-4	4.226E-2
13.562	-4.263E-4	4.183E-2
13.570	-6.472E-4	4.130E-2
13.578	-8.049E-4	4.074E-2
13.587	-9.150E-4	4.022E-2
13.595	-9.229E-4	3.976E-2
13.603	-8.922E-4	3.945E-2
13.612	-8.032E-4	3.934E-2
13.620	-6.498E-4	3.943E-2
13.629	-4.223E-4	3.970E-2
13.637	-1.947E-4	4.012E-2
13.645	4.050E-5	4.066E-2
13.654	2.375E-4	4.122E-2
13.662	3.430E-4	4.176E-2
13.670	4.712E-4	4.223E-2
13.679	4.921E-4	4.253E-2
13.687	4.980E-4	4.266E-2
13.696	3.394E-4	4.262E-2
13.704	1.924E-4	4.236E-2
13.712	1.458E-5	4.197E-2
13.721	-1.776E-4	4.144E-2
13.729	-3.784E-4	4.085E-2
13.737	-5.709E-4	4.029E-2
13.746	-6.635E-4	3.984E-2
13.754	-7.337E-4	3.950E-2
13.763	-7.890E-4	3.937E-2
13.771	-7.330E-4	3.944E-2
13.779	-6.635E-4	3.970E-2
13.788	-5.107E-4	4.011E-2
13.796	-3.769E-4	4.064E-2
13.804	-1.886E-4	4.119E-2
13.813	2.213E-5	4.176E-2
13.821	1.950E-4	4.223E-2
13.830	2.852E-4	4.256E-2
13.838	3.493E-4	4.273E-2
13.846	3.578E-4	4.268E-2
13.855	3.061E-4	4.245E-2
13.863	2.345E-4	4.202E-2
13.871	7.458E-5	4.151E-2
13.880	-1.079E-4	4.093E-2
13.888	-3.016E-4	4.038E-2
13.897	-4.964E-4	3.990E-2
13.905	-6.794E-4	3.956E-2
13.913	-7.972E-4	3.943E-2
13.922	-8.864E-4	3.947E-2
13.930	-8.802E-4	3.970E-2
13.938	-8.387E-4	4.010E-2
13.947	-6.801E-4	4.061E-2
13.955	-4.966E-4	4.113E-2
13.964	-3.327E-4	4.168E-2
13.972	-1.137E-4	4.217E-2
13.980	9.535E-5	4.250E-2
13.989	2.737E-4	4.268E-2
13.997	4.254E-4	4.264E-2
14.006	4.705E-4	4.243E-2
14.014	4.864E-4	4.205E-2
14.022	4.033E-4	4.155E-2
14.031	2.229E-4	4.100E-2
14.039	-1.816E-5	4.047E-2
14.047	-3.000E-4	4.001E-2
14.056	-5.556E-4	3.970E-2
14.064	-7.935E-4	3.951E-2
14.073	-1.008E-3	3.951E-2
14.081	-1.088E-3	3.969E-2
14.089	-1.084E-3	4.006E-2
14.098	-1.075E-3	4.055E-2
14.106	-9.002E-4	4.107E-2
14.114	-6.854E-4	4.157E-2
14.123	-4.015E-4	4.200E-2
14.131	-1.060E-4	4.234E-2
14.140	1.650E-4	4.252E-2
14.148	3.885E-4	4.249E-2
14.156	5.650E-4	4.229E-2
14.165	6.262E-4	4.195E-2
14.173	6.012E-4	4.152E-2
14.181	4.898E-4	4.102E-2
14.190	2.534E-4	4.054E-2
14.198	-2.368E-5	4.010E-2
14.207	-3.707E-4	3.979E-2
14.215	-6.905E-4	3.966E-2
14.223	-9.492E-4	3.966E-2
14.232	-1.216E-3	3.984E-2
14.240	-1.326E-3	4.014E-2
14.248	-1.319E-3	4.057E-2
14.257	-1.233E-3	4.104E-2
14.265	-1.016E-3	4.150E-2
14.274	-7.448E-4	4.191E-2
14.282	-3.854E-4	4.222E-2
14.290	-2.737E-5	4.241E-2
14.299	3.120E-4	4.242E-2
14.307	5.870E-4	4.226E-2
14.315	7.862E-4	4.197E-2
14.324	8.201E-4	4.160E-2
14.332	7.493E-4	4.113E-2
14.341	5.272E-4	4.066E-2
14.349	1.772E-4	4.026E-2
14.357	-1.841E-4	3.999E-2
14.366	-5.886E-4	3.985E-2
14.374	-9.804E-4	3.986E-2
14.382	-1.292E-3	3.996E-2
14.391	-1.508E-3	4.020E-2
14.399	-1.531E-3	4.056E-2
14.408	-1.522E-3	4.096E-2
14.416	-1.304E-3	4.136E-2
14.424	-1.011E-3	4.171E-2
14.433	-6.076E-4	4.199E-2
14.441	-1.692E-4	4.214E-2
14.449	2.719E-4	4.217E-2
14.458	6.311E-4	4.207E-2
14.466	8.940E-4	4.181E-2
14.475	1.025E-3	4.151E-2
14.483	9.905E-4	4.115E-2
14.491	7.998E-4	4.079E-2
14.500	4.358E-4	4.044E-2
14.508	9.760E-6	4.018E-2
14.516	-4.300E-4	4.005E-2
14.525	-8.698E-4	4.006E-2
14.533	-1.262E-3	4.015E-2
14.542	-1.547E-3	4.035E-2
14.550	-1.695E-3	4.062E-2
14.558	-1.706E-3	4.090E-2
14.567	-1.526E-3	4.125E-2
14.575	-1.238E-3	4.153E-2
14.583	-8.223E-4	4.176E-2
14.592	-3.461E-4	4.186E-2
14.600	1.313E-4	4.183E-2
14.609	5.869E-4	4.180E-2
14.617	9.526E-4	4.159E-2
14.625	1.166E-3	4.134E-2
14.634	1.202E-3	4.107E-2
14.642	1.057E-3	4.081E-2
14.650	7.135E-4	4.057E-2
14.659	2.821E-4	4.038E-2
14.667	-2.115E-4	4.027E-2
14.676	-7.075E-4	4.028E-2
14.684	-1.202E-3	4.035E-2
14.692	-1.566E-3	4.048E-2
14.701	-1.767E-3	4.069E-2
14.709	-1.776E-3	4.089E-2
14.718	-1.674E-3	4.110E-2
14.726	-1.392E-3	4.130E-2
14.734	-1.007E-3	4.147E-2
14.743	-5.182E-4	4.156E-2
14.751	9.611E-6	4.157E-2
14.759	5.423E-4	4.155E-2
14.768	9.772E-4	4.144E-2
14.776	1.247E-3	4.130E-2
14.785	1.335E-3	4.111E-2
14.793	1.196E-3	4.092E-2
14.801	9.083E-4	4.077E-2
14.810	4.139E-4	4.064E-2
14.818	-1.171E-4	4.058E-2
14.826	-6.669E-4	4.057E-2
14.835	-1.156E-3	4.058E-2
14.843	-1.540E-3	4.064E-2
14.852	-1.802E-3	4.077E-2
14.860	-1.878E-3	4.087E-2
14.868	-1.826E-3	4.101E-2
14.877	-1.543E-3	4.110E-2
14.885	-1.132E-3	4.120E-2
14.893	-6.065E-4	4.128E-2
14.902	-5.122E-5	4.131E-2
14.910	4.713E-4	4.131E-2
14.919	9.642E-4	4.127E-2
14.927	1.281E-3	4.119E-2
14.935	1.424E-3	4.113E-2
14.944	1.391E-3	4.106E-2
14.952	1.083E-3	4.101E-2
14.960	6.328E-4	4.101E-2
14.969	9.123E-5	4.098E-2
14.977	-4.685E-4	4.093E-2
14.986	-1.024E-3	4.089E-2
14.994	-1.485E-3	4.088E-2
15.002	-1.796E-3	4.089E-2
15.011	-1.931E-3	4.088E-2
15.019	-1.942E-3	4.087E-2
15.027	-1.713E-3	4.091E-2
15.036	-1.335E-3	4.089E-2
15.044	-8.270E-4	4.088E-2
15.053	-3.062E-4	4.088E-2
15.061	2.717E-4	4.088E-2
15.069	7.782E-4	4.087E-2
15.078	1.164E-3	4.091E-2
15.086	1.367E-3	4.092E-2
15.094	1.323E-3	4.093E-2
15.103	1.087E-3	4.102E-2
15.111	6.871E-4	4.105E-2
15.120	1.552E-4	4.105E-2
15.128	-3.953E-4	4.107E-2
15.136	-9.173E-4	4.106E-2
15.145	-1.364E-3	4.103E-2
15.153	-1.711E-3	4.099E-2
15.161	-1.909E-3	4.092E-2
15.170	-1.934E-3	4.082E-2
15.178	-1.758E-3	4.076E-2
15.187	-1.457E-3	4.069E-2
15.195	-1.004E-3	4.062E-2
15.203	-4.845E-4	4.061E-2
15.212	4.666E-5	4.063E-2
15.220	5.575E-4	4.067E-2
15.228	9.868E-4	4.079E-2
15.237	1.235E-3	4.091E-2
15.245	1.273E-3	4.104E-2
15.254	1.096E-3	4.118E-2
15.262	7.687E-4	4.131E-2
15.270	3.053E-4	4.136E-2
15.279	-2.015E-4	4.135E-2
15.287	-7.223E-4	4.133E-2
15.295	-1.235E-3	4.126E-2
15.304	-1.578E-3	4.111E-2
15.312	-1.781E-3	4.094E-2
15.321	-1.830E-3	4.080E-2
15.329	-1.714E-3	4.061E-2
15.337	-1.452E-3	4.046E-2
15.346	-1.054E-3	4.035E-2
15.354	-5.776E-4	4.033E-2
15.363	-7.391E-5	4.037E-2
15.371	3.875E-4	4.046E-2
15.379	8.099E-4	4.063E-2
15.388	1.054E-3	4.083E-2
15.396	1.161E-3	4.106E-2
15.404	1.079E-3	4.129E-2
15.413	8.143E-4	4.149E-2
15.421	3.781E-4	4.162E-2
15.430	-9.648E-5	4.161E-2
15.438	-5.886E-4	4.160E-2
15.446	-1.031E-3	4.148E-2
15.455	-1.414E-3	4.128E-2
15.463	-1.685E-3	4.103E-2
15.471	-1.771E-3	4.077E-2
15.480	-1.739E-3	4.053E-2
15.488	-1.517E-3	4.032E-2
15.497	-1.156E-3	4.015E-2
15.505	-7.205E-4	4.011E-2
15.513	-2.916E-4	4.013E-2
15.522	1.438E-4	4.030E-2
15.530	5.503E-4	4.054E-2
15.538	8.205E-4	4.084E-2
15.547	9.900E-4	4.114E-2
15.555	9.639E-4	4.146E-2
15.564	7.883E-4	4.174E-2
15.572	4.668E-4	4.193E-2
15.580	7.911E-5	4.200E-2
15.589	-3.510E-4	4.199E-2
15.597	-7.806E-4	4.180E-2
15.605	-1.127E-3	4.155E-2
15.614	-1.375E-3	4.124E-2
15.622	-1.496E-3	4.088E-2
15.631	-1.501E-3	4.053E-2
15.639	-1.361E-3	4.022E-2
15.647	-1.081E-3	3.998E-2
15.656	-7.431E-4	3.989E-2
15.664	-3.583E-4	3.992E-2
15.672	4.800E-5	4.010E-2
15.681	4.018E-4	4.037E-2
15.689	6.668E-4	4.074E-2
15.698	8.291E-4	4.113E-2
15.706	8.374E-4	4.152E-2
15.714	7.324E-4	4.183E-2
15.723	5.139E-4	4.204E-2
15.731	1.817E-4	4.217E-2
15.739	-1.750E-4	4.218E-2
15.748	-5.430E-4	4.198E-2
15.756	-8.695E-4	4.171E-2
15.765	-1.109E-3	4.133E-2
15.773	-1.276E-3	4.090E-2
15.781	-1.322E-3	4.045E-2
15.790	-1.274E-3	4.010E-2
15.798	-1.074E-3	3.987E-2
15.806	-8.092E-4	3.972E-2
15.815	-5.133E-4	3.972E-2
15.823	-1.837E-4	3.990E-2
15.832	1.232E-4	4.019E-2
15.840	3.824E-4	4.060E-2
15.848	5.677E-4	4.106E-2
15.857	6.151E-4	4.152E-2
15.865	5.897E-4	4.190E-2
15.873	4.630E-4	4.221E-2
15.882	1.926E-4	4.234E-2
15.890	-8.885E-5	4.239E-2
15.899	-3.722E-4	4.219E-2
15.907	-6.427E-4	4.187E-2
15.915	-8.608E-4	4.149E-2
15.924	-1.038E-3	4.102E-2
15.932	-1.110E-3	4.055E-2
15.940	-1.106E-3	4.013E-2
15.949	-1.035E-3	3.984E-2
15.957	-8.668E-4	3.969E-2
15.966	-6.318E-4	3.969E-2
15.974	-3.912E-4	3.988E-2
15.982	-1.319E-4	4.019E-2
15.991	9.894E-5	4.061E-2
15.999	2.861E-4	4.111E-2
16.007	3.941E-4	4.157E-2
16.016	4.368E-4	4.200E-2
16.024	3.663E-4	4.229E-2
16.033	2.712E-4	4.246E-2
16.041	9.807E-5	4.246E-2
16.049	-1.026E-4	4.227E-2
16.058	-3.372E-4	4.194E-2
16.066	-5.577E-4	4.151E-2
16.075	-7.466E-4	4.102E-2
16.083	-8.585E-4	4.052E-2
16.091	-9.411E-4	4.008E-2
16.100	-9.768E-4	3.973E-2
16.108	-8.896E-4	3.955E-2
16.116	-7.967E-4	3.958E-2
16.125	-6.161E-4	3.976E-2
16.133	-4.242E-4	4.009E-2
16.142	-2.287E-4	4.054E-2
16.150	-3.958E-5	4.105E-2
16.158	1.066E-4	4.157E-2
16.167	1.913E-4	4.201E-2
16.175	2.448E-4	4.235E-2
16.183	2.602E-4	4.253E-2
16.192	1.998E-4	4.251E-2
16.200	7.908E-5	4.235E-2
16.209	-8.043E-5	4.203E-2
16.217	-2.555E-4	4.158E-2
16.225	-4.269E-4	4.106E-2
16.234	-5.813E-4	4.055E-2
16.242	-7.178E-4	4.010E-2
16.250	-8.164E-4	3.973E-2
16.259	-8.188E-4	3.951E-2
16.267	-8.301E-4	3.947E-2
16.276	-7.952E-4	3.965E-2
16.284	-6.812E-4	3.994E-2
16.292	-5.388E-4	4.040E-2
16.301	-3.668E-4	4.091E-2
16.309	-1.910E-4	4.142E-2
16.317	-4.598E-5	4.191E-2
16.326	8.508E-5	4.227E-2
16.334	1.536E-4	4.246E-2
16.343	2.057E-4	4.249E-2
16.351	1.638E-4	4.233E-2
16.359	9.850E-5	4.203E-2
16.368	8.097E-6	4.158E-2
16.376	-1.283E-4	4.108E-2
16.384	-3.267E-4	4.058E-2
16.393	-4.898E-4	4.012E-2
16.401	-6.629E-4	3.975E-2
16.410	-8.039E-4	3.951E-2
16.418	-8.588E-4	3.946E-2
16.426	-8.935E-4	3.962E-2
16.435	-8.650E-4	3.991E-2
16.443	-7.888E-4	4.034E-2
16.451	-6.598E-4	4.085E-2
16.460	-4.708E-4	4.135E-2
16.468	-3.158E-4	4.180E-2
16.477	-1.043E-4	4.217E-2
16.485	8.586E-5	4.240E-2
16.493	2.238E-4	4.245E-2
16.502	3.072E-4	4.231E-2
16.510	3.231E-4	4.201E-2
16.518	3.205E-4	4.159E-2
16.527	1.522E-4	4.111E-2
16.535	-1.123E-5	4.061E-2
16.544	-2.505E-4	4.016E-2
16.552	-5.001E-4	3.982E-2
16.560	-7.561E-4	3.964E-2
16.569	-9.129E-4	3.961E-2
16.577	-1.053E-3	3.971E-2
16.585	-1.083E-3	3.996E-2
16.594	-1.072E-3	4.035E-2
16.602	-1.016E-3	4.082E-2
16.611	-8.385E-4	4.129E-2
16.619	-5.973E-4	4.174E-2
16.627	-3.538E-4	4.207E-2
16.636	-8.640E-5	4.226E-2
16.644	1.467E-4	4.230E-2
16.652	3.343E-4	4.219E-2
16.661	4.986E-4	4.196E-2
16.669	5.352E-4	4.159E-2
16.678	4.687E-4	4.113E-2
16.686	3.030E-4	4.068E-2
16.694	7.826E-5	4.026E-2
16.703	-2.099E-4	3.994E-2
16.711	-5.025E-4	3.972E-2
16.719	-8.026E-4	3.967E-2
16.728	-1.028E-3	3.973E-2
16.736	-1.222E-3	3.996E-2
16.745	-1.279E-3	4.031E-2
16.753	-1.245E-3	4.073E-2
16.761	-1.063E-3	4.117E-2
16.770	-8.294E-4	4.159E-2
16.778	-5.447E-4	4.191E-2
16.787	-1.849E-4	4.211E-2
16.795	1.304E-4	4.222E-2
16.803	4.057E-4	4.216E-2
16.812	5.904E-4	4.196E-2
16.820	7.330E-4	4.164E-2
16.828	7.394E-4	4.129E-2
16.837	5.686E-4	4.088E-2
16.845	3.165E-4	4.050E-2
16.854	-2.917E-5	4.021E-2
16.862	-3.947E-4	4.000E-2
16.870	-7.801E-4	3.992E-2
16.879	-1.073E-3	3.996E-2
16.887	-1.310E-3	4.015E-2
16.895	-1.443E-3	4.042E-2
16.904	-1.465E-3	4.077E-2
16.912	-1.317E-3	4.112E-2
16.921	-1.066E-3	4.148E-2
16.929	-7.512E-4	4.176E-2
16.937	-3.656E-4	4.195E-2
16.946	4.757E-5	4.200E-2
16.954	3.961E-4	4.196E-2
16.962	6.908E-4	4.178E-2
16.971	8.227E-4	4.153E-2
16.979	8.335E-4	4.125E-2
16.988	7.627E-4	4.089E-2
16.996	5.184E-4	4.060E-2
17.004	1.427E-4	4.036E-2
17.013	-2.879E-4	4.017E-2
17.021	-7.169E-4	4.013E-2
17.029	-1.101E-3	4.013E-2
17.038	-1.390E-3	4.032E-2
17.046	-1.554E-3	4.055E-2
17.055	-1.599E-3	4.083E-2
17.063	-1.499E-3	4.109E-2
17.071	-1.274E-3	4.135E-2
17.080	-9.223E-4	4.156E-2
17.088	-4.946E-4	4.171E-2
17.096	-6.435E-5	4.177E-2
17.105	3.575E-4	4.175E-2
17.113	7.242E-4	4.161E-2
17.122	9.818E-4	4.142E-2
17.130	1.081E-3	4.122E-2
17.138	9.915E-4	4.100E-2
17.147	7.648E-4	4.079E-2
17.155	3.895E-4	4.061E-2
17.163	-7.339E-5	4.047E-2
17.172	-5.576E-4	4.039E-2
17.180	-1.009E-3	4.039E-2
17.189	-1.369E-3	4.050E-2
17.197	-1.603E-3	4.064E-2
17.205	-1.689E-3	4.083E-2
17.214	-1.652E-3	4.104E-2
17.222	-1.473E-3	4.123E-2
17.230	-1.119E-3	4.139E-2
17.239	-6.672E-4	4.150E-2
17.247	-1.820E-4	4.154E-2
17.256	3.027E-4	4.153E-2
17.264	7.323E-4	4.147E-2
17.272	1.047E-3	4.134E-2
17.281	1.189E-3	4.116E-2
17.289	1.198E-3	4.102E-2
17.297	9.751E-4	4.087E-2
17.306	6.163E-4	4.078E-2
17.314	1.441E-4	4.067E-2
17.323	-3.539E-4	4.062E-2
17.331	-8.401E-4	4.061E-2
17.339	-1.260E-3	4.065E-2
17.348	-1.570E-3	4.076E-2
17.356	-1.707E-3	4.085E-2
17.364	-1.717E-3	4.097E-2
17.373	-1.548E-3	4.108E-2
17.381	-1.227E-3	4.113E-2
17.390	-8.008E-4	4.119E-2
17.398	-3.255E-4	4.127E-2
17.406	1.644E-4	4.127E-2
17.415	6.078E-4	4.125E-2
17.423	9.735E-4	4.121E-2
17.431	1.178E-3	4.121E-2
17.440	1.198E-3	4.112E-2
17.448	1.056E-3	4.106E-2
17.457	7.032E-4	4.102E-2
17.465	2.790E-4	4.100E-2
17.473	-2.080E-4	4.100E-2
17.482	-6.900E-4	4.101E-2
17.490	-1.126E-3	4.102E-2
17.499	-1.463E-3	4.103E-2
17.507	-1.657E-3	4.104E-2
17.515	-1.727E-3	4.106E-2
17.524	-1.601E-3	4.106E-2
17.532	-1.308E-3	4.106E-2
17.540	-8.738E-4	4.106E-2
17.549	-3.905E-4	4.106E-2
17.557	1.178E-4	4.107E-2
17.566	5.836E-4	4.107E-2
17.574	9.746E-4	4.109E-2
17.582	1.210E-3	4.110E-2
17.591	1.262E-3	4.109E-2
17.599	1.174E-3	4.115E-2
17.607	8.924E-4	4.116E-2
17.616	4.516E-4	4.115E-2
17.624	-6.701E-5	4.113E-2
17.633	-5.940E-4	4.111E-2
17.641	-1.057E-3	4.109E-2
17.649	-1.413E-3	4.104E-2
17.658	-1.666E-3	4.099E-2
17.666	-1.751E-3	4.090E-2
17.674	-1.694E-3	4.081E-2
17.683	-1.467E-3	4.076E-2
17.691	-1.074E-3	4.072E-2
17.700	-6.187E-4	4.071E-2
17.708	-1.203E-4	4.076E-2
17.716	3.475E-4	4.082E-2
17.725	7.643E-4	4.087E-2
17.733	1.037E-3	4.100E-2
17.741	1.144E-3	4.112E-2
17.750	1.047E-3	4.125E-2
17.758	8.075E-4	4.135E-2
17.767	4.100E-4	4.145E-2
17.775	-6.593E-5	4.152E-2
17.783	-5.502E-4	4.152E-2
17.792	-1.010E-3	4.147E-2
17.800	-1.363E-3	4.134E-2
17.808	-1.609E-3	4.117E-2
17.817	-1.714E-3	4.104E-2
17.825	-1.679E-3	4.086E-2
17.834	-1.510E-3	4.068E-2
17.842	-1.167E-3	4.058E-2
17.850	-7.954E-4	4.053E-2
17.859	-3.472E-4	4.055E-2
17.867	1.120E-4	4.061E-2
17.875	5.369E-4	4.074E-2
17.884	8.180E-4	4.093E-2
17.892	9.941E-4	4.112E-2
17.901	1.004E-3	4.133E-2
17.909	8.029E-4	4.152E-2
17.917	4.913E-4	4.168E-2
17.926	9.582E-5	4.176E-2
17.934	-3.443E-4	4.177E-2
17.942	-7.888E-4	4.170E-2
17.951	-1.139E-3	4.153E-2
17.959	-1.406E-3	4.130E-2
17.968	-1.556E-3	4.106E-2
17.976	-1.545E-3	4.080E-2
17.984	-1.424E-3	4.058E-2
17.993	-1.191E-3	4.039E-2
18.001	-8.464E-4	4.030E-2
18.009	-4.138E-4	4.032E-2
18.018	1.350E-5	4.040E-2
18.026	3.964E-4	4.058E-2
18.035	6.890E-4	4.082E-2
18.043	8.277E-4	4.111E-2
18.051	8.232E-4	4.138E-2
18.060	7.619E-4	4.165E-2
18.068	5.199E-4	4.185E-2
18.076	1.675E-4	4.196E-2
18.085	-1.994E-4	4.197E-2
18.093	-5.920E-4	4.186E-2
18.102	-9.216E-4	4.171E-2
18.110	-1.195E-3	4.143E-2
18.118	-1.361E-3	4.111E-2
18.127	-1.379E-3	4.077E-2
18.135	-1.289E-3	4.049E-2
18.144	-1.100E-3	4.027E-2
18.152	-8.143E-4	4.015E-2
18.160	-4.597E-4	4.014E-2
18.169	-9.660E-5	4.020E-2
18.177	2.449E-4	4.041E-2
18.185	5.371E-4	4.068E-2
18.194	7.244E-4	4.103E-2
18.202	8.059E-4	4.140E-2
18.211	7.580E-4	4.176E-2
18.219	5.844E-4	4.200E-2
18.227	3.232E-4	4.215E-2
18.236	3.439E-5	4.219E-2
18.244	-3.005E-4	4.207E-2
18.252	-6.260E-4	4.182E-2
18.261	-8.744E-4	4.151E-2
18.269	-1.054E-3	4.111E-2
18.278	-1.137E-3	4.070E-2
18.286	-1.113E-3	4.038E-2
18.294	-9.488E-4	4.010E-2
18.303	-8.067E-4	3.993E-2
18.311	-5.511E-4	3.992E-2
18.319	-2.564E-4	3.999E-2
18.328	1.680E-5	4.020E-2
18.336	2.767E-4	4.055E-2
18.345	4.814E-4	4.095E-2
18.353	5.965E-4	4.137E-2
18.361	5.862E-4	4.175E-2
18.370	5.119E-4	4.204E-2
18.378	3.392E-4	4.222E-2
18.386	1.119E-4	4.225E-2
18.395	-1.401E-4	4.215E-2
18.403	-4.002E-4	4.192E-2
18.412	-6.333E-4	4.157E-2
18.420	-8.106E-4	4.113E-2
18.428	-9.054E-4	4.068E-2
18.437	-9.037E-4	4.028E-2
18.445	-8.785E-4	3.997E-2
18.453	-7.728E-4	3.976E-2
18.462	-6.141E-4	3.971E-2
18.470	-4.045E-4	3.976E-2
18.479	-1.713E-4	3.999E-2
18.487	5.965E-5	4.035E-2
18.495	2.591E-4	4.078E-2
18.504	3.696E-4	4.126E-2
18.512	4.261E-4	4.171E-2
18.520	3.962E-4	4.203E-2
18.529	3.137E-4	4.224E-2
18.537	2.021E-4	4.228E-2
18.546	1.379E-5	4.219E-2
18.554	-1.765E-4	4.195E-2
18.562	-3.686E-4	4.158E-2
18.571	-5.353E-4	4.112E-2
18.579	-6.793E-4	4.064E-2
18.587	-7.305E-4	4.022E-2
18.596	-8.030E-4	3.987E-2
18.604	-7.716E-4	3.966E-2
18.613	-7.228E-4	3.961E-2
18.621	-6.159E-4	3.970E-2
18.629	-4.442E-4	3.993E-2
18.638	-2.772E-4	4.032E-2
18.646	-1.151E-4	4.079E-2
18.654	2.132E-5	4.126E-2
18.663	1.370E-4	4.172E-2
18.671	1.829E-4	4.206E-2
18.680	1.775E-4	4.227E-2
18.688	1.408E-4	4.233E-2
18.696	8.181E-5	4.227E-2
18.705	-4.660E-5	4.202E-2
18.713	-1.812E-4	4.166E-2
18.721	-3.444E-4	4.123E-2
18.730	-4.958E-4	4.076E-2
18.738	-6.200E-4	4.032E-2
18.747	-7.282E-4	3.995E-2
18.755	-8.074E-4	3.971E-2
18.763	-8.158E-4	3.963E-2
18.772	-8.153E-4	3.971E-2
18.780	-7.196E-4	3.993E-2
18.788	-6.129E-4	4.030E-2
18.797	-4.551E-4	4.077E-2
18.805	-3.273E-4	4.124E-2
18.814	-1.472E-4	4.171E-2
18.822	-3.719E-5	4.206E-2
18.830	7.676E-5	4.228E-2
18.839	1.245E-4	4.239E-2
18.847	1.270E-4	4.232E-2
18.856	1.098E-4	4.206E-2
18.864	4.627E-5	4.171E-2
18.872	-8.471E-5	4.127E-2
18.881	-2.174E-4	4.081E-2
18.889	-3.763E-4	4.035E-2
18.897	-5.401E-4	3.998E-2
18.906	-6.691E-4	3.973E-2
18.914	-7.774E-4	3.963E-2
18.923	-8.239E-4	3.968E-2
18.931	-8.241E-4	3.991E-2
18.939	-7.975E-4	4.027E-2
18.948	-7.186E-4	4.071E-2
18.956	-5.897E-4	4.120E-2
18.964	-3.965E-4	4.164E-2
18.973	-2.001E-4	4.202E-2
18.981	-1.309E-5	4.226E-2
18.990	1.115E-4	4.236E-2
18.998	2.385E-4	4.230E-2
19.006	3.074E-4	4.206E-2
19.015	3.035E-4	4.174E-2
19.023	2.216E-4	4.132E-2
19.031	7.250E-5	4.086E-2
19.040	-1.079E-4	4.042E-2
19.048	-3.381E-4	4.008E-2
19.057	-5.568E-4	3.986E-2
19.065	-7.680E-4	3.973E-2
19.073	-8.963E-4	3.977E-2
19.082	-9.700E-4	3.993E-2
19.090	-1.007E-3	4.028E-2
19.098	-1.005E-3	4.068E-2
19.107	-8.457E-4	4.108E-2
19.115	-6.588E-4	4.150E-2
19.124	-4.148E-4	4.184E-2
19.132	-1.566E-4	4.205E-2
19.140	8.690E-5	4.218E-2
19.149	2.865E-4	4.215E-2
19.157	4.062E-4	4.198E-2
19.165	4.797E-4	4.171E-2
19.174	4.771E-4	4.132E-2
19.182	3.640E-4	4.090E-2
19.191	1.649E-4	4.049E-2
19.199	-9.672E-5	4.017E-2
19.207	-3.769E-4	3.993E-2
19.216	-6.503E-4	3.985E-2
19.224	-8.738E-4	3.990E-2
19.232	-1.024E-3	4.007E-2
19.241	-1.134E-3	4.036E-2
19.249	-1.117E-3	4.069E-2
19.258	-9.845E-4	4.106E-2
19.266	-8.272E-4	4.142E-2
19.274	-5.728E-4	4.177E-2
19.283	-2.908E-4	4.199E-2
19.291	1.713E-5	4.209E-2
19.299	3.146E-4	4.202E-2
19.308	5.477E-4	4.189E-2
19.316	6.627E-4	4.168E-2
19.325	6.685E-4	4.135E-2
19.333	5.711E-4	4.100E-2
19.341	3.631E-4	4.065E-2
19.350	8.583E-5	4.036E-2
19.358	-2.497E-4	4.014E-2
19.366	-5.912E-4	4.006E-2
19.375	-8.757E-4	4.009E-2
19.383	-1.135E-3	4.020E-2
19.392	-1.270E-3	4.042E-2
19.400	-1.292E-3	4.070E-2
19.408	-1.266E-3	4.103E-2
19.417	-1.072E-3	4.132E-2
19.425	-8.069E-4	4.158E-2
19.433	-4.613E-4	4.177E-2
19.442	-7.967E-5	4.186E-2
19.450	2.638E-4	4.191E-2
19.459	5.682E-4	4.179E-2
19.467	7.763E-4	4.159E-2
19.475	8.571E-4	4.132E-2
19.484	7.947E-4	4.104E-2
19.492	6.043E-4	4.076E-2
19.500	3.016E-4	4.053E-2
19.509	-6.569E-5	4.036E-2
19.517	-4.610E-4	4.026E-2
19.526	-8.114E-4	4.030E-2
19.534	-1.134E-3	4.040E-2
19.542	-1.337E-3	4.058E-2
19.551	-1.421E-3	4.082E-2
19.559	-1.425E-3	4.106E-2
19.568	-1.274E-3	4.130E-2
19.576	-9.988E-4	4.151E-2
19.584	-6.499E-4	4.169E-2
19.593	-2.289E-4	4.177E-2
19.601	1.853E-4	4.177E-2
19.609	5.357E-4	4.171E-2
19.618	8.224E-4	4.154E-2
19.626	9.464E-4	4.135E-2
19.635	9.542E-4	4.112E-2
19.643	7.991E-4	4.088E-2
19.651	5.127E-4	4.069E-2
19.660	1.317E-4	4.057E-2
19.668	-3.088E-4	4.050E-2
19.676	-7.316E-4	4.052E-2
19.685	-1.114E-3	4.059E-2
19.693	-1.379E-3	4.069E-2
19.702	-1.510E-3	4.084E-2
19.710	-1.520E-3	4.102E-2
19.718	-1.387E-3	4.119E-2
19.727	-1.098E-3	4.135E-2
19.735	-7.221E-4	4.147E-2
19.743	-3.253E-4	4.153E-2
19.752	1.065E-4	4.153E-2
19.760	5.237E-4	4.150E-2
19.769	8.504E-4	4.141E-2
19.777	1.020E-3	4.130E-2
19.785	1.059E-3	4.116E-2
19.794	9.284E-4	4.101E-2
19.802	6.589E-4	4.089E-2
19.810	2.581E-4	4.082E-2
19.819	-1.747E-4	4.078E-2
19.827	-6.138E-4	4.079E-2
19.836	-1.024E-3	4.082E-2
19.844	-1.353E-3	4.086E-2
19.852	-1.534E-3	4.091E-2
19.861	-1.554E-3	4.102E-2
19.869	-1.477E-3	4.110E-2
19.877	-1.246E-3	4.116E-2
19.886	-8.825E-4	4.120E-2
19.894	-4.444E-4	4.127E-2
19.903	3.526E-5	4.127E-2
19.911	4.885E-4	4.127E-2
19.919	8.422E-4	4.124E-2
19.928	1.063E-3	4.121E-2
19.936	1.157E-3	4.117E-2
19.944	1.017E-3	4.114E-2
19.953	7.718E-4	4.111E-2
19.961	4.074E-4	4.105E-2
19.970	-6.381E-5	4.104E-2
19.978	-5.400E-4	4.103E-2
19.986	-9.734E-4	4.104E-2
19.995	-1.328E-3	4.105E-2
20.003	-1.553E-3	4.105E-2
20.011	-1.628E-3	4.105E-2
20.020	-1.593E-3	4.106E-2
20.028	-1.360E-3	4.106E-2
20.037	-1.012E-3	4.106E-2
20.045	-6.106E-4	4.106E-2
20.053	-1.481E-4	4.106E-2
20.062	3.006E-4	4.106E-2
20.070	7.042E-4	4.109E-2
20.078	9.839E-4	4.109E-2
20.087	1.133E-3	4.111E-2
20.095	1.046E-3	4.112E-2
20.104	8.418E-4	4.111E-2
20.112	4.802E-4	4.113E-2
20.120	7.514E-5	4.116E-2
20.129	-3.794E-4	4.113E-2
20.137	-8.142E-4	4.110E-2
20.145	-1.182E-3	4.106E-2
20.154	-1.459E-3	4.104E-2
20.162	-1.601E-3	4.093E-2
20.171	-1.573E-3	4.086E-2
20.179	-1.380E-3	4.081E-2
20.187	-1.066E-3	4.076E-2
20.196	-6.629E-4	4.073E-2
20.204	-2.083E-4	4.076E-2
20.212	2.439E-4	4.078E-2
20.221	6.525E-4	4.086E-2
20.229	9.476E-4	4.093E-2
20.238	1.074E-3	4.105E-2
20.246	1.056E-3	4.115E-2
20.254	9.304E-4	4.127E-2
20.263	6.118E-4	4.135E-2
20.271	2.238E-4	4.138E-2
20.280	-2.360E-4	4.136E-2
20.288	-6.835E-4	4.132E-2
20.296	-1.033E-3	4.125E-2
20.305	-1.325E-3	4.111E-2
20.313	-1.479E-3	4.098E-2
20.321	-1.491E-3	4.082E-2
20.330	-1.380E-3	4.067E-2
20.338	-1.113E-3	4.055E-2
20.347	-7.548E-4	4.046E-2
20.355	-3.650E-4	4.042E-2
20.363	5.189E-5	4.041E-2
20.372	4.619E-4	4.055E-2
20.380	7.252E-4	4.074E-2
20.388	9.381E-4	4.092E-2
20.397	9.626E-4	4.109E-2
20.405	9.190E-4	4.129E-2
20.414	6.344E-4	4.148E-2
20.422	2.636E-4	4.156E-2
20.430	-1.290E-4	4.157E-2
20.439	-5.372E-4	4.152E-2
20.447	-8.760E-4	4.141E-2
20.455	-1.153E-3	4.127E-2
20.464	-1.322E-3	4.105E-2
20.472	-1.348E-3	4.081E-2
20.481	-1.286E-3	4.059E-2
20.489	-1.093E-3	4.040E-2
20.497	-8.026E-4	4.029E-2
20.506	-4.384E-4	4.025E-2
20.514	-4.166E-5	4.035E-2
20.522	2.876E-4	4.047E-2
20.531	5.735E-4	4.067E-2
20.539	7.658E-4	4.089E-2
20.548	8.785E-4	4.115E-2
20.556	7.824E-4	4.140E-2
20.564	5.966E-4	4.164E-2
20.573	3.168E-4	4.179E-2
20.581	-2.200E-5	4.183E-2
20.589	-3.804E-4	4.177E-2
20.598	-7.002E-4	4.160E-2
20.606	-1.001E-3	4.135E-2
20.615	-1.235E-3	4.106E-2
20.623	-1.289E-3	4.079E-2
20.631	-1.283E-3	4.050E-2
20.640	-1.120E-3	4.029E-2
20.648	-8.867E-4	4.013E-2
20.656	-5.965E-4	4.010E-2
20.665	-2.816E-4	4.015E-2
20.673	3.652E-5	4.033E-2
20.682	3.227E-4	4.058E-2
20.690	5.235E-4	4.087E-2
20.698	6.268E-4	4.120E-2
20.707	6.200E-4	4.155E-2
20.715	5.142E-4	4.179E-2
20.723	3.159E-4	4.198E-2
20.732	4.963E-5	4.202E-2
20.740	-2.291E-4	4.198E-2
20.749	-4.861E-4	4.180E-2
20.757	-7.668E-4	4.154E-2
20.765	-9.779E-4	4.120E-2
20.774	-1.084E-3	4.086E-2
20.782	-1.079E-3	4.051E-2
20.790	-1.026E-3	4.023E-2
20.799	-8.798E-4	4.003E-2
20.807	-6.497E-4	3.996E-2
20.816	-3.946E-4	4.000E-2
20.824	-1.154E-4	4.015E-2
20.832	1.136E-4	4.042E-2
20.841	3.020E-4	4.079E-2
20.849	4.125E-4	4.115E-2
20.857	4.667E-4	4.150E-2
20.866	4.394E-4	4.180E-2
20.874	2.992E-4	4.201E-2
20.883	1.172E-4	4.209E-2
20.891	-1.037E-4	4.201E-2
20.899	-3.424E-4	4.183E-2
20.908	-5.682E-4	4.154E-2
20.916	-7.611E-4	4.120E-2
20.924	-8.807E-4	4.081E-2
20.933	-9.017E-4	4.041E-2
20.941	-8.987E-4	4.009E-2
20.950	-8.098E-4	3.990E-2
20.958	-6.766E-4	3.980E-2
20.966	-4.632E-4	3.988E-2
20.975	-2.505E-4	4.006E-2
20.983	-9.099E-5	4.037E-2
20.992	7.717E-5	4.076E-2
21.000	2.230E-4	4.117E-2
21.008	2.716E-4	4.158E-2
21.017	3.035E-4	4.191E-2
21.025	2.681E-4	4.218E-2
21.033	1.898E-4	4.228E-2
21.042	2.849E-5	4.223E-2
21.050	-1.354E-4	4.204E-2
21.059	-3.002E-4	4.175E-2
21.067	-4.608E-4	4.135E-2
21.075	-5.961E-4	4.092E-2
21.084	-6.768E-4	4.049E-2
21.092	-6.669E-4	4.015E-2
21.100	-6.694E-4	3.991E-2
21.109	-6.349E-4	3.979E-2
21.117	-5.497E-4	3.988E-2
21.126	-4.184E-4	4.004E-2
21.134	-2.260E-4	4.036E-2
21.142	-1.240E-4	4.075E-2
21.151	4.473E-5	4.117E-2
21.159	1.341E-4	4.161E-2
21.167	2.339E-4	4.195E-2
21.176	2.766E-4	4.221E-2
21.184	2.810E-4	4.232E-2
21.193	2.714E-4	4.229E-2
21.201	1.264E-4	4.207E-2
21.209	3.352E-5	4.177E-2
21.218	-1.375E-4	4.136E-2
21.226	-2.414E-4	4.092E-2
21.234	-4.075E-4	4.049E-2
21.243	-4.979E-4	4.015E-2
21.251	-6.198E-4	3.990E-2
21.260	-6.383E-4	3.975E-2
21.268	-6.306E-4	3.974E-2
21.276	-5.942E-4	3.990E-2
21.285	-4.641E-4	4.018E-2
21.293	-3.948E-4	4.058E-2
21.301	-2.646E-4	4.102E-2
21.310	-1.569E-4	4.145E-2
21.318	-1.096E-5	4.182E-2
21.327	6.528E-5	4.205E-2
21.335	1.280E-4	4.220E-2
21.343	1.470E-4	4.221E-2
21.352	1.402E-4	4.202E-2
21.360	8.967E-5	4.174E-2
21.368	5.408E-6	4.137E-2
21.377	-1.102E-4	4.094E-2
21.385	-2.582E-4	4.055E-2
21.394	-4.171E-4	4.017E-2
21.402	-5.462E-4	3.991E-2
21.410	-6.704E-4	3.976E-2
21.419	-7.298E-4	3.973E-2
21.427	-7.833E-4	3.989E-2
21.435	-7.879E-4	4.016E-2
21.444	-7.419E-4	4.055E-2
21.452	-6.020E-4	4.098E-2
21.461	-4.518E-4	4.139E-2
21.469	-2.943E-4	4.174E-2
21.477	-1.203E-4	4.200E-2
21.486	3.821E-5	4.216E-2
21.494	1.497E-4	4.218E-2
21.502	2.329E-4	4.202E-2
21.511	2.736E-4	4.175E-2
21.519	2.440E-4	4.141E-2
21.528	1.322E-4	4.104E-2
21.536	4.085E-7	4.064E-2
21.544	-1.780E-4	4.028E-2
21.553	-3.709E-4	4.005E-2
21.561	-5.627E-4	3.992E-2
21.569	-7.065E-4	3.991E-2
21.578	-8.541E-4	4.003E-2
21.586	-8.972E-4	4.030E-2
21.595	-8.738E-4	4.065E-2
21.603	-7.574E-4	4.103E-2
21.611	-6.363E-4	4.141E-2
21.620	-4.264E-4	4.177E-2
21.628	-1.914E-4	4.201E-2
21.637	4.693E-5	4.215E-2
21.645	2.582E-4	4.218E-2
21.653	4.264E-4	4.206E-2
21.662	4.868E-4	4.181E-2
21.670	5.035E-4	4.150E-2
21.678	4.655E-4	4.112E-2
21.687	2.940E-4	4.076E-2
21.695	8.187E-5	4.042E-2
21.704	-1.633E-4	4.016E-2
21.712	-4.041E-4	4.003E-2
21.720	-6.358E-4	4.004E-2
21.729	-8.379E-4	4.016E-2
21.737	-8.973E-4	4.036E-2
21.745	-9.237E-4	4.064E-2
21.754	-8.703E-4	4.099E-2
21.762	-6.971E-4	4.134E-2
21.771	-5.688E-4	4.162E-2
21.779	-3.120E-4	4.182E-2
21.787	-1.394E-5	4.197E-2
21.796	2.212E-4	4.199E-2
21.804	4.145E-4	4.191E-2
21.812	5.627E-4	4.174E-2
21.821	6.157E-4	4.146E-2
21.829	5.640E-4	4.115E-2
21.838	3.971E-4	4.083E-2
21.846	1.536E-4	4.054E-2
21.854	-1.243E-4	4.033E-2
21.863	-4.196E-4	4.019E-2
21.871	-7.350E-4	4.016E-2
21.879	-1.003E-3	4.022E-2
21.888	-1.194E-3	4.039E-2
21.896	-1.288E-3	4.062E-2
21.905	-1.286E-3	4.089E-2
21.913	-1.103E-3	4.120E-2
21.921	-8.759E-4	4.148E-2
21.930	-5.904E-4	4.169E-2
21.938	-2.896E-4	4.180E-2
21.946	6.204E-5	4.182E-2
21.955	3.488E-4	4.176E-2
21.963	5.780E-4	4.158E-2
21.972	7.024E-4	4.134E-2
21.980	7.242E-4	4.108E-2
21.988	6.047E-4	4.084E-2
21.997	3.597E-4	4.059E-2
22.005	5.456E-5	4.040E-2
22.013	-3.022E-4	4.031E-2
22.022	-6.513E-4	4.030E-2
22.030	-9.564E-4	4.037E-2
22.039	-1.236E-3	4.049E-2
22.047	-1.348E-3	4.070E-2
22.055	-1.350E-3	4.089E-2
22.064	-1.250E-3	4.110E-2
22.072	-1.033E-3	4.131E-2
22.080	-7.479E-4	4.149E-2
22.089	-3.841E-4	4.157E-2
22.097	-2.867E-5	4.158E-2
22.106	3.085E-4	4.153E-2
22.114	5.904E-4	4.142E-2
22.122	7.906E-4	4.128E-2
22.131	8.209E-4	4.109E-2
22.139	7.298E-4	4.088E-2
22.147	5.171E-4	4.073E-2
22.156	1.750E-4	4.060E-2
22.164	-1.959E-4	4.054E-2
22.173	-5.920E-4	4.053E-2
22.181	-9.273E-4	4.058E-2
22.189	-1.208E-3	4.065E-2
22.198	-1.389E-3	4.080E-2
22.206	-1.433E-3	4.093E-2
22.214	-1.369E-3	4.107E-2
22.223	-1.154E-3	4.122E-2
22.231	-8.169E-4	4.133E-2
22.240	-4.473E-4	4.138E-2
22.248	-1.951E-5	4.137E-2
22.256	3.322E-4	4.133E-2
22.265	6.608E-4	4.128E-2
22.273	8.681E-4	4.117E-2
22.281	9.338E-4	4.108E-2
22.290	8.921E-4	4.097E-2
22.298	6.336E-4	4.086E-2
22.307	3.232E-4	4.080E-2
22.315	-8.242E-5	4.080E-2
22.323	-4.944E-4	4.075E-2
22.332	-8.927E-4	4.080E-2
22.340	-1.227E-3	4.084E-2
22.349	-1.464E-3	4.087E-2
22.357	-1.538E-3	4.094E-2
22.365	-1.508E-3	4.106E-2
22.374	-1.320E-3	4.112E-2
22.382	-1.028E-3	4.115E-2
22.390	-6.448E-4	4.115E-2
22.399	-2.246E-4	4.113E-2
22.407	1.952E-4	4.111E-2
22.416	5.511E-4	4.110E-2
22.424	8.198E-4	4.107E-2
22.432	9.322E-4	4.103E-2
22.441	9.387E-4	4.101E-2
22.449	7.741E-4	4.099E-2
22.457	4.902E-4	4.097E-2
22.466	1.025E-4	4.100E-2
22.474	-3.157E-4	4.102E-2
22.483	-7.390E-4	4.102E-2
22.491	-1.096E-3	4.103E-2
22.499	-1.354E-3	4.104E-2
22.508	-1.472E-3	4.104E-2
22.516	-1.482E-3	4.105E-2
22.524	-1.341E-3	4.105E-2
22.533	-1.056E-3	4.104E-2
22.541	-6.961E-4	4.104E-2
22.550	-3.250E-4	4.105E-2
22.558	9.130E-5	4.105E-2
22.566	4.820E-4	4.106E-2
22.575	7.813E-4	4.106E-2
22.583	9.521E-4	4.110E-2
22.591	9.693E-4	4.112E-2
22.600	8.562E-4	4.114E-2
22.608	5.594E-4	4.114E-2
22.617	2.010E-4	4.114E-2
22.625	-2.245E-4	4.112E-2
22.633	-6.177E-4	4.110E-2
22.642	-9.616E-4	4.107E-2
22.650	-1.280E-3	4.104E-2
22.658	-1.447E-3	4.100E-2
22.667	-1.488E-3	4.089E-2
22.675	-1.377E-3	4.083E-2
22.684	-1.129E-3	4.078E-2
22.692	-7.883E-4	4.073E-2
22.700	-4.013E-4	4.075E-2
22.709	1.926E-5	4.079E-2
22.717	4.029E-4	4.084E-2
22.725	6.943E-4	4.089E-2
22.734	8.591E-4	4.101E-2
22.742	8.762E-4	4.111E-2
22.751	7.911E-4	4.123E-2
22.759	5.578E-4	4.133E-2
22.767	2.188E-4	4.138E-2
22.776	-1.684E-4	4.135E-2
22.784	-5.749E-4	4.133E-2
22.792	-9.092E-4	4.129E-2
22.801	-1.208E-3	4.116E-2
22.809	-1.380E-3	4.104E-2
22.818	-1.436E-3	4.086E-2
22.826	-1.364E-3	4.075E-2
22.834	-1.181E-3	4.062E-2
22.843	-8.912E-4	4.055E-2
22.851	-5.476E-4	4.051E-2
22.859	-1.481E-4	4.056E-2
22.868	2.026E-4	4.062E-2
22.876	4.945E-4	4.077E-2
22.885	7.238E-4	4.093E-2
22.893	8.409E-4	4.109E-2
22.901	7.693E-4	4.128E-2
22.910	5.882E-4	4.146E-2
22.918	2.993E-4	4.156E-2
22.926	-4.432E-5	4.159E-2
22.935	-4.036E-4	4.157E-2
22.943	-7.530E-4	4.148E-2
22.952	-1.037E-3	4.132E-2
22.960	-1.261E-3	4.111E-2
22.968	-1.331E-3	4.088E-2
22.977	-1.293E-3	4.065E-2
22.985	-1.159E-3	4.045E-2
22.993	-8.939E-4	4.033E-2
23.002	-5.791E-4	4.029E-2
23.010	-2.428E-4	4.032E-2
23.019	7.190E-5	4.041E-2
23.027	3.586E-4	4.058E-2
23.035	5.745E-4	4.082E-2
23.044	6.488E-4	4.106E-2
23.052	6.235E-4	4.131E-2
23.061	5.310E-4	4.152E-2
23.069	3.078E-4	4.170E-2
23.077	3.232E-5	4.177E-2
23.086	-2.914E-4	4.176E-2
23.094	-5.958E-4	4.164E-2
23.102	-8.626E-4	4.150E-2
23.111	-1.047E-3	4.126E-2
23.119	-1.198E-3	4.097E-2
23.128	-1.231E-3	4.071E-2
23.136	-1.104E-3	4.050E-2
23.144	-9.133E-4	4.034E-2
23.153	-6.608E-4	4.024E-2
23.161	-3.666E-4	4.022E-2
23.169	-7.639E-5	4.034E-2
23.178	1.608E-4	4.055E-2
23.186	3.630E-4	4.083E-2
23.195	5.067E-4	4.111E-2
23.203	5.492E-4	4.140E-2
23.211	4.852E-4	4.171E-2
23.220	3.504E-4	4.189E-2
23.228	1.096E-4	4.201E-2
23.236	-1.401E-4	4.200E-2
23.245	-4.040E-4	4.187E-2
23.253	-6.425E-4	4.167E-2
23.262	-8.304E-4	4.139E-2
23.270	-9.329E-4	4.105E-2
23.278	-1.016E-3	4.072E-2
23.287	-1.002E-3	4.045E-2
23.295	-8.886E-4	4.020E-2
23.303	-7.017E-4	4.010E-2
23.312	-5.123E-4	4.012E-2
23.320	-3.021E-4	4.021E-2
23.329	-8.452E-5	4.042E-2
23.337	1.039E-4	4.070E-2
23.345	2.681E-4	4.109E-2
23.354	3.355E-4	4.143E-2
23.362	3.276E-4	4.175E-2
23.370	2.542E-4	4.198E-2
23.379	1.158E-4	4.208E-2
23.387	-8.576E-5	4.205E-2
23.396	-3.216E-4	4.194E-2
23.404	-5.180E-4	4.172E-2
23.412	-6.828E-4	4.140E-2
23.421	-8.023E-4	4.107E-2
23.429	-8.622E-4	4.070E-2
23.437	-8.720E-4	4.037E-2
23.446	-8.363E-4	4.013E-2
23.454	-7.204E-4	3.998E-2
23.463	-5.841E-4	3.995E-2
23.471	-4.042E-4	4.008E-2
23.479	-2.178E-4	4.033E-2
23.488	-4.479E-5	4.065E-2
23.496	8.332E-5	4.101E-2
23.504	1.545E-4	4.139E-2
23.513	1.918E-4	4.173E-2
23.521	1.528E-4	4.198E-2
23.530	9.652E-5	4.210E-2
23.538	-1.989E-5	4.216E-2
23.546	-1.596E-4	4.204E-2
23.555	-3.407E-4	4.179E-2
23.563	-4.631E-4	4.145E-2
23.571	-5.847E-4	4.110E-2
23.580	-6.773E-4	4.068E-2
23.588	-7.316E-4	4.034E-2
23.597	-7.707E-4	4.010E-2
23.605	-7.794E-4	3.993E-2
23.613	-6.633E-4	3.992E-2
23.622	-5.622E-4	4.003E-2
23.630	-4.196E-4	4.029E-2
23.638	-3.206E-4	4.063E-2
23.647	-1.613E-4	4.101E-2
23.655	-6.892E-5	4.140E-2
23.664	2.096E-5	4.177E-2
23.672	9.380E-5	4.203E-2
23.680	1.003E-4	4.219E-2
23.689	7.651E-5	4.222E-2
23.697	1.401E-5	4.209E-2
23.705	-5.409E-5	4.183E-2
23.714	-1.965E-4	4.150E-2
23.722	-3.172E-4	4.110E-2
23.731	-4.287E-4	4.070E-2
23.739	-5.233E-4	4.038E-2
23.747	-6.148E-4	4.011E-2
23.756	-6.284E-4	3.993E-2
23.764	-6.321E-4	3.992E-2
23.773	-6.234E-4	4.000E-2
23.781	-5.460E-4	4.020E-2
23.789	-4.611E-4	4.054E-2
23.798	-3.408E-4	4.091E-2
23.806	-2.180E-4	4.130E-2
23.814	-9.243E-5	4.166E-2
23.823	1.809E-5	4.197E-2
23.831	1.036E-4	4.212E-2
23.840	1.487E-4	4.219E-2
23.848	1.426E-4	4.207E-2
23.856	1.270E-4	4.182E-2
23.865	5.036E-5	4.151E-2
23.873	-5.859E-5	4.112E-2
23.881	-1.997E-4	4.074E-2
23.890	-3.236E-4	4.039E-2
23.898	-4.577E-4	4.012E-2
23.907	-5.630E-4	3.994E-2
23.915	-6.532E-4	3.992E-2
23.923	-6.775E-4	3.997E-2
23.932	-6.624E-4	4.017E-2
23.940	-6.297E-4	4.046E-2
23.948	-5.237E-4	4.083E-2
23.957	-4.160E-4	4.124E-2
23.965	-2.293E-4	4.158E-2
23.974	-9.729E-5	4.183E-2
23.982	4.853E-5	4.199E-2
23.990	1.809E-4	4.202E-2
23.999	2.507E-4	4.195E-2
24.007	2.890E-4	4.175E-2
24.015	2.920E-4	4.147E-2
24.024	1.986E-4	4.110E-2
24.032	5.881E-5	4.075E-2
24.041	-1.015E-4	4.041E-2
24.049	-2.771E-4	4.013E-2
24.057	-4.564E-4	3.995E-2
24.066	-6.235E-4	3.993E-2
24.074	-7.287E-4	3.997E-2
24.082	-8.124E-4	4.016E-2
24.091	-8.251E-4	4.043E-2
24.099	-7.678E-4	4.078E-2
24.108	-6.609E-4	4.113E-2
24.116	-4.842E-4	4.148E-2
24.124	-3.262E-4	4.173E-2
24.133	-1.096E-4	4.191E-2
24.141	7.932E-5	4.198E-2
24.149	2.393E-4	4.193E-2
24.158	3.558E-4	4.176E-2
24.166	3.582E-4	4.149E-2
24.175	3.527E-4	4.116E-2
24.183	2.177E-4	4.083E-2
24.191	2.517E-5	4.053E-2
24.200	-1.750E-4	4.030E-2
24.208	-3.983E-4	4.013E-2
24.216	-6.217E-4	4.013E-2
24.225	-7.956E-4	4.014E-2
24.233	-9.330E-4	4.032E-2
24.242	-1.022E-3	4.057E-2
24.250	-1.021E-3	4.087E-2
24.258	-8.997E-4	4.116E-2
24.267	-7.270E-4	4.146E-2
24.275	-5.331E-4	4.172E-2
24.283	-2.995E-4	4.187E-2
24.292	-4.688E-5	4.196E-2
24.300	1.686E-4	4.192E-2
24.309	3.322E-4	4.178E-2
24.317	4.543E-4	4.154E-2
24.325	4.197E-4	4.126E-2
24.334	3.052E-4	4.097E-2
24.342	1.169E-4	4.070E-2
24.350	-1.275E-4	4.051E-2
24.359	-3.918E-4	4.038E-2
24.367	-6.523E-4	4.036E-2
24.376	-8.765E-4	4.036E-2
24.384	-1.056E-3	4.048E-2
24.392	-1.177E-3	4.069E-2
24.401	-1.232E-3	4.090E-2
24.409	-1.110E-3	4.116E-2
24.417	-9.361E-4	4.139E-2
24.426	-7.272E-4	4.157E-2
24.434	-4.368E-4	4.172E-2
24.443	-1.257E-4	4.177E-2
24.451	1.502E-4	4.176E-2
24.459	3.676E-4	4.160E-2
24.468	5.371E-4	4.140E-2
24.476	5.526E-4	4.121E-2
24.485	5.350E-4	4.100E-2
24.493	3.406E-4	4.079E-2
24.501	8.206E-5	4.061E-2
24.510	-2.110E-4	4.048E-2
24.518	-5.551E-4	4.044E-2
24.526	-8.387E-4	4.042E-2
24.535	-1.071E-3	4.056E-2
24.543	-1.247E-3	4.072E-2
24.552	-1.300E-3	4.091E-2
24.560	-1.259E-3	4.110E-2
24.568	-1.070E-3	4.129E-2
24.577	-8.248E-4	4.147E-2
24.585	-5.280E-4	4.156E-2
24.593	-1.658E-4	4.159E-2
24.602	1.412E-4	4.155E-2
24.610	4.260E-4	4.149E-2
24.619	5.865E-4	4.134E-2
24.627	7.084E-4	4.115E-2
24.635	6.940E-4	4.098E-2
24.644	4.943E-4	4.083E-2
24.652	2.384E-4	4.069E-2
24.660	-7.093E-5	4.058E-2
24.669	-4.256E-4	4.056E-2
24.677	-7.725E-4	4.057E-2
24.686	-1.061E-3	4.064E-2
24.694	-1.276E-3	4.078E-2
24.702	-1.347E-3	4.088E-2
24.711	-1.330E-3	4.104E-2
24.719	-1.165E-3	4.114E-2
24.727	-9.502E-4	4.126E-2
24.736	-6.349E-4	4.132E-2
24.744	-2.812E-4	4.134E-2
24.753	8.710E-5	4.132E-2
24.761	3.844E-4	4.128E-2
24.769	6.104E-4	4.121E-2
24.778	7.747E-4	4.110E-2
24.786	7.841E-4	4.102E-2
24.794	5.934E-4	4.090E-2
24.803	3.462E-4	4.083E-2
24.811	1.685E-5	4.079E-2
24.820	-3.466E-4	4.078E-2
24.828	-7.370E-4	4.079E-2
24.836	-1.054E-3	4.081E-2
24.845	-1.295E-3	4.087E-2
24.853	-1.427E-3	4.091E-2
24.861	-1.454E-3	4.099E-2
24.870	-1.328E-3	4.107E-2
24.878	-1.078E-3	4.111E-2
24.887	-7.505E-4	4.110E-2
24.895	-3.950E-4	4.112E-2
24.903	-1.830E-5	4.110E-2
24.912	3.178E-4	4.108E-2
24.920	5.737E-4	4.106E-2
24.928	7.763E-4	4.104E-2
24.937	7.850E-4	4.104E-2
24.945	6.765E-4	4.100E-2
24.954	4.081E-4	4.100E-2
24.962	8.287E-5	4.100E-2
24.970	-3.027E-4	4.101E-2
24.979	-6.692E-4	4.102E-2
24.987	-1.016E-3	4.103E-2
24.995	-1.298E-3	4.104E-2
25.004	-1.437E-3	4.105E-2
25.012	-1.504E-3	4.105E-2
25.021	-1.372E-3	4.105E-2
25.029	-1.156E-3	4.104E-2
25.037	-8.471E-4	4.104E-2
25.046	-4.415E-4	4.104E-2
25.054	-7.108E-5	4.104E-2
25.062	2.845E-4	4.105E-2
25.071	5.838E-4	4.106E-2
25.079	7.849E-4	4.109E-2
25.088	8.361E-4	4.109E-2
25.096	7.542E-4	4.112E-2
25.104	5.483E-4	4.115E-2
25.113	2.519E-4	4.114E-2
25.121	-9.752E-5	4.113E-2
25.130	-4.910E-4	4.111E-2
25.138	-8.474E-4	4.110E-2
25.146	-1.121E-3	4.106E-2
25.155	-1.299E-3	4.102E-2
25.163	-1.354E-3	4.094E-2
25.171	-1.293E-3	4.088E-2
25.180	-1.125E-3	4.082E-2
25.188	-8.387E-4	4.081E-2
25.197	-4.861E-4	4.078E-2
25.205	-1.487E-4	4.079E-2
25.213	2.197E-4	4.082E-2
25.222	4.995E-4	4.086E-2
25.230	7.135E-4	4.096E-2
25.238	8.384E-4	4.108E-2
25.247	8.039E-4	4.118E-2
25.255	6.043E-4	4.131E-2
25.264	3.193E-4	4.136E-2
25.272	-1.167E-5	4.135E-2
25.280	-3.875E-4	4.135E-2
25.289	-7.332E-4	4.130E-2
25.297	-1.032E-3	4.124E-2
25.305	-1.260E-3	4.111E-2
25.314	-1.332E-3	4.099E-2
25.322	-1.295E-3	4.085E-2
25.331	-1.179E-3	4.072E-2
25.339	-9.574E-4	4.063E-2
25.347	-6.557E-4	4.062E-2
25.356	-3.224E-4	4.058E-2
25.364	3.699E-5	4.062E-2
25.372	3.392E-4	4.075E-2
25.381	5.664E-4	4.087E-2
25.389	6.474E-4	4.105E-2
25.398	6.273E-4	4.124E-2
25.406	5.279E-4	4.139E-2
25.414	3.009E-4	4.150E-2
25.423	2.587E-5	4.155E-2
25.431	-3.118E-4	4.155E-2
25.439	-6.162E-4	4.151E-2
25.448	-8.898E-4	4.137E-2
25.456	-1.079E-3	4.119E-2
25.465	-1.210E-3	4.104E-2
25.473	-1.243E-3	4.083E-2
25.481	-1.128E-3	4.063E-2
25.490	-9.277E-4	4.049E-2
25.498	-6.963E-4	4.041E-2
25.506	-4.091E-4	4.040E-2
25.515	-1.057E-4	4.045E-2
25.523	1.702E-4	4.059E-2
25.532	3.683E-4	4.079E-2
25.540	5.132E-4	4.103E-2
25.548	5.582E-4	4.126E-2
25.557	4.936E-4	4.147E-2
25.565	3.242E-4	4.164E-2
25.573	9.036E-5	4.177E-2
25.582	-1.835E-4	4.177E-2
25.590	-4.554E-4	4.172E-2
25.599	-7.033E-4	4.155E-2
25.607	-9.213E-4	4.134E-2
25.615	-1.020E-3	4.109E-2
25.624	-1.075E-3	4.083E-2
25.632	-1.020E-3	4.059E-2
25.640	-9.000E-4	4.040E-2
25.649	-6.830E-4	4.029E-2
25.657	-4.233E-4	4.030E-2
25.666	-1.478E-4	4.037E-2
25.674	9.470E-5	4.054E-2
25.682	2.982E-4	4.077E-2
25.691	4.714E-4	4.105E-2
25.699	5.267E-4	4.132E-2
25.707	5.192E-4	4.157E-2
25.716	3.966E-4	4.178E-2
25.724	2.099E-4	4.188E-2
25.733	-3.374E-5	4.192E-2
25.741	-3.001E-4	4.186E-2
25.749	-5.484E-4	4.172E-2
25.758	-7.651E-4	4.149E-2
25.766	-8.940E-4	4.120E-2
25.774	-9.461E-4	4.090E-2
25.783	-9.750E-4	4.060E-2
25.791	-8.858E-4	4.037E-2
25.800	-7.544E-4	4.023E-2
25.808	-5.691E-4	4.020E-2
25.816	-3.442E-4	4.022E-2
25.825	-1.354E-4	4.039E-2
25.833	5.221E-5	4.063E-2
25.842	1.759E-4	4.092E-2
25.850	2.755E-4	4.126E-2
25.858	2.980E-4	4.154E-2
25.867	2.816E-4	4.177E-2
25.875	1.390E-4	4.191E-2
25.883	-3.183E-5	4.198E-2
25.892	-2.164E-4	4.192E-2
25.900	-3.907E-4	4.176E-2
25.909	-5.728E-4	4.148E-2
25.917	-6.923E-4	4.115E-2
25.925	-7.545E-4	4.082E-2
25.934	-7.981E-4	4.051E-2
25.942	-7.875E-4	4.026E-2
25.950	-7.310E-4	4.013E-2
25.959	-6.052E-4	4.013E-2
25.967	-4.571E-4	4.013E-2
25.976	-2.980E-4	4.036E-2
25.984	-1.273E-4	4.062E-2
25.992	-3.786E-6	4.092E-2
26.001	8.395E-5	4.127E-2
26.009	1.226E-4	4.159E-2
26.017	1.187E-4	4.182E-2
26.026	1.089E-4	4.199E-2
26.034	5.603E-6	4.202E-2
26.043	-1.026E-4	4.197E-2
26.051	-2.480E-4	4.178E-2
26.059	-3.869E-4	4.151E-2
26.068	-5.130E-4	4.115E-2
26.076	-6.199E-4	4.080E-2
26.084	-6.860E-4	4.045E-2
26.093	-6.894E-4	4.017E-2
26.101	-6.614E-4	3.998E-2
26.110	-6.045E-4	3.992E-2
26.118	-5.213E-4	3.993E-2
26.126	-4.098E-4	4.015E-2
26.135	-3.036E-4	4.043E-2
26.143	-1.802E-4	4.078E-2
26.151	-7.268E-5	4.113E-2
26.160	-5.324E-7	4.148E-2
26.168	-5.710E-6	4.176E-2
26.177	-1.208E-5	4.195E-2
26.185	4.623E-6	4.200E-2
26.193	-3.699E-5	4.196E-2
26.202	-1.195E-4	4.178E-2
26.210	-2.000E-4	4.151E-2
26.218	-3.256E-4	4.116E-2
26.227	-4.046E-4	4.080E-2
26.235	-5.246E-4	4.044E-2
26.244	-5.924E-4	4.015E-2
26.252	-6.280E-4	3.996E-2
26.260	-6.532E-4	3.989E-2
26.269	-6.343E-4	3.991E-2
26.277	-5.912E-4	4.013E-2
26.285	-5.268E-4	4.039E-2
26.294	-4.235E-4	4.075E-2
26.302	-3.184E-4	4.109E-2
26.311	-1.914E-4	4.146E-2
26.319	-8.940E-5	4.175E-2
26.327	-2.999E-5	4.195E-2
26.336	3.667E-5	4.201E-2
26.344	7.916E-5	4.197E-2
26.352	7.048E-5	4.179E-2
26.361	2.743E-5	4.153E-2
26.369	-5.050E-5	4.120E-2
26.378	-1.622E-4	4.086E-2
26.386	-2.987E-4	4.052E-2
26.394	-4.181E-4	4.023E-2
26.403	-5.289E-4	4.005E-2
26.411	-6.251E-4	3.998E-2
26.419	-6.701E-4	4.000E-2
26.428	-6.664E-4	4.016E-2
26.436	-6.544E-4	4.040E-2
26.445	-5.696E-4	4.075E-2
26.453	-4.618E-4	4.109E-2
26.461	-3.337E-4	4.142E-2
26.470	-1.912E-4	4.174E-2
26.478	-7.243E-6	4.192E-2
26.486	6.566E-5	4.200E-2
26.495	1.680E-4	4.197E-2
26.503	2.034E-4	4.181E-2
26.512	1.724E-4	4.156E-2
26.520	1.129E-4	4.126E-2
26.528	2.506E-5	4.090E-2
26.537	-9.685E-5	4.058E-2
26.545	-2.881E-4	4.032E-2
26.554	-4.433E-4	4.014E-2
26.562	-5.840E-4	4.007E-2
26.570	-7.287E-4	4.011E-2
26.579	-8.093E-4	4.024E-2
26.587	-8.142E-4	4.052E-2
26.595	-8.114E-4	4.083E-2
26.604	-7.465E-4	4.115E-2
26.612	-6.010E-4	4.143E-2
26.621	-4.130E-4	4.173E-2
26.629	-2.219E-4	4.191E-2
26.637	-3.006E-5	4.200E-2
26.646	1.203E-4	4.199E-2
26.654	2.423E-4	4.183E-2
26.662	3.148E-4	4.158E-2
26.671	3.070E-4	4.131E-2
26.679	2.294E-4	4.100E-2
26.688	7.096E-5	4.069E-2
26.696	-1.128E-4	4.043E-2
26.704	-3.401E-4	4.023E-2
26.713	-5.651E-4	4.014E-2
26.721	-7.677E-4	4.015E-2
26.729	-8.957E-4	4.028E-2
26.738	-9.277E-4	4.053E-2
26.746	-9.811E-4	4.080E-2
26.755	-9.231E-4	4.108E-2
26.763	-7.953E-4	4.134E-2
26.771	-5.808E-4	4.156E-2
26.780	-3.524E-4	4.174E-2
26.788	-1.178E-4	4.179E-2
26.796	1.082E-4	4.178E-2
26.805	2.955E-4	4.169E-2
26.813	3.762E-4	4.152E-2
26.822	3.940E-4	4.128E-2
26.830	3.301E-4	4.102E-2
26.838	1.812E-4	4.077E-2
26.847	-1.579E-5	4.056E-2
26.855	-3.024E-4	4.040E-2
26.863	-5.689E-4	4.034E-2
26.872	-8.186E-4	4.035E-2
26.880	-1.022E-3	4.043E-2
26.889	-1.099E-3	4.061E-2
26.897	-1.096E-3	4.083E-2
26.905	-1.075E-3	4.106E-2
26.914	-9.776E-4	4.129E-2
26.922	-7.920E-4	4.149E-2
26.930	-5.396E-4	4.163E-2
26.939	-2.413E-4	4.173E-2
26.947	2.722E-5	4.174E-2
26.956	2.765E-4	4.166E-2
26.964	4.592E-4	4.152E-2
26.972	5.050E-4	4.132E-2
26.981	5.069E-4	4.110E-2
26.989	3.507E-4	4.087E-2
26.997	1.177E-4	4.068E-2
27.006	-1.340E-4	4.056E-2
27.014	-4.127E-4	4.049E-2
27.023	-7.012E-4	4.052E-2
27.031	-9.878E-4	4.059E-2
27.039	-1.149E-3	4.070E-2
27.048	-1.252E-3	4.086E-2
27.056	-1.241E-3	4.105E-2
27.064	-1.076E-3	4.123E-2
27.073	-8.753E-4	4.139E-2
27.081	-6.002E-4	4.150E-2
27.090	-3.148E-4	4.155E-2
27.098	1.473E-5	4.154E-2
27.106	3.103E-4	4.150E-2
27.115	5.391E-4	4.138E-2
27.123	6.272E-4	4.123E-2
27.131	6.070E-4	4.109E-2
27.140	5.169E-4	4.090E-2
27.148	2.969E-4	4.079E-2
27.157	2.889E-5	4.067E-2
27.165	-3.063E-4	4.061E-2
27.173	-6.159E-4	4.061E-2
27.182	-8.989E-4	4.065E-2
27.190	-1.094E-3	4.075E-2
27.198	-1.221E-3	4.086E-2
27.207	-1.241E-3	4.099E-2
27.215	-1.155E-3	4.110E-2
27.224	-9.167E-4	4.121E-2
27.232	-6.328E-4	4.131E-2
27.240	-3.051E-4	4.134E-2
27.249	2.835E-5	4.133E-2
27.257	3.322E-4	4.130E-2
27.266	5.724E-4	4.125E-2
27.274	7.250E-4	4.114E-2
27.282	7.675E-4	4.105E-2
27.291	7.078E-4	4.096E-2
27.299	5.047E-4	4.089E-2
27.307	2.435E-4	4.083E-2
27.316	-1.079E-4	4.080E-2
27.324	-4.339E-4	4.081E-2
27.333	-7.209E-4	4.082E-2
27.341	-1.034E-3	4.086E-2
27.349	-1.182E-3	4.087E-2
27.358	-1.226E-3	4.098E-2
27.366	-1.194E-3	4.106E-2
27.374	-1.023E-3	4.109E-2
27.383	-7.738E-4	4.111E-2
27.391	-4.431E-4	4.111E-2
27.400	-8.885E-5	4.110E-2
27.408	2.315E-4	4.109E-2
27.416	4.995E-4	4.106E-2
27.425	6.723E-4	4.105E-2
27.433	7.391E-4	4.104E-2
27.441	6.657E-4	4.102E-2
27.450	4.853E-4	4.103E-2
27.458	2.149E-4	4.101E-2
27.467	-1.268E-4	4.102E-2
27.475	-4.777E-4	4.102E-2
27.483	-8.281E-4	4.103E-2
27.492	-1.076E-3	4.104E-2
27.500	-1.284E-3	4.105E-2
27.508	-1.303E-3	4.105E-2
27.517	-1.295E-3	4.105E-2
27.525	-1.111E-3	4.104E-2
27.534	-8.576E-4	4.104E-2
27.542	-5.479E-4	4.104E-2
27.550	-2.014E-4	4.104E-2
27.559	1.473E-4	4.104E-2
27.567	4.351E-4	4.106E-2
27.575	5.959E-4	4.108E-2
27.584	7.196E-4	4.108E-2
27.592	6.883E-4	4.112E-2
27.601	5.319E-4	4.114E-2
27.609	2.854E-4	4.112E-2
27.617	-4.633E-5	4.114E-2
27.626	-3.906E-4	4.112E-2
27.634	-7.224E-4	4.110E-2
27.642	-1.019E-3	4.107E-2
27.651	-1.252E-3	4.104E-2
27.659	-1.310E-3	4.100E-2
27.668	-1.303E-3	4.089E-2
27.676	-1.177E-3	4.083E-2
27.684	-9.839E-4	4.079E-2
27.693	-6.903E-4	4.078E-2
27.701	-3.473E-4	4.079E-2
27.709	2.158E-5	4.080E-2
27.718	3.248E-4	4.085E-2
27.726	5.562E-4	4.091E-2
27.735	6.489E-4	4.102E-2
27.743	6.177E-4	4.110E-2
27.751	5.246E-4	4.119E-2
27.760	3.072E-4	4.130E-2
27.768	3.185E-5	4.134E-2
27.776	-3.089E-4	4.133E-2
27.785	-6.080E-4	4.130E-2
27.793	-8.800E-4	4.126E-2
27.802	-1.074E-3	4.113E-2
27.810	-1.213E-3	4.103E-2
27.818	-1.239E-3	4.088E-2
27.827	-1.136E-3	4.078E-2
27.835	-9.417E-4	4.065E-2
27.843	-7.011E-4	4.059E-2
27.852	-4.095E-4	4.058E-2
27.860	-1.090E-4	4.058E-2
27.869	1.727E-4	4.068E-2
27.877	3.847E-4	4.081E-2
27.885	5.444E-4	4.096E-2
27.894	5.616E-4	4.112E-2
27.902	5.166E-4	4.128E-2
27.911	3.290E-4	4.138E-2
27.919	9.176E-5	4.147E-2
27.927	-2.005E-4	4.151E-2
27.936	-4.895E-4	4.148E-2
27.944	-7.927E-4	4.138E-2
27.952	-1.022E-3	4.124E-2
27.961	-1.118E-3	4.107E-2
27.969	-1.116E-3	4.087E-2
27.978	-1.069E-3	4.067E-2
27.986	-9.444E-4	4.054E-2
27.994	-7.532E-4	4.043E-2
28.003	-5.010E-4	4.039E-2
28.011	-2.073E-4	4.041E-2
28.019	7.576E-5	4.054E-2
28.028	3.035E-4	4.071E-2
28.036	4.307E-4	4.090E-2
28.045	5.059E-4	4.110E-2
28.053	4.733E-4	4.130E-2
28.061	3.493E-4	4.149E-2
28.070	1.347E-4	4.158E-2
28.078	-1.100E-4	4.160E-2
28.086	-3.796E-4	4.155E-2
28.095	-6.170E-4	4.145E-2
28.103	-8.194E-4	4.129E-2
28.112	-9.662E-4	4.107E-2
28.120	-1.015E-3	4.083E-2
28.128	-1.029E-3	4.060E-2
28.137	-9.502E-4	4.040E-2
28.145	-8.015E-4	4.030E-2
28.153	-5.831E-4	4.025E-2
28.162	-3.553E-4	4.034E-2
28.170	-1.170E-4	4.044E-2
28.179	1.040E-4	4.061E-2
28.187	2.673E-4	4.085E-2
28.195	3.420E-4	4.110E-2
28.204	3.387E-4	4.133E-2
28.212	2.720E-4	4.154E-2
28.220	1.206E-4	4.169E-2
28.229	-8.103E-5	4.174E-2
28.237	-3.232E-4	4.173E-2
28.246	-5.421E-4	4.159E-2
28.254	-7.057E-4	4.137E-2
28.262	-8.533E-4	4.108E-2
28.271	-9.392E-4	4.083E-2
28.279	-9.699E-4	4.058E-2
28.287	-9.071E-4	4.035E-2
28.296	-8.050E-4	4.020E-2
28.304	-6.241E-4	4.013E-2
28.313	-4.209E-4	4.016E-2
28.321	-2.176E-4	4.031E-2
28.329	-3.079E-5	4.055E-2
28.338	1.054E-4	4.082E-2
28.346	1.696E-4	4.109E-2
28.354	1.976E-4	4.136E-2
28.363	1.395E-4	4.158E-2
28.371	7.844E-5	4.175E-2
28.380	-8.096E-5	4.178E-2
28.388	-2.175E-4	4.177E-2
28.396	-3.715E-4	4.164E-2
28.405	-5.453E-4	4.147E-2
28.413	-6.614E-4	4.119E-2
28.421	-7.670E-4	4.089E-2
28.430	-7.910E-4	4.060E-2
28.438	-8.009E-4	4.036E-2
28.447	-7.771E-4	4.017E-2
28.455	-6.445E-4	4.011E-2
28.463	-5.362E-4	4.013E-2
28.472	-3.811E-4	4.028E-2
28.480	-2.254E-4	4.054E-2
28.488	-9.548E-5	4.084E-2
28.497	2.539E-5	4.112E-2
28.505	9.999E-5	4.142E-2
28.514	1.076E-4	4.172E-2
28.522	9.222E-5	4.191E-2
28.530	2.388E-5	4.198E-2
28.539	-6.393E-5	4.198E-2
28.547	-1.912E-4	4.182E-2
28.555	-3.181E-4	4.157E-2
28.564	-4.309E-4	4.129E-2
28.572	-5.229E-4	4.095E-2
28.581	-6.065E-4	4.066E-2
28.589	-6.152E-4	4.038E-2
28.597	-6.383E-4	4.018E-2
28.606	-5.941E-4	4.011E-2
28.614	-5.337E-4	4.013E-2
28.623	-4.472E-4	4.023E-2
28.631	-3.381E-4	4.045E-2
28.639	-2.244E-4	4.075E-2
28.648	-1.100E-4	4.109E-2
28.656	-3.440E-5	4.139E-2
28.664	9.194E-6	4.165E-2
28.673	5.028E-5	4.185E-2
28.681	5.851E-5	4.195E-2
28.690	6.035E-5	4.196E-2
28.698	1.095E-5	4.179E-2
28.706	-8.277E-5	4.157E-2
28.715	-1.905E-4	4.128E-2
28.723	-2.617E-4	4.094E-2
28.731	-3.946E-4	4.063E-2
28.740	-4.183E-4	4.036E-2
28.748	-4.743E-4	4.016E-2
28.757	-5.651E-4	4.007E-2
28.765	-5.684E-4	4.010E-2
28.773	-5.482E-4	4.021E-2
28.782	-5.020E-4	4.043E-2
28.790	-4.398E-4	4.072E-2
28.798	-3.262E-4	4.108E-2
28.807	-2.320E-4	4.137E-2
28.815	-1.476E-4	4.164E-2
28.824	-8.661E-5	4.184E-2
28.832	-3.365E-5	4.196E-2
28.840	-4.500E-5	4.197E-2
28.849	-6.322E-5	4.182E-2
28.857	-8.496E-5	4.157E-2
28.865	-1.362E-4	4.129E-2
28.874	-2.123E-4	4.099E-2
28.882	-3.307E-4	4.066E-2
28.891	-4.206E-4	4.038E-2
28.899	-5.283E-4	4.016E-2
28.907	-6.065E-4	4.009E-2
28.916	-6.680E-4	4.011E-2
28.924	-6.813E-4	4.020E-2
28.932	-6.599E-4	4.040E-2
28.941	-6.009E-4	4.067E-2
28.949	-5.264E-4	4.100E-2
28.958	-4.137E-4	4.131E-2
28.966	-2.909E-4	4.157E-2
28.974	-1.539E-4	4.176E-2
28.983	-4.643E-5	4.186E-2
28.991	5.256E-5	4.183E-2
28.999	9.388E-5	4.173E-2
29.008	1.325E-4	4.153E-2
29.016	1.081E-4	4.127E-2
29.025	3.316E-5	4.098E-2
29.033	-7.666E-5	4.068E-2
29.041	-2.343E-4	4.039E-2
29.050	-3.869E-4	4.018E-2
29.058	-5.533E-4	4.009E-2
29.066	-6.730E-4	4.011E-2
29.075	-7.562E-4	4.019E-2
29.083	-8.082E-4	4.038E-2
29.092	-8.110E-4	4.063E-2
29.100	-7.831E-4	4.092E-2
29.108	-6.179E-4	4.122E-2
29.117	-4.618E-4	4.150E-2
29.125	-2.991E-4	4.170E-2
29.133	-1.211E-4	4.178E-2
29.142	5.119E-5	4.178E-2
29.150	1.531E-4	4.172E-2
29.159	2.306E-4	4.153E-2
29.167	2.107E-4	4.129E-2
29.175	1.284E-4	4.103E-2
29.184	4.611E-5	4.077E-2
29.192	-1.293E-4	4.054E-2
29.200	-3.303E-4	4.036E-2
29.209	-5.195E-4	4.023E-2
29.217	-6.950E-4	4.020E-2
29.226	-8.220E-4	4.031E-2
29.234	-9.014E-4	4.047E-2
29.242	-9.195E-4	4.066E-2
29.251	-8.812E-4	4.091E-2
29.259	-7.324E-4	4.115E-2
29.267	-5.912E-4	4.136E-2
29.276	-3.858E-4	4.153E-2
29.284	-1.579E-4	4.163E-2
29.293	4.856E-5	4.161E-2
29.301	2.423E-4	4.155E-2
29.309	3.645E-4	4.136E-2
29.318	4.049E-4	4.116E-2
29.326	3.671E-4	4.090E-2
29.335	2.645E-4	4.065E-2
29.343	9.072E-5	4.042E-2
29.351	-1.166E-4	4.027E-2
29.360	-3.631E-4	4.020E-2
29.368	-5.988E-4	4.018E-2
29.376	-7.882E-4	4.023E-2
29.385	-9.455E-4	4.037E-2
29.393	-1.030E-3	4.056E-2
29.402	-1.028E-3	4.080E-2
29.410	-9.474E-4	4.102E-2
29.418	-8.023E-4	4.124E-2
29.427	-5.752E-4	4.138E-2
29.435	-3.384E-4	4.148E-2
29.443	-8.576E-5	4.150E-2
29.452	1.289E-4	4.150E-2
29.460	3.184E-4	4.132E-2
29.469	4.073E-4	4.116E-2
29.477	3.955E-4	4.098E-2
29.485	3.057E-4	4.080E-2
29.494	1.187E-4	4.062E-2
29.502	-1.155E-4	4.050E-2
29.510	-3.757E-4	4.045E-2
29.519	-6.235E-4	4.040E-2
29.527	-8.441E-4	4.043E-2
29.536	-1.044E-3	4.054E-2
29.544	-1.110E-3	4.069E-2
29.552	-1.113E-3	4.084E-2
29.561	-1.060E-3	4.102E-2
29.569	-8.748E-4	4.120E-2
29.577	-6.320E-4	4.131E-2
29.586	-3.525E-4	4.136E-2
29.594	-7.746E-5	4.136E-2
29.603	1.647E-4	4.131E-2
29.611	3.703E-4	4.126E-2
29.619	5.180E-4	4.111E-2
29.628	5.665E-4	4.100E-2
29.636	4.953E-4	4.084E-2
29.644	3.287E-4	4.075E-2
29.653	9.141E-5	4.064E-2
29.661	-1.915E-4	4.059E-2
29.670	-4.862E-4	4.058E-2
29.678	-7.904E-4	4.061E-2
29.686	-1.011E-3	4.066E-2
29.695	-1.153E-3	4.078E-2
29.703	-1.205E-3	4.088E-2
29.711	-1.127E-3	4.101E-2
29.720	-9.606E-4	4.108E-2
29.728	-7.662E-4	4.118E-2
29.737	-4.707E-4	4.127E-2
29.745	-1.735E-4	4.128E-2
29.753	1.111E-4	4.127E-2
29.762	3.488E-4	4.125E-2
29.770	5.399E-4	4.112E-2
29.778	5.910E-4	4.105E-2
29.787	5.534E-4	4.099E-2
29.795	3.753E-4	4.090E-2
29.804	1.306E-4	4.084E-2
29.812	-1.453E-4	4.083E-2
29.820	-4.616E-4	4.083E-2
29.829	-7.553E-4	4.082E-2
29.837	-1.017E-3	4.084E-2
29.845	-1.190E-3	4.087E-2
29.854	-1.282E-3	4.092E-2
29.862	-1.269E-3	4.098E-2
29.871	-1.083E-3	4.103E-2
29.879	-8.528E-4	4.107E-2
29.887	-5.780E-4	4.109E-2
29.896	-2.798E-4	4.108E-2
29.904	5.570E-5	4.107E-2
29.912	3.185E-4	4.107E-2
29.921	5.363E-4	4.105E-2
29.929	6.016E-4	4.103E-2
29.938	5.791E-4	4.102E-2
29.946	4.846E-4	4.102E-2
29.954	2.453E-4	4.102E-2
29.963	-3.811E-5	4.102E-2
29.971	-3.622E-4	4.103E-2
29.979	-6.781E-4	4.104E-2
29.988	-9.184E-4	4.105E-2
29.996	-1.086E-3	4.105E-2
30.005	-1.187E-3	4.105E-2
30.013	-1.219E-3	4.105E-2
30.021	-1.081E-3	4.105E-2
30.030	-8.799E-4	4.104E-2
30.038	-5.972E-4	4.103E-2
30.047	-2.999E-4	4.103E-2
30.055	2.061E-5	4.104E-2
30.063	3.112E-4	4.105E-2
30.072	5.393E-4	4.105E-2
30.080	6.559E-4	4.108E-2
30.088	6.299E-4	4.111E-2
30.097	5.305E-4	4.112E-2
30.105	3.298E-4	4.113E-2
30.114	5.474E-5	4.113E-2
30.122	-2.593E-4	4.111E-2
30.130	-5.818E-4	4.110E-2
30.139	-8.524E-4	4.108E-2
30.147	-1.047E-3	4.105E-2
30.155	-1.203E-3	4.101E-2
30.164	-1.235E-3	4.094E-2
30.172	-1.120E-3	4.091E-2
30.181	-9.264E-4	4.083E-2
30.189	-6.652E-4	4.081E-2
30.197	-3.644E-4	4.081E-2
30.206	-4.619E-5	4.082E-2
30.214	2.047E-4	4.085E-2
30.222	4.026E-4	4.088E-2
30.231	5.385E-4	4.099E-2
30.239	5.797E-4	4.109E-2
30.248	5.213E-4	4.115E-2
30.256	3.397E-4	4.124E-2
30.264	9.993E-5	4.130E-2
30.273	-1.866E-4	4.132E-2
30.281	-4.733E-4	4.131E-2
30.289	-7.839E-4	4.126E-2
30.298	-1.005E-3	4.116E-2
30.306	-1.116E-3	4.105E-2
30.315	-1.157E-3	4.091E-2
30.323	-1.077E-3	4.080E-2
30.331	-9.405E-4	4.068E-2
30.340	-7.490E-4	4.060E-2
30.348	-4.848E-4	4.058E-2
30.356	-2.028E-4	4.059E-2
30.365	8.520E-5	4.064E-2
30.373	3.162E-4	4.076E-2
30.382	4.576E-4	4.087E-2
30.390	5.065E-4	4.105E-2
30.398	4.819E-4	4.116E-2
30.407	3.510E-4	4.129E-2
30.415	1.319E-4	4.136E-2
30.423	-1.175E-4	4.138E-2
30.432	-3.967E-4	4.136E-2
30.440	-6.406E-4	4.129E-2
30.449	-8.495E-4	4.118E-2
30.457	-9.866E-4	4.104E-2
30.465	-1.049E-3	4.086E-2
30.474	-1.038E-3	4.069E-2
30.482	-9.497E-4	4.055E-2
30.490	-8.052E-4	4.043E-2
30.499	-5.658E-4	4.038E-2
30.507	-3.202E-4	4.039E-2
30.516	-8.382E-5	4.047E-2
30.524	1.260E-4	4.062E-2
30.532	3.057E-4	4.081E-2
30.541	3.585E-4	4.101E-2
30.549	3.497E-4	
30.557	2.748E-4	
