	mass A	
t	x	
0.000	-4.637E-3
0.008	-4.665E-3
0.017	-4.669E-3
0.025	-4.669E-3
0.034	-4.668E-3
0.042	-4.666E-3
0.050	-4.660E-3
0.059	-4.641E-3
0.067	-4.620E-3
0.075	-4.607E-3
0.084	-4.612E-3
0.092	-4.494E-3
0.101	-4.399E-3
0.109	-4.238E-3
0.117	-4.030E-3
0.126	-3.786E-3
0.134	-3.493E-3
0.142	-3.110E-3
0.151	-2.486E-3
0.159	-1.680E-3
0.168	-6.933E-4
0.176	4.035E-4
0.184	1.392E-3
0.193	2.277E-3
0.201	2.822E-3
0.209	2.994E-3
0.218	2.772E-3
0.226	2.091E-3
0.235	1.187E-3
0.243	1.492E-4
0.251	-9.779E-4
0.260	-1.956E-3
0.268	-2.728E-3
0.276	-3.274E-3
0.285	-3.469E-3
0.293	-3.342E-3
0.302	-3.008E-3
0.310	-2.336E-3
0.318	-1.441E-3
0.327	-4.807E-4
0.335	6.225E-4
0.343	1.610E-3
0.352	2.367E-3
0.360	2.847E-3
0.369	2.927E-3
0.377	2.552E-3
0.385	1.869E-3
0.394	9.091E-4
0.402	-1.300E-4
0.410	-1.210E-3
0.419	-2.187E-3
0.427	-2.900E-3
0.436	-3.447E-3
0.444	-3.588E-3
0.452	-3.476E-3
0.461	-3.002E-3
0.469	-2.312E-3
0.477	-1.327E-3
0.486	-3.126E-4
0.494	7.279E-4
0.503	1.699E-3
0.511	2.438E-3
0.519	2.783E-3
0.528	2.793E-3
0.536	2.367E-3
0.544	1.630E-3
0.553	6.513E-4
0.561	-3.954E-4
0.570	-1.376E-3
0.578	-2.307E-3
0.586	-3.007E-3
0.595	-3.418E-3
0.603	-3.516E-3
0.611	-3.293E-3
0.620	-2.760E-3
0.628	-2.036E-3
0.637	-1.079E-3
0.645	-2.863E-5
0.653	9.860E-4
0.662	1.890E-3
0.670	2.583E-3
0.678	2.869E-3
0.687	2.816E-3
0.695	2.336E-3
0.704	1.551E-3
0.712	5.983E-4
0.720	-5.155E-4
0.729	-1.532E-3
0.737	-2.392E-3
0.746	-3.047E-3
0.754	-3.405E-3
0.762	-3.463E-3
0.771	-3.251E-3
0.779	-2.715E-3
0.787	-1.938E-3
0.796	-9.922E-4
0.804	8.771E-5
0.813	1.124E-3
0.821	1.996E-3
0.829	2.652E-3
0.838	2.887E-3
0.846	2.740E-3
0.854	2.260E-3
0.863	1.395E-3
0.871	4.104E-4
0.880	-6.159E-4
0.888	-1.625E-3
0.896	-2.451E-3
0.905	-3.032E-3
0.913	-3.374E-3
0.921	-3.395E-3
0.930	-3.073E-3
0.938	-2.562E-3
0.947	-1.750E-3
0.955	-7.734E-4
0.963	2.382E-4
0.972	1.283E-3
0.980	2.091E-3
0.988	2.647E-3
0.997	2.816E-3
1.005	2.596E-3
1.014	2.048E-3
1.022	1.191E-3
1.030	1.747E-4
1.039	-8.232E-4
1.047	-1.791E-3
1.055	-2.567E-3
1.064	-3.056E-3
1.072	-3.290E-3
1.081	-3.246E-3
1.089	-2.924E-3
1.097	-2.320E-3
1.106	-1.513E-3
1.114	-5.164E-4
1.122	4.659E-4
1.131	1.420E-3
1.139	2.255E-3
1.148	2.743E-3
1.156	2.849E-3
1.164	2.565E-3
1.173	1.910E-3
1.181	1.070E-3
1.189	3.364E-5
1.198	-9.854E-4
1.206	-1.910E-3
1.215	-2.676E-3
1.223	-3.153E-3
1.231	-3.317E-3
1.240	-3.274E-3
1.248	-2.875E-3
1.256	-2.247E-3
1.265	-1.365E-3
1.273	-3.584E-4
1.282	6.407E-4
1.290	1.549E-3
1.298	2.285E-3
1.307	2.723E-3
1.315	2.758E-3
1.323	2.443E-3
1.332	1.717E-3
1.340	8.476E-4
1.349	-1.463E-4
1.357	-1.160E-3
1.365	-2.042E-3
1.374	-2.727E-3
1.382	-3.152E-3
1.390	-3.276E-3
1.399	-3.068E-3
1.407	-2.678E-3
1.416	-1.992E-3
1.424	-1.084E-3
1.432	-1.223E-4
1.441	8.774E-4
1.449	1.751E-3
1.458	2.389E-3
1.466	2.757E-3
1.474	2.714E-3
1.483	2.318E-3
1.491	1.589E-3
1.499	7.013E-4
1.508	-3.004E-4
1.516	-1.286E-3
1.525	-2.172E-3
1.533	-2.764E-3
1.541	-3.150E-3
1.550	-3.220E-3
1.558	-2.990E-3
1.566	-2.510E-3
1.575	-1.787E-3
1.583	-8.646E-4
1.592	1.230E-4
1.600	1.084E-3
1.608	1.907E-3
1.617	2.507E-3
1.625	2.779E-3
1.633	2.635E-3
1.642	2.119E-3
1.650	1.379E-3
1.659	4.342E-4
1.667	-5.545E-4
1.675	-1.501E-3
1.684	-2.289E-3
1.692	-2.826E-3
1.700	-3.070E-3
1.709	-3.110E-3
1.717	-2.900E-3
1.726	-2.343E-3
1.734	-1.598E-3
1.742	-6.581E-4
1.751	3.366E-4
1.759	1.284E-3
1.767	2.065E-3
1.776	2.589E-3
1.784	2.782E-3
1.793	2.585E-3
1.801	2.047E-3
1.809	1.255E-3
1.818	2.716E-4
1.826	-7.459E-4
1.834	-1.673E-3
1.843	-2.443E-3
1.851	-2.973E-3
1.860	-3.200E-3
1.868	-3.180E-3
1.876	-2.817E-3
1.885	-2.262E-3
1.893	-1.480E-3
1.901	-5.680E-4
1.910	4.008E-4
1.918	1.330E-3
1.927	2.065E-3
1.935	2.557E-3
1.943	2.695E-3
1.952	2.410E-3
1.960	1.811E-3
1.968	1.003E-3
1.977	3.435E-5
1.985	-9.803E-4
1.994	-1.866E-3
2.002	-2.545E-3
2.010	-3.005E-3
2.019	-3.207E-3
2.027	-3.065E-3
2.035	-2.731E-3
2.044	-2.107E-3
2.052	-1.261E-3
2.061	-3.384E-4
2.069	6.168E-4
2.077	1.512E-3
2.086	2.230E-3
2.094	2.629E-3
2.103	2.679E-3
2.111	2.328E-3
2.119	1.713E-3
2.128	8.606E-4
2.136	-9.536E-5
2.144	-1.039E-3
2.153	-1.931E-3
2.161	-2.575E-3
2.170	-2.984E-3
2.178	-3.103E-3
2.186	-3.019E-3
2.195	-2.585E-3
2.203	-1.956E-3
2.211	-1.108E-3
2.220	-1.555E-4
2.228	7.892E-4
2.237	1.648E-3
2.245	2.300E-3
2.253	2.606E-3
2.262	2.589E-3
2.270	2.244E-3
2.278	1.587E-3
2.287	7.099E-4
2.295	-2.661E-4
2.304	-1.224E-3
2.312	-2.026E-3
2.320	-2.648E-3
2.329	-3.008E-3
2.337	-3.096E-3
2.345	-2.960E-3
2.354	-2.499E-3
2.362	-1.821E-3
2.371	-9.923E-4
2.379	-5.662E-5
2.387	8.732E-4
2.396	1.657E-3
2.404	2.277E-3
2.412	2.549E-3
2.421	2.511E-3
2.429	2.070E-3
2.438	1.357E-3
2.446	4.723E-4
2.454	-4.984E-4
2.463	-1.375E-3
2.471	-2.128E-3
2.479	-2.733E-3
2.488	-3.016E-3
2.496	-3.025E-3
2.505	-2.775E-3
2.513	-2.287E-3
2.521	-1.594E-3
2.530	-7.465E-4
2.538	1.647E-4
2.546	1.095E-3
2.555	1.835E-3
2.563	2.357E-3
2.572	2.565E-3
2.580	2.418E-3
2.588	1.910E-3
2.597	1.168E-3
2.605	2.540E-4
2.613	-6.638E-4
2.622	-1.574E-3
2.630	-2.276E-3
2.639	-2.764E-3
2.647	-3.016E-3
2.655	-3.000E-3
2.664	-2.714E-3
2.672	-2.209E-3
2.680	-1.494E-3
2.689	-6.005E-4
2.697	3.267E-4
2.706	1.190E-3
2.714	1.905E-3
2.722	2.342E-3
2.731	2.509E-3
2.739	2.297E-3
2.747	1.782E-3
2.756	1.041E-3
2.764	1.378E-4
2.773	-7.852E-4
2.781	-1.619E-3
2.789	-2.279E-3
2.798	-2.742E-3
2.806	-2.964E-3
2.815	-2.936E-3
2.823	-2.554E-3
2.831	-2.001E-3
2.840	-1.245E-3
2.848	-3.570E-4
2.856	5.473E-4
2.865	1.382E-3
2.873	2.060E-3
2.882	2.501E-3
2.890	2.560E-3
2.898	2.298E-3
2.907	1.680E-3
2.915	8.959E-4
2.923	-2.939E-5
2.932	-9.525E-4
2.940	-1.758E-3
2.949	-2.393E-3
2.957	-2.807E-3
2.965	-2.964E-3
2.974	-2.812E-3
2.982	-2.432E-3
2.990	-1.849E-3
2.999	-1.063E-3
3.007	-1.870E-4
3.016	6.897E-4
3.024	1.488E-3
3.032	2.071E-3
3.041	2.471E-3
3.049	2.502E-3
3.057	2.135E-3
3.066	1.533E-3
3.074	6.975E-4
3.083	-2.288E-4
3.091	-1.116E-3
3.099	-1.861E-3
3.108	-2.462E-3
3.116	-2.797E-3
3.124	-2.913E-3
3.133	-2.747E-3
3.141	-2.322E-3
3.150	-1.719E-3
3.158	-8.990E-4
3.166	-7.266E-6
3.175	8.675E-4
3.183	1.629E-3
3.191	2.210E-3
3.200	2.487E-3
3.208	2.397E-3
3.217	2.017E-3
3.225	1.364E-3
3.233	5.165E-4
3.242	-3.647E-4
3.250	-1.244E-3
3.258	-2.006E-3
3.267	-2.543E-3
3.275	-2.802E-3
3.284	-2.828E-3
3.292	-2.644E-3
3.300	-2.222E-3
3.309	-1.558E-3
3.317	-7.538E-4
3.325	1.520E-4
3.334	1.005E-3
3.342	1.701E-3
3.351	2.244E-3
3.359	2.492E-3
3.367	2.333E-3
3.376	1.872E-3
3.384	1.182E-3
3.392	3.515E-4
3.401	-5.428E-4
3.409	-1.349E-3
3.418	-2.051E-3
3.426	-2.548E-3
3.434	-2.795E-3
3.443	-2.768E-3
3.451	-2.525E-3
3.459	-2.031E-3
3.468	-1.339E-3
3.476	-5.223E-4
3.485	3.530E-4
3.493	1.185E-3
3.501	1.851E-3
3.510	2.326E-3
3.518	2.487E-3
3.527	2.323E-3
3.535	1.810E-3
3.543	1.096E-3
3.552	2.363E-4
3.560	-6.337E-4
3.568	-1.458E-3
3.577	-2.129E-3
3.585	-2.597E-3
3.594	-2.830E-3
3.602	-2.765E-3
3.610	-2.485E-3
3.619	-1.977E-3
3.627	-1.253E-3
3.635	-4.099E-4
3.644	4.446E-4
3.652	1.273E-3
3.661	1.898E-3
3.669	2.300E-3
3.677	2.369E-3
3.686	2.119E-3
3.694	1.599E-3
3.702	8.694E-4
3.711	6.430E-6
3.719	-8.450E-4
3.728	-1.625E-3
3.736	-2.252E-3
3.744	-2.666E-3
3.753	-2.821E-3
3.761	-2.726E-3
3.769	-2.377E-3
3.778	-1.844E-3
3.786	-1.072E-3
3.795	-2.536E-4
3.803	6.066E-4
3.811	1.365E-3
3.820	1.994E-3
3.828	2.317E-3
3.836	2.322E-3
3.845	2.054E-3
3.853	1.505E-3
3.862	7.074E-4
3.870	-1.414E-4
3.878	-9.908E-4
3.887	-1.757E-3
3.895	-2.326E-3
3.903	-2.685E-3
3.912	-2.777E-3
3.920	-2.659E-3
3.929	-2.280E-3
3.937	-1.711E-3
3.945	-9.537E-4
3.954	-1.081E-4
3.962	7.049E-4
3.970	1.435E-3
3.979	2.003E-3
3.987	2.291E-3
3.996	2.299E-3
4.004	1.896E-3
4.012	1.316E-3
4.021	5.599E-4
4.029	-2.941E-4
4.037	-1.114E-3
4.046	-1.821E-3
4.054	-2.345E-3
4.063	-2.662E-3
4.071	-2.736E-3
4.079	-2.542E-3
4.088	-2.141E-3
4.096	-1.530E-3
4.104	-7.696E-4
4.113	8.662E-5
4.121	8.968E-4
4.130	1.594E-3
4.138	2.087E-3
4.146	2.313E-3
4.155	2.260E-3
4.163	1.838E-3
4.171	1.184E-3
4.180	4.012E-4
4.188	-4.499E-4
4.197	-1.276E-3
4.205	-1.966E-3
4.213	-2.476E-3
4.222	-2.734E-3
4.230	-2.739E-3
4.239	-2.520E-3
4.247	-2.052E-3
4.255	-1.368E-3
4.264	-5.788E-4
4.272	2.392E-4
4.280	1.042E-3
4.289	1.685E-3
4.297	2.106E-3
4.306	2.286E-3
4.314	2.111E-3
4.322	1.664E-3
4.331	1.008E-3
4.339	1.659E-4
4.347	-6.505E-4
4.356	-1.410E-3
4.364	-2.080E-3
4.373	-2.513E-3
4.381	-2.725E-3
4.389	-2.714E-3
4.398	-2.451E-3
4.406	-1.976E-3
4.414	-1.282E-3
4.423	-5.013E-4
4.431	3.327E-4
4.440	1.104E-3
4.448	1.763E-3
4.456	2.158E-3
4.465	2.260E-3
4.473	2.044E-3
4.481	1.577E-3
4.490	8.861E-4
4.498	8.608E-5
4.507	-7.548E-4
4.515	-1.517E-3
4.523	-2.101E-3
4.532	-2.506E-3
4.540	-2.673E-3
4.548	-2.587E-3
4.557	-2.268E-3
4.565	-1.753E-3
4.574	-1.043E-3
4.582	-2.718E-4
4.590	5.458E-4
4.599	1.309E-3
4.607	1.873E-3
4.615	2.265E-3
4.624	2.305E-3
4.632	2.028E-3
4.641	1.495E-3
4.649	7.485E-4
4.657	-7.624E-5
4.666	-8.895E-4
4.674	-1.589E-3
4.682	-2.166E-3
4.691	-2.532E-3
4.699	-2.630E-3
4.708	-2.538E-3
4.716	-2.210E-3
4.724	-1.636E-3
4.733	-9.541E-4
4.741	-1.686E-4
4.749	6.375E-4
4.758	1.352E-3
4.766	1.884E-3
4.775	2.230E-3
4.783	2.221E-3
4.791	1.831E-3
4.800	1.306E-3
4.808	5.984E-4
4.816	-2.503E-4
4.825	-1.052E-3
4.833	-1.758E-3
4.842	-2.270E-3
4.850	-2.550E-3
4.858	-2.630E-3
4.867	-2.505E-3
4.875	-2.087E-3
4.883	-1.512E-3
4.892	-7.836E-4
4.900	-5.709E-6
4.909	7.984E-4
4.917	1.507E-3
4.925	2.018E-3
4.934	2.279E-3
4.942	2.155E-3
4.951	1.803E-3
4.959	1.191E-3
4.967	4.282E-4
4.976	-3.699E-4
4.984	-1.134E-3
4.992	-1.790E-3
5.001	-2.269E-3
5.009	-2.520E-3
5.018	-2.537E-3
5.026	-2.297E-3
5.034	-1.925E-3
5.043	-1.301E-3
5.051	-5.755E-4
5.059	1.918E-4
5.068	9.543E-4
5.076	1.593E-3
5.085	2.048E-3
5.093	2.255E-3
5.101	2.087E-3
5.110	1.669E-3
5.118	1.063E-3
5.126	2.931E-4
5.135	-5.401E-4
5.143	-1.282E-3
5.152	-1.911E-3
5.160	-2.339E-3
5.168	-2.544E-3
5.177	-2.527E-3
5.185	-2.269E-3
5.193	-1.807E-3
5.202	-1.185E-3
5.210	-4.644E-4
5.219	3.212E-4
5.227	1.084E-3
5.235	1.666E-3
5.244	2.054E-3
5.252	2.192E-3
5.260	1.988E-3
5.269	1.564E-3
5.277	9.022E-4
5.286	1.378E-4
5.294	-6.581E-4
5.302	-1.344E-3
5.311	-1.963E-3
5.319	-2.331E-3
5.327	-2.504E-3
5.336	-2.490E-3
5.344	-2.193E-3
5.353	-1.726E-3
5.361	-1.059E-3
5.369	-3.106E-4
5.378	4.447E-4
5.386	1.157E-3
5.394	1.734E-3
5.403	2.038E-3
5.411	2.091E-3
5.420	1.845E-3
5.428	1.366E-3
5.436	6.900E-4
5.445	-8.630E-5
5.453	-8.422E-4
5.461	-1.540E-3
5.470	-2.073E-3
5.478	-2.435E-3
5.487	-2.545E-3
5.495	-2.467E-3
5.503	-2.122E-3
5.512	-1.627E-3
5.520	-1.009E-3
5.528	-2.522E-4
5.537	5.379E-4
5.545	1.165E-3
5.554	1.673E-3
5.562	1.973E-3
5.570	1.905E-3
5.579	1.621E-3
5.587	1.109E-3
5.596	4.267E-4
5.604	-3.463E-4
5.612	-1.089E-3
5.621	-1.757E-3
5.629	-2.274E-3
5.637	-2.566E-3
5.646	-2.638E-3
5.654	-2.513E-3
5.663	-2.158E-3
5.671	-1.608E-3
5.679	-8.955E-4
5.688	-1.049E-4
5.696	6.527E-4
5.704	1.312E-3
5.713	1.801E-3
5.721	2.041E-3
5.730	2.019E-3
5.738	1.676E-3
5.746	1.111E-3
5.755	4.033E-4
5.763	-3.466E-4
5.771	-1.078E-3
5.780	-1.736E-3
5.788	-2.228E-3
5.797	-2.497E-3
5.805	-2.527E-3
5.813	-2.307E-3
5.822	-1.947E-3
5.830	-1.331E-3
5.838	-6.306E-4
5.847	1.327E-4
5.855	8.741E-4
5.864	1.507E-3
5.872	1.924E-3
5.880	2.077E-3
5.889	1.999E-3
5.897	1.617E-3
5.905	1.054E-3
5.914	3.577E-4
5.922	-4.094E-4
5.931	-1.120E-3
5.939	-1.745E-3
5.947	-2.204E-3
5.956	-2.436E-3
5.964	-2.455E-3
5.972	-2.242E-3
5.981	-1.800E-3
5.989	-1.206E-3
5.998	-5.154E-4
6.006	2.268E-4
6.014	9.374E-4
6.023	1.539E-3
6.031	1.905E-3
6.039	2.035E-3
6.048	1.862E-3
6.056	1.479E-3
6.065	8.373E-4
6.073	1.227E-4
6.081	-6.072E-4
6.090	-1.301E-3
6.098	-1.891E-3
6.106	-2.300E-3
6.115	-2.483E-3
6.123	-2.445E-3
6.132	-2.205E-3
6.140	-1.763E-3
6.148	-1.102E-3
6.157	-3.660E-4
6.165	3.753E-4
6.173	1.079E-3
6.182	1.616E-3
6.190	1.968E-3
6.199	2.016E-3
6.207	1.810E-3
6.215	1.361E-3
6.224	7.263E-4
6.232	-2.053E-5
6.240	-7.679E-4
6.249	-1.440E-3
6.257	-2.020E-3
6.266	-2.341E-3
6.274	-2.471E-3
6.282	-2.377E-3
6.291	-2.100E-3
6.299	-1.589E-3
6.308	-9.593E-4
6.316	-2.591E-4
6.324	4.669E-4
6.333	1.124E-3
6.341	1.619E-3
6.349	1.907E-3
6.358	1.887E-3
6.366	1.635E-3
6.375	1.152E-3
6.383	5.179E-4
6.391	-2.631E-4
6.400	-1.000E-3
6.408	-1.630E-3
6.416	-2.202E-3
6.425	-2.530E-3
6.433	-2.570E-3
6.442	-2.471E-3
6.450	-2.105E-3
6.458	-1.558E-3
6.467	-8.718E-4
6.475	-1.343E-4
6.483	6.051E-4
6.492	1.249E-3
6.500	1.651E-3
6.509	1.861E-3
6.517	1.849E-3
6.525	1.547E-3
6.534	1.053E-3
6.542	3.963E-4
6.550	-3.222E-4
6.559	-1.043E-3
6.567	-1.657E-3
6.576	-2.145E-3
6.584	-2.455E-3
6.592	-2.517E-3
6.601	-2.330E-3
6.609	-1.969E-3
6.617	-1.394E-3
6.626	-7.676E-4
6.634	-5.659E-5
6.643	6.378E-4
6.651	1.265E-3
6.659	1.708E-3
6.668	1.832E-3
6.676	1.772E-3
6.684	1.446E-3
6.693	8.772E-4
6.701	2.063E-4
6.710	-5.314E-4
6.718	-1.246E-3
6.726	-1.825E-3
6.735	-2.253E-3
6.743	-2.481E-3
6.751	-2.491E-3
6.760	-2.288E-3
6.768	-1.861E-3
6.777	-1.279E-3
6.785	-5.914E-4
6.793	1.322E-4
6.802	8.309E-4
6.810	1.382E-3
6.818	1.779E-3
6.827	1.904E-3
6.835	1.784E-3
6.844	1.390E-3
6.852	8.406E-4
6.860	1.516E-4
6.869	-5.751E-4
6.877	-1.255E-3
6.885	-1.804E-3
6.894	-2.197E-3
6.902	-2.344E-3
6.911	-2.304E-3
6.919	-2.058E-3
6.927	-1.617E-3
6.936	-1.031E-3
6.944	-3.341E-4
6.952	3.706E-4
6.961	1.047E-3
6.969	1.582E-3
6.978	1.881E-3
6.986	1.963E-3
6.994	1.782E-3
7.003	1.361E-3
7.011	7.865E-4
7.020	1.054E-4
7.028	-6.092E-4
7.036	-1.265E-3
7.045	-1.796E-3
7.053	-2.156E-3
7.061	-2.291E-3
7.070	-2.246E-3
7.078	-1.980E-3
7.087	-1.526E-3
7.095	-8.950E-4
7.103	-2.038E-4
7.112	4.562E-4
7.120	1.094E-3
7.128	1.587E-3
7.137	1.863E-3
7.145	1.878E-3
7.154	1.635E-3
7.162	1.181E-3
7.170	5.937E-4
7.179	-1.078E-4
7.187	-8.064E-4
7.195	-1.426E-3
7.204	-1.962E-3
7.212	-2.274E-3
7.221	-2.336E-3
7.229	-2.247E-3
7.237	-1.949E-3
7.246	-1.447E-3
7.254	-8.345E-4
7.262	-1.265E-4
7.271	5.742E-4
7.279	1.169E-3
7.288	1.612E-3
7.296	1.848E-3
7.304	1.833E-3
7.313	1.575E-3
7.321	1.099E-3
7.329	4.575E-4
7.338	-2.680E-4
7.346	-9.482E-4
7.355	-1.567E-3
7.363	-2.018E-3
7.371	-2.292E-3
7.380	-2.304E-3
7.388	-2.169E-3
7.396	-1.827E-3
7.405	-1.295E-3
7.413	-6.614E-4
7.422	2.227E-5
7.430	6.767E-4
7.438	1.279E-3
7.447	1.674E-3
7.455	1.850E-3
7.463	1.795E-3
7.472	1.524E-3
7.480	1.002E-3
7.489	3.454E-4
7.497	-3.423E-4
7.505	-1.027E-3
7.514	-1.583E-3
7.522	-2.009E-3
7.530	-2.253E-3
7.539	-2.265E-3
7.547	-2.058E-3
7.556	-1.701E-3
7.564	-1.175E-3
7.572	-5.604E-4
7.581	1.245E-4
7.589	8.096E-4
7.597	1.354E-3
7.606	1.754E-3
7.614	1.881E-3
7.623	1.792E-3
7.631	1.412E-3
7.639	8.812E-4
7.648	2.034E-4
7.656	-4.968E-4
7.664	-1.125E-3
7.673	-1.674E-3
7.681	-2.056E-3
7.690	-2.257E-3
7.698	-2.253E-3
7.706	-2.015E-3
7.715	-1.590E-3
7.723	-1.037E-3
7.732	-3.801E-4
7.740	3.017E-4
7.748	9.404E-4
7.757	1.441E-3
7.765	1.776E-3
7.773	1.852E-3
7.782	1.685E-3
7.790	1.314E-3
7.799	7.513E-4
7.807	7.480E-5
7.815	-5.894E-4
7.824	-1.235E-3
7.832	-1.763E-3
7.840	-2.071E-3
7.849	-2.245E-3
7.857	-2.222E-3
7.866	-1.960E-3
7.874	-1.524E-3
7.882	-9.570E-4
7.891	-3.161E-4
7.899	3.612E-4
7.907	9.878E-4
7.916	1.444E-3
7.924	1.732E-3
7.933	1.751E-3
7.941	1.567E-3
7.949	1.143E-3
7.958	5.910E-4
7.966	-8.661E-5
7.974	-7.712E-4
7.983	-1.346E-3
7.991	-1.817E-3
8.000	-2.096E-3
8.008	-2.234E-3
8.016	-2.098E-3
8.025	-1.809E-3
8.033	-1.330E-3
8.041	-7.724E-4
8.050	-1.095E-4
8.058	5.695E-4
8.067	1.143E-3
8.075	1.601E-3
8.083	1.829E-3
8.092	1.829E-3
8.100	1.590E-3
8.108	1.123E-3
8.117	5.139E-4
8.125	-1.567E-4
8.134	-8.052E-4
8.142	-1.357E-3
8.150	-1.814E-3
8.159	-2.063E-3
8.167	-2.167E-3
8.175	-2.032E-3
8.184	-1.735E-3
8.192	-1.255E-3
8.201	-6.528E-4
8.209	7.175E-6
8.217	6.493E-4
8.226	1.194E-3
8.234	1.588E-3
8.242	1.799E-3
8.251	1.769E-3
8.259	1.483E-3
8.268	9.707E-4
8.276	3.583E-4
8.284	-3.122E-4
8.293	-9.662E-4
8.301	-1.531E-3
8.309	-1.957E-3
8.318	-2.195E-3
8.326	-2.229E-3
8.335	-2.064E-3
8.343	-1.727E-3
8.351	-1.228E-3
8.360	-6.087E-4
8.368	7.922E-5
8.376	7.005E-4
8.385	1.248E-3
8.393	1.568E-3
8.402	1.750E-3
8.410	1.638E-3
8.418	1.324E-3
8.427	8.381E-4
8.435	1.988E-4
8.444	-4.506E-4
8.452	-1.082E-3
8.460	-1.599E-3
8.469	-1.988E-3
8.477	-2.182E-3
8.485	-2.206E-3
8.494	-2.016E-3
8.502	-1.615E-3
8.511	-1.068E-3
8.519	-4.347E-4
8.527	1.761E-4
8.536	8.000E-4
8.544	1.322E-3
8.552	1.627E-3
8.561	1.762E-3
8.569	1.610E-3
8.578	1.286E-3
8.586	7.458E-4
8.594	1.087E-4
8.603	-5.516E-4
8.611	-1.127E-3
8.619	-1.617E-3
8.628	-1.977E-3
8.636	-2.098E-3
8.645	-2.039E-3
8.653	-1.815E-3
8.661	-1.422E-3
8.670	-8.828E-4
8.678	-2.636E-4
8.686	3.858E-4
8.695	9.648E-4
8.703	1.397E-3
8.712	1.659E-3
8.720	1.733E-3
8.728	1.537E-3
8.737	1.137E-3
8.745	6.055E-4
8.753	-3.712E-5
8.762	-6.665E-4
8.770	-1.289E-3
8.779	-1.768E-3
8.787	-2.057E-3
8.795	-2.170E-3
8.804	-2.089E-3
8.812	-1.816E-3
8.820	-1.345E-3
8.829	-8.027E-4
8.837	-1.636E-4
8.846	4.586E-4
8.854	1.051E-3
8.862	1.491E-3
8.871	1.673E-3
8.879	1.655E-3
8.887	1.450E-3
8.896	1.035E-3
8.904	4.561E-4
8.913	-1.630E-4
8.921	-8.052E-4
8.929	-1.339E-3
8.938	-1.787E-3
8.946	-2.043E-3
8.954	-2.089E-3
8.963	-1.998E-3
8.971	-1.719E-3
8.980	-1.262E-3
8.988	-7.008E-4
8.996	-8.831E-5
9.005	5.491E-4
9.013	1.102E-3
9.021	1.533E-3
9.030	1.705E-3
9.038	1.659E-3
9.047	1.370E-3
9.055	9.175E-4
9.063	3.486E-4
9.072	-2.860E-4
9.080	-8.848E-4
9.089	-1.408E-3
9.097	-1.835E-3
9.105	-2.053E-3
9.114	-2.069E-3
9.122	-1.954E-3
9.130	-1.603E-3
9.139	-1.106E-3
9.147	-5.438E-4
9.156	9.486E-5
9.164	6.975E-4
9.172	1.191E-3
9.181	1.565E-3
9.189	1.691E-3
9.197	1.602E-3
9.206	1.326E-3
9.214	8.736E-4
9.223	2.513E-4
9.231	-3.728E-4
9.239	-9.952E-4
9.248	-1.522E-3
9.256	-1.862E-3
9.264	-2.039E-3
9.273	-2.032E-3
9.281	-1.851E-3
9.290	-1.498E-3
9.298	-1.017E-3
9.306	-4.199E-4
9.315	1.959E-4
9.323	8.035E-4
9.331	1.309E-3
9.340	1.611E-3
9.348	1.716E-3
9.357	1.588E-3
9.365	1.265E-3
9.373	7.931E-4
9.382	1.923E-4
9.390	-4.354E-4
9.398	-1.050E-3
9.407	-1.544E-3
9.415	-1.853E-3
9.424	-2.010E-3
9.432	-2.000E-3
9.440	-1.782E-3
9.449	-1.376E-3
9.457	-8.495E-4
9.465	-2.737E-4
9.474	3.416E-4
9.482	9.067E-4
9.491	1.364E-3
9.499	1.620E-3
9.507	1.667E-3
9.516	1.542E-3
9.524	1.154E-3
9.532	6.449E-4
9.541	4.410E-5
9.549	-6.041E-4
9.558	-1.158E-3
9.566	-1.633E-3
9.574	-1.992E-3
9.583	-2.085E-3
9.591	-2.022E-3
9.599	-1.777E-3
9.608	-1.333E-3
9.616	-8.117E-4
9.625	-2.196E-4
9.633	3.681E-4
9.641	9.133E-4
9.650	1.335E-3
9.658	1.583E-3
9.666	1.601E-3
9.675	1.395E-3
9.683	1.037E-3
9.692	5.007E-4
9.700	-1.183E-4
9.708	-7.436E-4
9.717	-1.295E-3
9.725	-1.731E-3
9.733	-2.008E-3
9.742	-2.065E-3
9.750	-1.987E-3
9.759	-1.712E-3
9.767	-1.282E-3
9.775	-7.411E-4
9.784	-1.418E-4
9.792	4.485E-4
9.801	9.816E-4
9.809	1.347E-3
9.817	1.561E-3
9.826	1.558E-3
9.834	1.324E-3
9.842	9.003E-4
9.851	3.664E-4
9.859	-2.527E-4
9.868	-8.458E-4
9.876	-1.336E-3
9.884	-1.753E-3
9.893	-1.996E-3
9.901	-2.036E-3
9.909	-1.908E-3
9.918	-1.606E-3
9.926	-1.114E-3
9.935	-5.800E-4
9.943	9.083E-6
9.951	6.053E-4
9.960	1.101E-3
9.968	1.457E-3
9.976	1.591E-3
9.985	1.559E-3
9.993	1.307E-3
10.002	8.606E-4
10.010	3.063E-4
10.018	-3.064E-4
10.027	-8.746E-4
10.035	-1.339E-3
10.043	-1.738E-3
10.052	-1.952E-3
10.060	-1.983E-3
10.069	-1.805E-3
10.077	-1.489E-3
10.085	-1.029E-3
10.094	-4.840E-4
10.102	1.119E-4
10.110	6.800E-4
10.119	1.140E-3
10.127	1.484E-3
10.136	1.565E-3
10.144	1.506E-3
10.152	1.179E-3
10.161	7.072E-4
10.169	1.232E-4
10.177	-4.688E-4
10.186	-1.059E-3
10.194	-1.526E-3
10.203	-1.840E-3
10.211	-2.012E-3
10.219	-2.008E-3
10.228	-1.791E-3
10.236	-1.378E-3
10.244	-8.990E-4
10.253	-3.263E-4
10.261	2.466E-4
10.270	8.093E-4
10.278	1.274E-3
10.286	1.558E-3
10.295	1.625E-3
10.303	1.484E-3
10.311	1.114E-3
10.320	6.369E-4
10.328	7.337E-5
10.337	-5.309E-4
10.345	-1.059E-3
10.353	-1.525E-3
10.362	-1.803E-3
10.370	-1.957E-3
10.378	-1.960E-3
10.387	-1.713E-3
10.395	-1.306E-3
10.404	-8.136E-4
10.412	-2.633E-4
10.420	3.349E-4
10.429	8.761E-4
10.437	1.311E-3
10.445	1.563E-3
10.454	1.590E-3
10.462	1.384E-3
10.471	1.049E-3
10.479	5.715E-4
10.487	-3.480E-5
10.496	-6.100E-4
10.504	-1.122E-3
10.513	-1.542E-3
10.521	-1.798E-3
10.529	-1.912E-3
10.538	-1.827E-3
10.546	-1.561E-3
10.554	-1.143E-3
10.563	-6.136E-4
10.571	-5.876E-5
10.580	5.046E-4
10.588	9.989E-4
10.596	1.354E-3
10.605	1.576E-3
10.613	1.580E-3
10.621	1.354E-3
10.630	9.323E-4
10.638	3.987E-4
10.647	-1.486E-4
10.655	-7.354E-4
10.663	-1.257E-3
10.672	-1.623E-3
10.680	-1.844E-3
10.688	-1.849E-3
10.697	-1.769E-3
10.705	-1.506E-3
10.714	-1.063E-3
10.722	-5.531E-4
10.730	1.742E-5
10.739	5.852E-4
10.747	1.083E-3
10.755	1.396E-3
10.764	1.585E-3
10.772	1.550E-3
10.781	1.307E-3
10.789	8.812E-4
10.797	3.538E-4
10.806	-2.510E-4
10.814	-8.077E-4
10.822	-1.288E-3
10.831	-1.658E-3
10.839	-1.864E-3
10.848	-1.847E-3
10.856	-1.741E-3
10.864	-1.407E-3
10.873	-1.010E-3
10.881	-4.908E-4
10.889	9.228E-5
10.898	6.412E-4
10.906	1.102E-3
10.915	1.398E-3
10.923	1.560E-3
10.931	1.445E-3
10.940	1.138E-3
10.948	6.939E-4
10.956	1.434E-4
10.965	-3.966E-4
10.973	-9.496E-4
10.982	-1.396E-3
10.990	-1.787E-3
10.998	-1.955E-3
11.007	-1.977E-3
11.015	-1.784E-3
11.023	-1.413E-3
11.032	-1.015E-3
11.040	-4.656E-4
11.049	9.460E-5
11.057	6.396E-4
11.065	1.079E-3
11.074	1.352E-3
11.082	1.437E-3
11.090	1.312E-3
11.099	1.034E-3
11.107	5.948E-4
11.116	4.874E-5
11.124	-5.595E-4
11.132	-1.077E-3
11.141	-1.517E-3
11.149	-1.806E-3
11.157	-1.941E-3
11.166	-1.909E-3
11.174	-1.736E-3
11.183	-1.357E-3
11.191	-8.565E-4
11.199	-3.190E-4
11.208	2.570E-4
11.216	7.620E-4
11.225	1.123E-3
11.233	1.350E-3
11.241	1.402E-3
11.250	1.268E-3
11.258	9.118E-4
11.266	4.205E-4
11.275	-1.161E-4
11.283	-6.438E-4
11.292	-1.129E-3
11.300	-1.539E-3
11.308	-1.801E-3
11.317	-1.890E-3
11.325	-1.829E-3
11.333	-1.576E-3
11.342	-1.200E-3
11.350	-7.341E-4
11.359	-1.772E-4
11.367	3.817E-4
11.375	8.755E-4
11.384	1.285E-3
11.392	1.487E-3
11.400	1.440E-3
11.409	1.261E-3
11.417	8.501E-4
11.426	3.568E-4
11.434	-1.589E-4
11.442	-7.141E-4
11.451	-1.241E-3
11.459	-1.607E-3
11.467	-1.815E-3
11.476	-1.853E-3
11.484	-1.764E-3
11.493	-1.515E-3
11.501	-1.088E-3
11.509	-5.805E-4
11.518	-4.913E-5
11.526	4.885E-4
11.534	9.291E-4
11.543	1.301E-3
11.551	1.450E-3
11.560	1.414E-3
11.568	1.148E-3
11.576	7.855E-4
11.585	3.069E-4
11.593	-2.578E-4
11.601	-8.097E-4
11.610	-1.283E-3
11.618	-1.608E-3
11.627	-1.801E-3
11.635	-1.813E-3
11.643	-1.708E-3
11.652	-1.381E-3
11.660	-9.968E-4
11.668	-4.931E-4
11.677	6.721E-5
11.685	6.163E-4
11.694	1.070E-3
11.702	1.361E-3
11.710	1.514E-3
11.719	1.440E-3
11.727	1.141E-3
11.735	7.221E-4
11.744	1.828E-4
11.752	-3.476E-4
11.761	-8.619E-4
11.769	-1.300E-3
11.777	-1.614E-3
11.786	-1.776E-3
11.794	-1.776E-3
11.802	-1.600E-3
11.811	-1.281E-3
11.819	-8.405E-4
11.828	-3.260E-4
11.836	1.913E-4
11.844	6.933E-4
11.853	1.111E-3
11.861	1.369E-3
11.869	1.454E-3
11.878	1.341E-3
11.886	1.069E-3
11.895	6.399E-4
11.903	1.250E-4
11.911	-4.132E-4
11.920	-9.223E-4
11.928	-1.339E-3
11.937	-1.644E-3
11.945	-1.804E-3
11.953	-1.783E-3
11.962	-1.575E-3
11.970	-1.239E-3
11.978	-7.939E-4
11.987	-2.808E-4
11.995	2.501E-4
12.004	7.208E-4
12.012	1.102E-3
12.020	1.337E-3
12.029	1.370E-3
12.037	1.284E-3
12.045	9.443E-4
12.054	4.847E-4
12.062	-6.597E-5
12.071	-5.948E-4
12.079	-1.078E-3
12.087	-1.487E-3
12.096	-1.758E-3
12.104	-1.839E-3
12.112	-1.779E-3
12.121	-1.550E-3
12.129	-1.187E-3
12.138	-7.538E-4
12.146	-2.316E-4
12.154	3.039E-4
12.163	8.071E-4
12.171	1.155E-3
12.179	1.352E-3
12.188	1.358E-3
12.196	1.180E-3
12.205	8.449E-4
12.213	3.836E-4
12.221	-1.306E-4
12.230	-6.428E-4
12.238	-1.100E-3
12.246	-1.491E-3
12.255	-1.728E-3
12.263	-1.800E-3
12.272	-1.734E-3
12.280	-1.487E-3
12.288	-1.085E-3
12.297	-6.065E-4
12.305	-8.207E-5
12.313	4.177E-4
12.322	8.804E-4
12.330	1.220E-3
12.339	1.355E-3
12.347	1.345E-3
12.355	1.125E-3
12.364	8.001E-4
12.372	3.311E-4
12.380	-1.852E-4
12.389	-7.678E-4
12.397	-1.239E-3
12.406	-1.572E-3
12.414	-1.767E-3
12.422	-1.804E-3
12.431	-1.691E-3
12.439	-1.379E-3
12.447	-1.009E-3
12.456	-5.392E-4
12.464	-2.458E-5
12.473	4.839E-4
12.481	8.946E-4
12.489	1.207E-3
12.498	1.321E-3
12.506	1.288E-3
12.514	1.067E-3
12.523	6.661E-4
12.531	1.666E-4
12.540	-3.489E-4
12.548	-8.456E-4
12.556	-1.282E-3
12.565	-1.582E-3
12.573	-1.758E-3
12.582	-1.773E-3
12.590	-1.601E-3
12.598	-1.298E-3
12.607	-8.645E-4
12.615	-3.613E-4
12.623	1.487E-4
12.632	6.458E-4
12.640	1.077E-3
12.649	1.334E-3
12.657	1.411E-3
12.665	1.343E-3
12.674	1.081E-3
12.682	6.556E-4
12.690	1.505E-4
12.699	-3.592E-4
12.707	-8.424E-4
12.716	-1.266E-3
12.724	-1.557E-3
12.732	-1.723E-3
12.741	-1.721E-3
12.749	-1.542E-3
12.757	-1.224E-3
12.766	-8.075E-4
12.774	-3.080E-4
12.783	1.978E-4
12.791	6.650E-4
12.799	1.076E-3
12.808	1.323E-3
12.816	1.364E-3
12.824	1.268E-3
12.833	9.478E-4
12.841	5.207E-4
12.850	-2.213E-5
12.858	-5.579E-4
12.866	-1.033E-3
12.875	-1.361E-3
12.883	-1.630E-3
12.891	-1.783E-3
12.900	-1.768E-3
12.908	-1.535E-3
12.917	-1.170E-3
12.925	-7.769E-4
12.933	-2.960E-4
12.942	2.224E-4
12.950	6.659E-4
12.958	1.049E-3
12.967	1.280E-3
12.975	1.321E-3
12.984	1.153E-3
12.992	8.480E-4
13.000	3.900E-4
13.009	-1.044E-4
13.017	-6.084E-4
13.025	-1.061E-3
13.034	-1.396E-3
13.042	-1.689E-3
13.051	-1.781E-3
13.059	-1.714E-3
13.067	-1.485E-3
13.076	-1.111E-3
13.084	-6.411E-4
13.092	-1.280E-4
13.101	3.747E-4
13.109	8.421E-4
13.118	1.144E-3
13.126	1.336E-3
13.134	1.340E-3
13.143	1.124E-3
13.151	8.116E-4
13.159	3.558E-4
13.168	-1.332E-4
13.176	-6.286E-4
13.185	-1.061E-3
13.193	-1.414E-3
13.201	-1.626E-3
13.210	-1.622E-3
13.218	-1.541E-3
13.226	-1.279E-3
13.235	-9.199E-4
13.243	-5.014E-4
13.252	-9.554E-6
13.260	4.660E-4
13.268	8.836E-4
13.277	1.167E-3
13.285	1.318E-3
13.294	1.300E-3
13.302	1.078E-3
13.310	6.919E-4
13.319	2.083E-4
13.327	-3.089E-4
13.335	-7.957E-4
13.344	-1.219E-3
13.352	-1.553E-3
13.361	-1.730E-3
13.369	-1.741E-3
13.377	-1.604E-3
13.386	-1.308E-3
13.394	-8.879E-4
13.402	-3.988E-4
13.411	1.135E-4
13.419	6.093E-4
13.428	9.900E-4
13.436	1.237E-3
13.444	1.320E-3
13.453	1.259E-3
13.461	9.472E-4
13.469	5.844E-4
13.478	1.114E-4
13.486	-3.670E-4
13.495	-8.377E-4
13.503	-1.264E-3
13.511	-1.554E-3
13.520	-1.702E-3
13.528	-1.717E-3
13.536	-1.549E-3
13.545	-1.257E-3
13.553	-8.346E-4
13.562	-3.479E-4
13.570	1.500E-4
13.578	6.344E-4
13.587	1.032E-3
13.595	1.275E-3
13.603	1.350E-3
13.612	1.231E-3
13.620	9.148E-4
13.629	5.118E-4
13.637	-1.538E-5
13.645	-5.261E-4
13.654	-1.000E-3
13.662	-1.353E-3
13.670	-1.596E-3
13.679	-1.714E-3
13.687	-1.683E-3
13.696	-1.519E-3
13.704	-1.190E-3
13.712	-8.035E-4
13.721	-3.162E-4
13.729	1.715E-4
13.737	6.265E-4
13.746	9.786E-4
13.754	1.142E-3
13.763	1.165E-3
13.771	1.044E-3
13.779	7.604E-4
13.788	3.149E-4
13.796	-1.429E-4
13.804	-6.141E-4
13.813	-1.065E-3
13.821	-1.375E-3
13.830	-1.602E-3
13.838	-1.681E-3
13.846	-1.619E-3
13.855	-1.356E-3
13.863	-1.044E-3
13.871	-5.987E-4
13.880	-1.084E-4
13.888	3.823E-4
13.897	8.313E-4
13.905	1.128E-3
13.913	1.330E-3
13.922	1.333E-3
13.930	1.133E-3
13.938	8.296E-4
13.947	3.855E-4
13.955	-9.736E-5
13.964	-5.786E-4
13.972	-1.024E-3
13.980	-1.323E-3
13.989	-1.550E-3
13.997	-1.591E-3
14.006	-1.511E-3
14.014	-1.270E-3
14.022	-9.308E-4
14.031	-5.227E-4
14.039	-4.711E-5
14.047	4.207E-4
14.056	8.510E-4
14.064	1.123E-3
14.073	1.303E-3
14.081	1.312E-3
14.089	1.080E-3
14.098	7.080E-4
14.106	2.433E-4
14.114	-2.659E-4
14.123	-7.573E-4
14.131	-1.178E-3
14.140	-1.498E-3
14.148	-1.685E-3
14.156	-1.750E-3
14.165	-1.607E-3
14.173	-1.319E-3
14.181	-9.246E-4
14.190	-5.096E-4
14.198	-4.421E-5
14.207	4.066E-4
14.215	8.181E-4
14.223	1.084E-3
14.232	1.193E-3
14.240	1.114E-3
14.248	8.699E-4
14.257	5.532E-4
14.265	1.068E-4
14.274	-3.611E-4
14.282	-8.243E-4
14.290	-1.239E-3
14.299	-1.520E-3
14.307	-1.675E-3
14.315	-1.704E-3
14.324	-1.553E-3
14.332	-1.274E-3
14.341	-8.572E-4
14.349	-3.707E-4
14.357	1.084E-4
14.366	5.865E-4
14.374	9.227E-4
14.382	1.143E-3
14.391	1.216E-3
14.399	1.097E-3
14.408	8.540E-4
14.416	4.746E-4
14.424	-9.891E-6
14.433	-5.042E-4
14.441	-9.832E-4
14.449	-1.339E-3
14.458	-1.587E-3
14.466	-1.709E-3
14.475	-1.726E-3
14.483	-1.519E-3
14.491	-1.232E-3
14.500	-8.261E-4
14.508	-3.507E-4
14.516	1.311E-4
14.525	5.850E-4
14.533	9.075E-4
14.542	1.115E-3
14.550	1.134E-3
14.558	1.044E-3
14.567	7.955E-4
14.575	3.881E-4
14.583	-8.471E-5
14.592	-5.615E-4
14.600	-9.918E-4
14.609	-1.330E-3
14.617	-1.564E-3
14.625	-1.614E-3
14.634	-1.552E-3
14.642	-1.318E-3
14.650	-1.034E-3
14.659	-6.008E-4
14.667	-1.217E-4
14.676	3.588E-4
14.684	7.695E-4
14.692	1.071E-3
14.701	1.239E-3
14.709	1.203E-3
14.718	1.063E-3
14.726	7.468E-4
14.734	3.249E-4
14.743	-1.295E-4
14.751	-5.946E-4
14.759	-1.022E-3
14.768	-1.318E-3
14.776	-1.539E-3
14.785	-1.578E-3
14.793	-1.517E-3
14.801	-1.285E-3
14.810	-9.581E-4
14.818	-5.505E-4
14.826	-7.918E-5
14.835	3.749E-4
14.843	8.137E-4
14.852	1.096E-3
14.860	1.252E-3
14.868	1.187E-3
14.877	9.825E-4
14.885	6.304E-4
14.893	1.910E-4
14.902	-2.907E-4
14.910	-7.524E-4
14.919	-1.131E-3
14.927	-1.382E-3
14.935	-1.569E-3
14.944	-1.587E-3
14.952	-1.483E-3
14.960	-1.252E-3
14.969	-8.642E-4
14.977	-4.209E-4
14.986	5.591E-5
14.994	4.376E-4
15.002	8.402E-4
15.011	1.098E-3
15.019	1.209E-3
15.027	1.125E-3
15.036	9.050E-4
15.044	5.975E-4
15.053	1.469E-4
15.061	-3.273E-4
15.069	-7.797E-4
15.078	-1.129E-3
15.086	-1.369E-3
15.094	-1.545E-3
15.103	-1.545E-3
15.111	-1.379E-3
15.120	-1.098E-3
15.128	-7.510E-4
15.136	-3.171E-4
15.145	1.453E-4
15.153	6.021E-4
15.161	9.201E-4
15.170	1.138E-3
15.178	1.207E-3
15.187	1.111E-3
15.195	8.757E-4
15.203	5.403E-4
15.212	8.193E-5
15.220	-3.742E-4
15.228	-8.156E-4
15.237	-1.167E-3
15.245	-1.436E-3
15.254	-1.582E-3
15.262	-1.563E-3
15.270	-1.343E-3
15.279	-1.055E-3
15.287	-7.016E-4
15.295	-2.961E-4
15.304	1.590E-4
15.312	6.073E-4
15.321	9.139E-4
15.329	1.114E-3
15.337	1.157E-3
15.346	1.067E-3
15.354	8.229E-4
15.362	4.160E-4
15.371	-3.355E-5
15.379	-5.165E-4
15.388	-9.085E-4
15.396	-1.295E-3
15.404	-1.520E-3
15.413	-1.593E-3
15.421	-1.569E-3
15.430	-1.321E-3
15.438	-1.036E-3
15.446	-6.161E-4
15.455	-1.510E-4
15.463	3.042E-4
15.471	6.987E-4
15.480	1.005E-3
15.488	1.130E-3
15.497	1.137E-3
15.505	1.035E-3
15.513	7.305E-4
15.522	3.462E-4
15.530	-1.051E-4
15.538	-5.670E-4
15.547	-9.752E-4
15.555	-1.302E-3
15.564	-1.513E-3
15.572	-1.565E-3
15.580	-1.499E-3
15.589	-1.284E-3
15.597	-9.740E-4
15.605	-5.822E-4
15.614	-1.210E-4
15.622	3.402E-4
15.631	7.122E-4
15.639	1.017E-3
15.647	1.107E-3
15.656	1.103E-3
15.664	9.089E-4
15.672	6.176E-4
15.681	1.956E-4
15.689	-2.539E-4
15.698	-7.094E-4
15.706	-1.106E-3
15.714	-1.358E-3
15.723	-1.551E-3
15.731	-1.551E-3
15.739	-1.472E-3
15.748	-1.260E-3
15.756	-8.946E-4
15.765	-4.934E-4
15.773	-7.262E-5
15.781	3.670E-4
15.790	7.764E-4
15.798	9.982E-4
15.806	1.074E-3
15.815	1.055E-3
15.823	8.679E-4
15.832	5.761E-4
15.840	1.416E-4
15.848	-3.109E-4
15.857	-7.540E-4
15.865	-1.097E-3
15.873	-1.337E-3
15.882	-1.521E-3
15.890	-1.528E-3
15.899	-1.355E-3
15.907	-1.106E-3
15.915	-7.824E-4
15.924	-3.483E-4
15.932	1.130E-4
15.940	5.427E-4
15.949	8.911E-4
15.957	1.119E-3
15.966	1.169E-3
15.974	1.109E-3
15.982	8.809E-4
15.991	5.568E-4
15.999	1.368E-4
16.007	-3.151E-4
16.016	-7.544E-4
16.024	-1.083E-3
16.033	-1.309E-3
16.041	-1.493E-3
16.049	-1.498E-3
16.058	-1.304E-3
16.066	-1.054E-3
16.075	-6.999E-4
16.083	-3.080E-4
16.091	1.441E-4
16.100	5.966E-4
16.108	8.858E-4
16.116	1.100E-3
16.125	1.134E-3
16.133	1.070E-3
16.142	8.276E-4
16.150	4.463E-4
16.158	1.964E-6
16.167	-4.159E-4
16.175	-8.241E-4
16.183	-1.140E-3
16.192	-1.328E-3
16.200	-1.478E-3
16.209	-1.447E-3
16.217	-1.286E-3
16.225	-1.019E-3
16.234	-6.130E-4
16.242	-1.828E-4
16.250	1.978E-4
16.259	6.106E-4
16.267	9.002E-4
16.276	1.091E-3
16.284	1.106E-3
16.292	9.713E-4
16.301	6.835E-4
16.309	3.289E-4
16.317	-1.004E-4
16.326	-5.465E-4
16.334	-9.177E-4
16.343	-1.279E-3
16.351	-1.479E-3
16.359	-1.552E-3
16.368	-1.493E-3
16.376	-1.307E-3
16.384	-1.011E-3
16.393	-6.138E-4
16.401	-1.516E-4
16.410	3.017E-4
16.418	6.637E-4
16.426	9.285E-4
16.435	1.081E-3
16.443	1.092E-3
16.451	9.140E-4
16.460	6.299E-4
16.468	2.359E-4
16.477	-1.784E-4
16.485	-5.940E-4
16.493	-9.954E-4
16.502	-1.285E-3
16.510	-1.457E-3
16.518	-1.529E-3
16.527	-1.395E-3
16.535	-1.256E-3
16.544	-9.280E-4
16.552	-5.651E-4
16.560	-1.249E-4
16.569	3.211E-4
16.577	6.740E-4
16.585	9.125E-4
16.594	1.051E-3
16.602	1.049E-3
16.611	8.597E-4
16.619	5.845E-4
16.627	1.611E-4
16.636	-2.777E-4
16.644	-6.908E-4
16.652	-1.071E-3
16.661	-1.320E-3
16.669	-1.474E-3
16.678	-1.517E-3
16.686	-1.357E-3
16.694	-1.115E-3
16.703	-8.026E-4
16.711	-3.686E-4
16.719	6.921E-5
16.728	4.526E-4
16.736	8.251E-4
16.745	1.059E-3
16.753	1.125E-3
16.761	1.086E-3
16.770	8.732E-4
16.778	5.647E-4
16.787	1.542E-4
16.795	-2.922E-4
16.803	-7.176E-4
16.812	-1.063E-3
16.820	-1.296E-3
16.828	-1.406E-3
16.837	-1.445E-3
16.845	-1.318E-3
16.854	-1.071E-3
16.862	-7.346E-4
16.870	-3.310E-4
16.879	1.125E-4
16.887	5.392E-4
16.895	8.232E-4
16.904	1.042E-3
16.912	1.102E-3
16.921	1.030E-3
16.929	8.089E-4
16.937	4.512E-4
16.946	6.277E-5
16.954	-3.442E-4
16.962	-7.697E-4
16.971	-1.071E-3
16.979	-1.290E-3
16.988	-1.367E-3
16.996	-1.312E-3
17.004	-1.221E-3
17.013	-9.601E-4
17.021	-5.991E-4
17.029	-1.858E-4
17.038	1.835E-4
17.046	6.020E-4
17.055	8.734E-4
17.063	1.078E-3
17.071	1.098E-3
17.080	9.681E-4
17.088	6.902E-4
17.096	3.535E-4
17.105	-7.223E-5
17.113	-5.002E-4
17.122	-8.630E-4
17.130	-1.143E-3
17.138	-1.313E-3
17.147	-1.364E-3
17.155	-1.308E-3
17.163	-1.158E-3
17.172	-8.783E-4
17.180	-5.403E-4
17.189	-1.099E-4
17.197	3.225E-4
17.205	6.702E-4
17.214	9.187E-4
17.222	1.087E-3
17.230	1.095E-3
17.239	9.452E-4
17.247	6.492E-4
17.256	2.913E-4
17.264	-1.462E-4
17.272	-5.655E-4
17.281	-9.103E-4
17.289	-1.247E-3
17.297	-1.374E-3
17.306	-1.421E-3
17.314	-1.352E-3
17.323	-1.138E-3
17.331	-8.326E-4
17.339	-4.657E-4
17.348	-8.177E-5
17.356	3.501E-4
17.364	6.783E-4
17.373	9.154E-4
17.381	1.065E-3
17.390	1.078E-3
17.398	8.773E-4
17.406	6.059E-4
17.415	1.887E-4
17.423	-2.219E-4
17.431	-6.218E-4
17.440	-9.836E-4
17.448	-1.270E-3
17.457	-1.360E-3
17.465	-1.361E-3
17.473	-1.289E-3
17.482	-1.063E-3
17.490	-7.786E-4
17.499	-3.599E-4
17.507	3.142E-5
17.515	3.875E-4
17.524	7.284E-4
17.532	9.253E-4
17.540	1.053E-3
17.549	1.019E-3
17.557	8.001E-4
17.566	4.828E-4
17.574	9.908E-5
17.582	-3.254E-4
17.591	-7.211E-4
17.599	-1.072E-3
17.607	-1.303E-3
17.616	-1.369E-3
17.624	-1.354E-3
17.633	-1.275E-3
17.641	-1.040E-3
17.649	-7.180E-4
17.658	-3.375E-4
17.666	9.933E-5
17.674	4.597E-4
17.683	7.965E-4
17.691	9.951E-4
17.700	1.057E-3
17.708	9.512E-4
17.716	7.232E-4
17.725	3.832E-4
17.733	-7.780E-6
17.741	-3.976E-4
17.750	-7.971E-4
17.758	-1.088E-3
17.767	-1.310E-3
17.775	-1.363E-3
17.783	-1.328E-3
17.792	-1.229E-3
17.800	-9.888E-4
17.808	-6.187E-4
17.817	-2.488E-4
17.825	1.413E-4
17.834	5.320E-4
17.842	8.201E-4
17.850	9.749E-4
17.859	1.018E-3
17.867	8.602E-4
17.875	6.268E-4
17.884	3.210E-4
17.892	-8.881E-5
17.901	-4.854E-4
17.909	-8.570E-4
17.917	-1.118E-3
17.926	-1.311E-3
17.934	-1.355E-3
17.942	-1.309E-3
17.951	-1.142E-3
17.959	-8.500E-4
17.968	-5.284E-4
17.976	-1.131E-4
17.984	2.753E-4
17.993	6.218E-4
18.001	8.734E-4
18.009	1.039E-3
18.018	1.070E-3
18.026	9.215E-4
18.035	6.533E-4
18.043	3.208E-4
18.051	-8.795E-5
18.060	-4.966E-4
18.068	-8.388E-4
18.076	-1.100E-3
18.085	-1.282E-3
18.093	-1.317E-3
18.102	-1.277E-3
18.110	-1.073E-3
18.118	-8.000E-4
18.127	-4.413E-4
18.135	-8.785E-5
18.143	3.383E-4
18.152	6.614E-4
18.160	8.952E-4
18.169	1.044E-3
18.177	1.043E-3
18.185	8.871E-4
18.194	6.258E-4
18.202	2.191E-4
18.211	-1.650E-4
18.219	-5.606E-4
18.227	-8.845E-4
18.236	-1.123E-3
18.244	-1.270E-3
18.252	-1.291E-3
18.261	-1.251E-3
18.269	-1.036E-3
18.278	-7.588E-4
18.286	-3.659E-4
18.294	-1.020E-6
18.303	3.778E-4
18.311	6.822E-4
18.319	8.972E-4
18.328	1.013E-3
18.336	9.128E-4
18.345	7.518E-4
18.353	4.164E-4
18.361	6.989E-5
18.370	-3.263E-4
18.378	-7.038E-4
18.386	-1.061E-3
18.395	-1.296E-3
18.403	-1.376E-3
18.412	-1.348E-3
18.420	-1.273E-3
18.428	-1.046E-3
18.437	-7.525E-4
18.445	-3.577E-4
18.453	6.533E-5
18.462	4.057E-4
18.470	7.109E-4
18.479	8.962E-4
18.487	9.587E-4
18.495	8.778E-4
18.504	6.609E-4
18.512	3.642E-4
18.520	-1.892E-5
18.529	-3.900E-4
18.537	-7.765E-4
18.546	-1.073E-3
18.554	-1.299E-3
18.562	-1.349E-3
18.571	-1.331E-3
18.579	-1.228E-3
18.587	-1.002E-3
18.596	-6.524E-4
18.604	-2.897E-4
18.613	1.230E-4
18.621	4.696E-4
18.629	7.707E-4
18.638	8.855E-4
18.646	9.087E-4
18.654	8.374E-4
18.663	6.168E-4
18.671	3.207E-4
18.680	-6.501E-5
18.688	-4.167E-4
18.696	-7.931E-4
18.705	-1.075E-3
18.713	-1.288E-3
18.721	-1.318E-3
18.730	-1.302E-3
18.738	-1.116E-3
18.747	-8.553E-4
18.755	-5.452E-4
18.763	-1.343E-4
18.772	2.195E-4
18.780	6.004E-4
18.788	8.589E-4
18.797	9.955E-4
18.805	9.709E-4
18.814	8.528E-4
18.822	6.200E-4
18.830	3.025E-4
18.839	-8.232E-5
18.847	-4.753E-4
18.855	-8.330E-4
18.864	-1.083E-3
18.872	-1.278E-3
18.881	-1.296E-3
18.889	-1.284E-3
18.897	-1.075E-3
18.906	-8.111E-4
18.914	-4.880E-4
18.923	-1.026E-4
18.931	2.776E-4
18.939	6.033E-4
18.948	8.514E-4
18.956	9.466E-4
18.964	9.172E-4
18.973	8.096E-4
18.981	5.762E-4
18.990	1.995E-4
18.998	-1.589E-4
19.006	-5.500E-4
19.015	-8.561E-4
19.023	-1.098E-3
19.031	-1.277E-3
19.040	-1.291E-3
19.048	-1.249E-3
19.057	-1.053E-3
19.065	-7.784E-4
19.073	-3.889E-4
19.082	-4.047E-5
19.090	3.613E-4
19.098	6.511E-4
19.107	8.702E-4
19.115	9.519E-4
19.124	9.012E-4
19.132	7.337E-4
19.140	4.294E-4
19.149	1.017E-4
19.157	-2.959E-4
19.165	-6.346E-4
19.174	-9.776E-4
19.182	-1.221E-3
19.191	-1.335E-3
19.199	-1.333E-3
19.207	-1.253E-3
19.216	-1.042E-3
19.224	-7.550E-4
19.232	-3.719E-4
19.241	-1.171E-5
19.249	3.522E-4
19.258	6.476E-4
19.266	8.501E-4
19.274	9.135E-4
19.283	8.586E-4
19.291	6.653E-4
19.299	3.692E-4
19.308	3.612E-5
19.316	-3.643E-4
19.325	-7.296E-4
19.333	-1.049E-3
19.341	-1.274E-3
19.350	-1.348E-3
19.358	-1.326E-3
19.366	-1.213E-3
19.375	-1.011E-3
19.383	-6.650E-4
19.392	-3.470E-4
19.400	6.251E-5
19.408	3.971E-4
19.417	6.678E-4
19.425	8.509E-4
19.433	8.958E-4
19.442	8.323E-4
19.450	6.216E-4
19.459	3.425E-4
19.467	-4.529E-5
19.475	-3.862E-4
19.484	-7.613E-4
19.492	-1.055E-3
19.500	-1.258E-3
19.509	-1.317E-3
19.517	-1.297E-3
19.526	-1.109E-3
19.534	-8.584E-4
19.542	-5.628E-4
19.551	-1.741E-4
19.559	1.820E-4
19.568	5.508E-4
19.576	8.260E-4
19.584	9.430E-4
19.593	9.259E-4
19.601	8.563E-4
19.609	6.277E-4
19.618	3.300E-4
19.626	-5.874E-5
19.635	-4.107E-4
19.643	-7.721E-4
19.651	-1.040E-3
19.660	-1.231E-3
19.668	-1.290E-3
19.676	-1.251E-3
19.685	-1.070E-3
19.693	-8.188E-4
19.702	-5.054E-4
19.710	-1.240E-4
19.718	2.257E-4
19.727	5.809E-4
19.735	8.264E-4
19.743	9.178E-4
19.752	9.065E-4
19.760	8.086E-4
19.769	5.847E-4
19.777	2.233E-4
19.785	-1.318E-4
19.794	-5.205E-4
19.802	-8.299E-4
19.810	-1.068E-3
19.819	-1.257E-3
19.827	-1.289E-3
19.836	-1.233E-3
19.844	-1.051E-3
19.852	-7.816E-4
19.861	-4.059E-4
19.869	-5.893E-5
19.877	3.199E-4
19.886	6.297E-4
19.894	8.556E-4
19.903	9.249E-4
19.911	9.070E-4
19.919	7.280E-4
19.928	4.420E-4
19.936	1.156E-4
19.944	-2.642E-4
19.953	-6.165E-4
19.961	-8.886E-4
19.970	-1.108E-3
19.978	-1.265E-3
19.986	-1.274E-3
19.995	-1.190E-3
20.003	-1.029E-3
20.011	-7.403E-4
20.020	-3.747E-4
20.028	-3.592E-5
20.037	3.331E-4
20.045	6.235E-4
20.053	8.404E-4
20.062	8.960E-4
20.070	8.560E-4
20.078	6.670E-4
20.087	3.917E-4
20.095	8.474E-5
20.104	-3.078E-4
20.112	-6.305E-4
20.120	-9.287E-4
20.129	-1.138E-3
20.137	-1.269E-3
