#multi:
	mass A	mass B	
t	x	x	
0.000	-4.511E-3	2.804E-2
0.008	-4.509E-3	2.805E-2
0.017	-4.509E-3	2.805E-2
0.025	-4.509E-3	2.805E-2
0.034	-4.510E-3	2.805E-2
0.042	-4.511E-3	2.805E-2
0.050	-4.512E-3	2.805E-2
0.059	-4.510E-3	2.805E-2
0.067	-4.509E-3	2.805E-2
0.075	-4.508E-3	2.804E-2
0.084	-4.509E-3	2.804E-2
0.092	-4.510E-3	2.804E-2
0.101	-4.510E-3	2.804E-2
0.109	-4.509E-3	2.804E-2
0.117	-4.509E-3	2.804E-2
0.126	-4.508E-3	2.804E-2
0.134	-4.508E-3	2.805E-2
0.142	-4.509E-3	2.805E-2
0.151	-4.510E-3	2.805E-2
0.159	-4.510E-3	2.805E-2
0.168	-4.511E-3	2.805E-2
0.176	-4.512E-3	2.805E-2
0.184	-4.512E-3	2.805E-2
0.193	-4.511E-3	2.805E-2
0.201	-4.510E-3	2.805E-2
0.209	-4.510E-3	2.805E-2
0.218	-4.509E-3	2.805E-2
0.226	-4.507E-3	2.805E-2
0.235	-4.506E-3	2.805E-2
0.243	-4.506E-3	2.805E-2
0.251	-4.505E-3	2.804E-2
0.260	-4.504E-3	2.804E-2
0.268	-4.497E-3	2.804E-2
0.276	-4.497E-3	2.805E-2
0.285	-4.486E-3	2.805E-2
0.293	-4.464E-3	2.805E-2
0.302	-4.397E-3	2.806E-2
0.310	-4.290E-3	2.806E-2
0.318	-4.180E-3	2.806E-2
0.327	-4.067E-3	2.806E-2
0.335	-3.903E-3	2.807E-2
0.343	-3.716E-3	2.807E-2
0.352	-3.522E-3	2.808E-2
0.360	-3.294E-3	2.810E-2
0.369	-2.954E-3	2.815E-2
0.377	-2.494E-3	2.820E-2
0.385	-1.848E-3	2.831E-2
0.394	-8.968E-4	2.840E-2
0.402	1.246E-4	2.855E-2
0.410	1.187E-3	2.873E-2
0.419	2.090E-3	2.898E-2
0.427	2.695E-3	2.928E-2
0.436	3.010E-3	2.962E-2
0.444	2.867E-3	2.996E-2
0.452	2.363E-3	3.024E-2
0.461	1.642E-3	3.040E-2
0.469	7.272E-4	3.038E-2
0.477	-1.799E-4	3.016E-2
0.486	-9.921E-4	2.977E-2
0.494	-1.645E-3	2.924E-2
0.503	-1.956E-3	2.857E-2
0.511	-1.985E-3	2.789E-2
0.519	-1.805E-3	2.727E-2
0.528	-1.317E-3	2.686E-2
0.536	-7.199E-4	2.670E-2
0.544	-3.146E-5	2.684E-2
0.553	6.523E-4	2.732E-2
0.561	1.176E-3	2.807E-2
0.570	1.521E-3	2.896E-2
0.578	1.686E-3	2.988E-2
0.586	1.675E-3	3.072E-2
0.595	1.497E-3	3.132E-2
0.603	1.231E-3	3.162E-2
0.611	8.991E-4	3.164E-2
0.620	5.967E-4	3.126E-2
0.628	2.670E-4	3.059E-2
0.637	-1.545E-5	2.968E-2
0.645	-1.947E-4	2.864E-2
0.653	-3.885E-4	2.764E-2
0.662	-5.079E-4	2.678E-2
0.670	-5.366E-4	2.623E-2
0.678	-6.928E-4	2.612E-2
0.687	-6.800E-4	2.644E-2
0.695	-6.687E-4	2.711E-2
0.704	-6.442E-4	2.802E-2
0.712	-4.145E-4	2.904E-2
0.720	-1.316E-4	3.000E-2
0.729	2.219E-4	3.079E-2
0.737	6.909E-4	3.130E-2
0.746	1.157E-3	3.151E-2
0.754	1.556E-3	3.140E-2
0.762	1.889E-3	3.100E-2
0.771	2.034E-3	3.035E-2
0.779	2.041E-3	2.952E-2
0.787	1.716E-3	2.866E-2
0.796	1.177E-3	2.791E-2
0.804	5.028E-4	2.733E-2
0.813	-2.527E-4	2.703E-2
0.821	-1.021E-3	2.705E-2
0.829	-1.639E-3	2.729E-2
0.838	-2.018E-3	2.772E-2
0.846	-2.134E-3	2.828E-2
0.854	-1.932E-3	2.883E-2
0.863	-1.421E-3	2.932E-2
0.871	-6.450E-4	2.974E-2
0.880	3.355E-4	2.999E-2
0.888	1.262E-3	3.013E-2
0.896	2.117E-3	3.012E-2
0.905	2.779E-3	2.998E-2
0.913	3.051E-3	2.982E-2
0.921	3.016E-3	2.961E-2
0.930	2.509E-3	2.943E-2
0.938	1.728E-3	2.923E-2
0.947	7.430E-4	2.906E-2
0.955	-3.233E-4	2.889E-2
0.963	-1.319E-3	2.874E-2
0.972	-2.040E-3	2.856E-2
0.980	-2.474E-3	2.837E-2
0.988	-2.480E-3	2.817E-2
0.997	-2.210E-3	2.804E-2
1.005	-1.622E-3	2.794E-2
1.014	-7.441E-4	2.796E-2
1.022	2.379E-4	2.808E-2
1.030	1.177E-3	2.831E-2
1.039	1.985E-3	2.870E-2
1.047	2.496E-3	2.920E-2
1.055	2.689E-3	2.972E-2
1.064	2.593E-3	3.023E-2
1.072	2.152E-3	3.064E-2
1.081	1.492E-3	3.084E-2
1.089	7.415E-4	3.083E-2
1.097	-4.518E-5	3.057E-2
1.106	-6.850E-4	3.009E-2
1.114	-1.164E-3	2.941E-2
1.122	-1.447E-3	2.862E-2
1.131	-1.484E-3	2.783E-2
1.139	-1.350E-3	2.713E-2
1.148	-1.023E-3	2.664E-2
1.156	-5.974E-4	2.647E-2
1.164	-1.130E-4	2.669E-2
1.173	3.022E-4	2.723E-2
1.181	7.029E-4	2.805E-2
1.189	9.768E-4	2.903E-2
1.198	1.148E-3	2.998E-2
1.206	1.196E-3	3.079E-2
1.215	1.198E-3	3.138E-2
1.223	1.170E-3	3.168E-2
1.231	1.077E-3	3.162E-2
1.240	8.943E-4	3.122E-2
1.248	7.595E-4	3.052E-2
1.256	5.733E-4	2.960E-2
1.265	3.276E-4	2.858E-2
1.273	8.655E-5	2.758E-2
1.282	-1.934E-4	2.682E-2
1.290	-5.115E-4	2.639E-2
1.298	-7.600E-4	2.635E-2
1.307	-1.018E-3	2.671E-2
1.315	-1.166E-3	2.734E-2
1.323	-1.139E-3	2.821E-2
1.332	-9.325E-4	2.913E-2
1.340	-5.747E-4	2.996E-2
1.349	-5.908E-5	3.061E-2
1.357	5.047E-4	3.103E-2
1.365	1.141E-3	3.118E-2
1.374	1.716E-3	3.107E-2
1.382	2.125E-3	3.068E-2
1.390	2.340E-3	3.013E-2
1.399	2.325E-3	2.946E-2
1.407	1.926E-3	2.876E-2
1.416	1.338E-3	2.817E-2
1.424	5.256E-4	2.777E-2
1.432	-3.796E-4	2.755E-2
1.441	-1.216E-3	2.756E-2
1.449	-1.922E-3	2.772E-2
1.458	-2.323E-3	2.800E-2
1.466	-2.318E-3	2.835E-2
1.474	-2.093E-3	2.869E-2
1.483	-1.495E-3	2.902E-2
1.491	-6.375E-4	2.927E-2
1.499	3.432E-4	2.944E-2
1.508	1.356E-3	2.955E-2
1.516	2.202E-3	2.963E-2
1.525	2.786E-3	2.965E-2
1.533	3.056E-3	2.966E-2
1.541	2.888E-3	2.967E-2
1.550	2.373E-3	2.967E-2
1.558	1.628E-3	2.967E-2
1.566	6.333E-4	2.957E-2
1.575	-3.494E-4	2.941E-2
1.583	-1.245E-3	2.918E-2
1.592	-1.938E-3	2.884E-2
1.600	-2.291E-3	2.850E-2
1.608	-2.271E-3	2.813E-2
1.617	-1.990E-3	2.777E-2
1.625	-1.395E-3	2.755E-2
1.633	-6.057E-4	2.750E-2
1.642	2.819E-4	2.762E-2
1.650	1.108E-3	2.797E-2
1.659	1.755E-3	2.851E-2
1.667	2.142E-3	2.915E-2
1.675	2.304E-3	2.986E-2
1.684	2.166E-3	3.050E-2
1.692	1.827E-3	3.097E-2
1.700	1.339E-3	3.122E-2
1.709	7.685E-4	3.122E-2
1.717	1.857E-4	3.087E-2
1.726	-3.219E-4	3.030E-2
1.734	-7.406E-4	2.951E-2
1.742	-9.345E-4	2.860E-2
1.751	-9.422E-4	2.768E-2
1.759	-9.156E-4	2.693E-2
1.767	-6.904E-4	2.644E-2
1.776	-4.561E-4	2.631E-2
1.784	-1.868E-4	2.658E-2
1.793	7.123E-5	2.723E-2
1.801	3.000E-4	2.810E-2
1.809	5.230E-4	2.908E-2
1.818	7.118E-4	3.008E-2
1.826	8.925E-4	3.085E-2
1.834	1.057E-3	3.141E-2
1.843	1.180E-3	3.166E-2
1.851	1.260E-3	3.155E-2
1.860	1.275E-3	3.107E-2
1.868	1.254E-3	3.038E-2
1.876	1.123E-3	2.946E-2
1.885	9.055E-4	2.847E-2
1.893	5.492E-4	2.759E-2
1.901	1.140E-4	2.693E-2
1.910	-3.888E-4	2.657E-2
1.918	-8.627E-4	2.660E-2
1.927	-1.257E-3	2.695E-2
1.935	-1.496E-3	2.753E-2
1.943	-1.508E-3	2.827E-2
1.952	-1.319E-3	2.903E-2
1.960	-8.825E-4	2.971E-2
1.968	-2.881E-4	3.024E-2
1.977	4.684E-4	3.060E-2
1.985	1.231E-3	3.069E-2
1.994	1.902E-3	3.061E-2
2.002	2.393E-3	3.032E-2
2.010	2.605E-3	2.987E-2
2.019	2.554E-3	2.938E-2
2.027	2.123E-3	2.892E-2
2.035	1.421E-3	2.852E-2
2.044	5.402E-4	2.822E-2
2.052	-4.024E-4	2.807E-2
2.061	-1.297E-3	2.806E-2
2.069	-1.988E-3	2.805E-2
2.077	-2.396E-3	2.815E-2
2.086	-2.415E-3	2.827E-2
2.094	-2.138E-3	2.843E-2
2.102	-1.516E-3	2.859E-2
2.111	-6.305E-4	2.872E-2
2.119	3.721E-4	2.886E-2
2.128	1.307E-3	2.903E-2
2.136	2.124E-3	2.920E-2
2.144	2.655E-3	2.942E-2
2.153	2.833E-3	2.964E-2
2.161	2.668E-3	2.986E-2
2.170	2.146E-3	3.002E-2
2.178	1.403E-3	3.008E-2
2.186	5.468E-4	3.008E-2
2.195	-3.785E-4	2.986E-2
2.203	-1.156E-3	2.951E-2
2.211	-1.717E-3	2.903E-2
2.220	-2.016E-3	2.850E-2
2.228	-2.008E-3	2.793E-2
2.237	-1.723E-3	2.749E-2
2.245	-1.218E-3	2.718E-2
2.253	-5.523E-4	2.706E-2
2.262	1.501E-4	2.725E-2
2.270	8.158E-4	2.769E-2
2.278	1.320E-3	2.835E-2
2.287	1.671E-3	2.913E-2
2.295	1.778E-3	2.992E-2
2.304	1.804E-3	3.063E-2
2.312	1.529E-3	3.111E-2
2.320	1.178E-3	3.131E-2
2.329	7.871E-4	3.127E-2
2.337	3.670E-4	3.086E-2
2.345	1.206E-5	3.021E-2
2.354	-2.686E-4	2.938E-2
2.362	-4.430E-4	2.845E-2
2.371	-5.012E-4	2.754E-2
2.379	-5.079E-4	2.681E-2
2.387	-5.054E-4	2.638E-2
2.396	-4.818E-4	2.633E-2
2.404	-4.469E-4	2.669E-2
2.412	-3.369E-4	2.735E-2
2.421	-1.854E-4	2.825E-2
2.429	-3.060E-6	2.920E-2
2.438	2.515E-4	3.010E-2
2.446	5.711E-4	3.082E-2
2.454	8.698E-4	3.128E-2
2.463	1.216E-3	3.143E-2
2.471	1.492E-3	3.129E-2
2.479	1.666E-3	3.082E-2
2.488	1.677E-3	3.015E-2
2.496	1.642E-3	2.933E-2
2.505	1.303E-3	2.849E-2
2.513	8.430E-4	2.773E-2
2.521	2.734E-4	2.720E-2
2.530	-3.774E-4	2.693E-2
2.538	-1.006E-3	2.693E-2
2.546	-1.520E-3	2.724E-2
2.555	-1.806E-3	2.774E-2
2.563	-1.796E-3	2.836E-2
2.572	-1.561E-3	2.893E-2
2.580	-1.047E-3	2.946E-2
2.588	-3.423E-4	2.988E-2
2.597	4.925E-4	3.013E-2
2.605	1.368E-3	3.021E-2
2.613	2.111E-3	3.013E-2
2.622	2.603E-3	2.991E-2
2.630	2.813E-3	2.964E-2
2.639	2.666E-3	2.936E-2
2.647	2.200E-3	2.907E-2
2.655	1.439E-3	2.887E-2
2.664	4.961E-4	2.871E-2
2.672	-4.520E-4	2.855E-2
2.680	-1.296E-3	2.844E-2
2.689	-1.981E-3	2.835E-2
2.697	-2.340E-3	2.826E-2
2.706	-2.307E-3	2.824E-2
2.714	-1.967E-3	2.816E-2
2.722	-1.330E-3	2.819E-2
2.731	-4.602E-4	2.822E-2
2.739	4.855E-4	2.840E-2
2.747	1.409E-3	2.865E-2
2.756	2.118E-3	2.898E-2
2.764	2.568E-3	2.934E-2
2.773	2.715E-3	2.976E-2
2.781	2.546E-3	3.016E-2
2.789	2.089E-3	3.042E-2
2.798	1.403E-3	3.055E-2
2.806	6.190E-4	3.050E-2
2.815	-1.742E-4	3.026E-2
2.823	-8.296E-4	2.983E-2
2.831	-1.312E-3	2.923E-2
2.840	-1.538E-3	2.854E-2
2.848	-1.545E-3	2.785E-2
2.856	-1.319E-3	2.726E-2
2.865	-9.064E-4	2.691E-2
2.873	-3.850E-4	2.683E-2
2.882	1.239E-4	2.707E-2
2.890	6.005E-4	2.761E-2
2.898	9.699E-4	2.837E-2
2.907	1.235E-3	2.922E-2
2.915	1.348E-3	3.010E-2
2.923	1.368E-3	3.080E-2
2.932	1.339E-3	3.128E-2
2.940	1.152E-3	3.149E-2
2.949	9.570E-4	3.136E-2
2.957	7.354E-4	3.097E-2
2.965	5.165E-4	3.030E-2
2.974	2.962E-4	2.940E-2
2.982	8.738E-5	2.847E-2
2.990	-1.078E-4	2.757E-2
2.999	-3.087E-4	2.687E-2
3.007	-4.969E-4	2.650E-2
3.016	-6.569E-4	2.648E-2
3.024	-7.732E-4	2.686E-2
3.032	-7.958E-4	2.754E-2
3.041	-8.070E-4	2.838E-2
3.049	-5.850E-4	2.923E-2
3.057	-2.806E-4	3.004E-2
3.066	1.487E-4	3.071E-2
3.074	6.276E-4	3.111E-2
3.083	1.116E-3	3.120E-2
3.091	1.564E-3	3.103E-2
3.099	1.875E-3	3.062E-2
3.108	2.005E-3	3.002E-2
3.116	1.920E-3	2.931E-2
3.124	1.578E-3	2.865E-2
3.133	1.010E-3	2.806E-2
3.141	2.923E-4	2.763E-2
3.150	-4.671E-4	2.744E-2
3.158	-1.175E-3	2.743E-2
3.166	-1.719E-3	2.765E-2
3.175	-2.030E-3	2.800E-2
3.183	-2.025E-3	2.842E-2
3.191	-1.751E-3	2.885E-2
3.200	-1.181E-3	2.925E-2
3.208	-4.103E-4	2.951E-2
3.217	4.973E-4	2.968E-2
3.225	1.385E-3	2.975E-2
3.233	2.170E-3	2.973E-2
3.242	2.662E-3	2.969E-2
3.250	2.823E-3	2.960E-2
3.258	2.639E-3	2.955E-2
3.267	2.103E-3	2.944E-2
3.275	1.306E-3	2.933E-2
3.284	3.657E-4	2.924E-2
3.292	-5.870E-4	2.906E-2
3.300	-1.381E-3	2.884E-2
3.309	-1.951E-3	2.864E-2
3.317	-2.251E-3	2.841E-2
3.325	-2.239E-3	2.816E-2
3.334	-1.877E-3	2.798E-2
3.342	-1.245E-3	2.786E-2
3.351	-4.658E-4	2.785E-2
3.359	4.123E-4	2.799E-2
3.367	1.215E-3	2.830E-2
3.376	1.842E-3	2.875E-2
3.384	2.236E-3	2.929E-2
3.392	2.352E-3	2.984E-2
3.401	2.172E-3	3.035E-2
3.409	1.747E-3	3.071E-2
3.418	1.172E-3	3.089E-2
3.426	5.388E-4	3.082E-2
3.434	-8.101E-5	3.048E-2
3.443	-6.116E-4	2.995E-2
3.451	-9.781E-4	2.924E-2
3.459	-1.188E-3	2.844E-2
3.468	-1.163E-3	2.767E-2
3.476	-1.038E-3	2.705E-2
3.485	-7.661E-4	2.667E-2
3.493	-4.479E-4	2.663E-2
3.501	-9.942E-5	2.694E-2
3.510	2.149E-4	2.754E-2
3.518	5.042E-4	2.839E-2
3.527	7.199E-4	2.932E-2
3.535	8.650E-4	3.022E-2
3.543	9.887E-4	3.094E-2
3.552	1.025E-3	3.140E-2
3.560	1.018E-3	3.156E-2
3.568	1.017E-3	3.140E-2
3.577	1.002E-3	3.095E-2
3.585	8.524E-4	3.027E-2
3.594	6.952E-4	2.940E-2
3.602	4.833E-4	2.848E-2
3.610	2.098E-4	2.764E-2
3.619	-1.261E-4	2.704E-2
3.627	-4.804E-4	2.674E-2
3.635	-8.194E-4	2.676E-2
3.644	-1.095E-3	2.713E-2
3.652	-1.224E-3	2.774E-2
3.661	-1.239E-3	2.852E-2
3.669	-1.002E-3	2.927E-2
3.677	-6.165E-4	2.994E-2
3.686	-7.755E-5	3.044E-2
3.694	5.481E-4	3.077E-2
3.702	1.177E-3	3.080E-2
3.711	1.730E-3	3.069E-2
3.719	2.107E-3	3.035E-2
3.728	2.274E-3	2.985E-2
3.736	2.134E-3	2.931E-2
3.744	1.721E-3	2.880E-2
3.753	1.036E-3	2.835E-2
3.761	2.433E-4	2.803E-2
3.769	-6.112E-4	2.788E-2
3.778	-1.364E-3	2.786E-2
3.786	-1.929E-3	2.797E-2
3.795	-2.224E-3	2.818E-2
3.803	-2.220E-3	2.844E-2
3.811	-1.870E-3	2.868E-2
3.820	-1.241E-3	2.891E-2
3.828	-4.289E-4	2.910E-2
3.836	4.707E-4	2.926E-2
3.845	1.402E-3	2.938E-2
3.853	2.149E-3	2.948E-2
3.862	2.601E-3	2.959E-2
3.870	2.737E-3	2.969E-2
3.878	2.538E-3	2.979E-2
3.887	2.012E-3	2.986E-2
3.895	1.254E-3	2.986E-2
3.903	3.752E-4	2.980E-2
3.912	-5.016E-4	2.960E-2
3.920	-1.214E-3	2.932E-2
3.929	-1.760E-3	2.895E-2
3.937	-1.999E-3	2.853E-2
3.945	-1.987E-3	2.810E-2
3.954	-1.606E-3	2.774E-2
3.962	-1.038E-3	2.755E-2
3.970	-3.589E-4	2.752E-2
3.979	3.449E-4	2.769E-2
3.987	1.014E-3	2.807E-2
3.996	1.520E-3	2.866E-2
4.004	1.816E-3	2.936E-2
4.012	1.885E-3	3.005E-2
4.021	1.770E-3	3.063E-2
4.029	1.490E-3	3.101E-2
4.037	1.059E-3	3.119E-2
4.046	5.737E-4	3.107E-2
4.054	1.076E-4	3.069E-2
4.063	-2.705E-4	3.011E-2
4.071	-5.441E-4	2.931E-2
4.079	-7.214E-4	2.847E-2
4.088	-7.047E-4	2.765E-2
4.096	-6.875E-4	2.696E-2
4.104	-6.201E-4	2.659E-2
4.113	-4.590E-4	2.661E-2
4.121	-2.882E-4	2.697E-2
4.130	-1.452E-4	2.761E-2
4.138	3.199E-5	2.846E-2
4.146	2.261E-4	2.941E-2
4.155	4.525E-4	3.026E-2
4.163	6.860E-4	3.090E-2
4.171	9.244E-4	3.132E-2
4.180	1.136E-3	3.142E-2
4.188	1.296E-3	3.123E-2
4.197	1.343E-3	3.078E-2
4.205	1.364E-3	3.009E-2
4.213	1.235E-3	2.926E-2
4.222	9.560E-4	2.843E-2
4.230	5.553E-4	2.766E-2
4.239	7.233E-5	2.715E-2
4.247	-4.528E-4	2.693E-2
4.255	-9.420E-4	2.699E-2
4.264	-1.302E-3	2.733E-2
4.272	-1.494E-3	2.785E-2
4.280	-1.506E-3	2.848E-2
4.289	-1.237E-3	2.911E-2
4.297	-7.758E-4	2.966E-2
4.306	-1.491E-4	3.008E-2
4.314	5.973E-4	3.033E-2
4.322	1.334E-3	3.034E-2
4.331	1.964E-3	3.025E-2
4.339	2.358E-3	3.001E-2
4.347	2.500E-3	2.968E-2
4.356	2.330E-3	2.929E-2
4.364	1.855E-3	2.893E-2
4.373	1.125E-3	2.865E-2
4.381	2.820E-4	2.847E-2
4.389	-5.979E-4	2.835E-2
4.398	-1.374E-3	2.832E-2
4.406	-1.934E-3	2.829E-2
4.414	-2.219E-3	2.828E-2
4.423	-2.208E-3	2.828E-2
4.431	-1.800E-3	2.836E-2
4.440	-1.159E-3	2.840E-2
4.448	-3.403E-4	2.854E-2
4.456	5.654E-4	2.868E-2
4.465	1.417E-3	2.887E-2
4.473	2.091E-3	2.912E-2
4.481	2.507E-3	2.941E-2
4.490	2.585E-3	2.969E-2
4.498	2.349E-3	2.995E-2
4.507	1.850E-3	3.012E-2
4.515	1.140E-3	3.016E-2
4.523	3.792E-4	3.013E-2
4.532	-4.001E-4	2.984E-2
4.540	-1.051E-3	2.944E-2
4.548	-1.482E-3	2.894E-2
4.557	-1.672E-3	2.837E-2
4.565	-1.686E-3	2.780E-2
4.574	-1.367E-3	2.736E-2
4.582	-8.889E-4	2.708E-2
4.590	-3.413E-4	2.709E-2
4.599	2.420E-4	2.732E-2
4.607	7.589E-4	2.782E-2
4.615	1.155E-3	2.853E-2
4.624	1.405E-3	2.930E-2
4.632	1.467E-3	3.008E-2
4.641	1.451E-3	3.075E-2
4.649	1.232E-3	3.115E-2
4.657	9.798E-4	3.130E-2
4.666	6.978E-4	3.114E-2
4.674	4.135E-4	3.074E-2
4.682	1.772E-4	3.008E-2
4.691	-2.652E-5	2.925E-2
4.699	-1.878E-4	2.832E-2
4.708	-3.264E-4	2.750E-2
4.716	-4.314E-4	2.691E-2
4.724	-4.608E-4	2.659E-2
4.733	-4.742E-4	2.666E-2
4.741	-4.691E-4	2.706E-2
4.749	-4.600E-4	2.774E-2
4.758	-3.567E-4	2.858E-2
4.766	-1.583E-4	2.942E-2
4.775	1.101E-4	3.018E-2
4.783	4.515E-4	3.079E-2
4.791	8.306E-4	3.112E-2
4.800	1.171E-3	3.111E-2
4.808	1.496E-3	3.092E-2
4.816	1.671E-3	3.050E-2
4.825	1.675E-3	2.988E-2
4.833	1.583E-3	2.916E-2
4.842	1.241E-3	2.846E-2
4.850	7.322E-4	2.786E-2
4.858	1.276E-4	2.746E-2
4.867	-5.576E-4	2.728E-2
4.875	-1.136E-3	2.738E-2
4.883	-1.566E-3	2.766E-2
4.892	-1.786E-3	2.806E-2
4.900	-1.777E-3	2.853E-2
4.909	-1.448E-3	2.899E-2
4.917	-9.164E-4	2.940E-2
4.925	-1.651E-4	2.970E-2
4.934	6.275E-4	2.988E-2
4.942	1.418E-3	2.989E-2
4.951	2.075E-3	2.989E-2
4.959	2.511E-3	2.973E-2
4.967	2.620E-3	2.955E-2
4.976	2.387E-3	2.939E-2
4.984	1.852E-3	2.922E-2
4.992	1.091E-3	2.905E-2
5.001	2.351E-4	2.889E-2
5.009	-6.235E-4	2.877E-2
5.018	-1.364E-3	2.861E-2
5.026	-1.879E-3	2.850E-2
5.034	-2.096E-3	2.835E-2
5.043	-1.991E-3	2.820E-2
5.051	-1.600E-3	2.810E-2
5.059	-1.005E-3	2.809E-2
5.068	-2.153E-4	2.808E-2
5.076	6.246E-4	2.825E-2
5.085	1.375E-3	2.852E-2
5.093	1.982E-3	2.889E-2
5.101	2.297E-3	2.934E-2
5.110	2.315E-3	2.981E-2
5.118	2.129E-3	3.021E-2
5.126	1.665E-3	3.050E-2
5.135	1.041E-3	3.061E-2
5.143	3.698E-4	3.049E-2
5.152	-2.696E-4	3.018E-2
5.160	-7.578E-4	2.967E-2
5.168	-1.116E-3	2.905E-2
5.177	-1.282E-3	2.835E-2
5.185	-1.289E-3	2.768E-2
5.193	-1.054E-3	2.715E-2
5.202	-7.122E-4	2.686E-2
5.210	-2.909E-4	2.688E-2
5.219	8.581E-5	2.718E-2
5.227	4.655E-4	2.776E-2
5.235	7.532E-4	2.855E-2
5.244	9.604E-4	2.939E-2
5.252	1.055E-3	3.018E-2
5.260	1.038E-3	3.078E-2
5.269	1.025E-3	3.116E-2
5.277	9.635E-4	3.128E-2
5.286	8.296E-4	3.108E-2
5.294	7.006E-4	3.059E-2
5.302	5.366E-4	2.990E-2
5.311	3.563E-4	2.905E-2
5.319	1.525E-4	2.819E-2
5.327	-8.936E-5	2.744E-2
5.336	-3.448E-4	2.689E-2
5.344	-5.909E-4	2.666E-2
5.353	-8.081E-4	2.676E-2
5.361	-9.504E-4	2.714E-2
5.369	-9.274E-4	2.779E-2
5.378	-9.071E-4	2.855E-2
5.386	-6.518E-4	2.931E-2
5.394	-2.864E-4	2.999E-2
5.403	1.481E-4	3.052E-2
5.411	6.699E-4	3.080E-2
5.420	1.198E-3	3.080E-2
5.428	1.612E-3	3.062E-2
5.436	1.906E-3	3.021E-2
5.445	1.950E-3	2.969E-2
5.453	1.806E-3	2.910E-2
5.461	1.418E-3	2.855E-2
5.470	8.091E-4	2.808E-2
5.478	7.660E-5	2.779E-2
5.487	-6.589E-4	2.767E-2
5.495	-1.297E-3	2.768E-2
5.503	-1.771E-3	2.787E-2
5.512	-1.992E-3	2.813E-2
5.520	-1.964E-3	2.844E-2
5.528	-1.579E-3	2.875E-2
5.537	-9.704E-4	2.901E-2
5.545	-1.727E-4	2.923E-2
5.554	6.958E-4	2.937E-2
5.562	1.508E-3	2.944E-2
5.570	2.137E-3	2.946E-2
5.579	2.526E-3	2.947E-2
5.587	2.557E-3	2.947E-2
5.595	2.337E-3	2.947E-2
5.604	1.809E-3	2.946E-2
5.612	1.050E-3	2.943E-2
5.621	1.799E-4	2.927E-2
5.629	-6.140E-4	2.909E-2
5.637	-1.289E-3	2.889E-2
5.646	-1.763E-3	2.861E-2
5.654	-1.952E-3	2.828E-2
5.663	-1.840E-3	2.799E-2
5.671	-1.471E-3	2.777E-2
5.679	-8.970E-4	2.764E-2
5.688	-1.861E-4	2.764E-2
5.696	5.506E-4	2.784E-2
5.704	1.213E-3	2.821E-2
5.713	1.694E-3	2.873E-2
5.721	1.943E-3	2.930E-2
5.730	1.932E-3	2.989E-2
5.738	1.766E-3	3.037E-2
5.746	1.381E-3	3.067E-2
5.755	9.265E-4	3.081E-2
5.763	4.271E-4	3.065E-2
5.771	-6.251E-5	3.028E-2
5.780	-4.697E-4	2.971E-2
5.788	-7.421E-4	2.899E-2
5.797	-8.577E-4	2.823E-2
5.805	-8.627E-4	2.753E-2
5.813	-7.588E-4	2.699E-2
5.822	-5.966E-4	2.671E-2
5.830	-3.712E-4	2.671E-2
5.838	-1.291E-4	2.712E-2
5.847	9.323E-5	2.776E-2
5.855	3.023E-4	2.858E-2
5.864	4.860E-4	2.941E-2
5.872	6.646E-4	3.019E-2
5.880	8.095E-4	3.076E-2
5.889	9.243E-4	3.111E-2
5.897	1.000E-3	3.115E-2
5.905	1.009E-3	3.095E-2
5.914	1.014E-3	3.049E-2
5.922	1.001E-3	2.981E-2
5.931	8.091E-4	2.901E-2
5.939	5.335E-4	2.821E-2
5.947	2.232E-4	2.754E-2
5.956	-1.590E-4	2.709E-2
5.964	-5.665E-4	2.693E-2
5.972	-9.234E-4	2.706E-2
5.981	-1.158E-3	2.745E-2
5.989	-1.275E-3	2.801E-2
5.998	-1.257E-3	2.867E-2
6.006	-9.440E-4	2.932E-2
6.014	-4.832E-4	2.990E-2
6.023	8.900E-5	3.029E-2
6.031	7.254E-4	3.051E-2
6.039	1.355E-3	3.052E-2
6.048	1.877E-3	3.037E-2
6.056	2.183E-3	3.005E-2
6.065	2.211E-3	2.965E-2
6.073	2.020E-3	2.920E-2
6.081	1.571E-3	2.879E-2
6.090	9.139E-4	2.848E-2
6.098	1.195E-4	2.826E-2
6.106	-6.814E-4	2.816E-2
6.115	-1.349E-3	2.819E-2
6.123	-1.803E-3	2.826E-2
6.132	-1.995E-3	2.837E-2
6.140	-1.915E-3	2.849E-2
6.148	-1.542E-3	2.864E-2
6.157	-9.059E-4	2.879E-2
6.165	-1.074E-4	2.892E-2
6.173	7.461E-4	2.905E-2
6.182	1.531E-3	2.917E-2
6.190	2.117E-3	2.936E-2
6.199	2.452E-3	2.953E-2
6.207	2.420E-3	2.972E-2
6.215	2.162E-3	2.985E-2
6.224	1.613E-3	2.995E-2
6.232	8.990E-4	2.993E-2
6.240	1.567E-4	2.982E-2
6.249	-6.020E-4	2.960E-2
6.257	-1.191E-3	2.927E-2
6.266	-1.553E-3	2.882E-2
6.274	-1.717E-3	2.835E-2
6.282	-1.601E-3	2.790E-2
6.291	-1.260E-3	2.756E-2
6.299	-7.686E-4	2.738E-2
6.307	-1.843E-4	2.738E-2
6.316	4.315E-4	2.764E-2
6.324	9.849E-4	2.809E-2
6.333	1.366E-3	2.871E-2
6.341	1.597E-3	2.940E-2
6.349	1.614E-3	3.006E-2
6.358	1.501E-3	3.058E-2
6.366	1.222E-3	3.091E-2
6.375	8.945E-4	3.098E-2
6.383	5.577E-4	3.084E-2
6.391	2.212E-4	3.040E-2
6.400	-6.035E-5	2.975E-2
6.408	-3.146E-4	2.900E-2
6.416	-4.621E-4	2.821E-2
6.425	-4.622E-4	2.750E-2
6.433	-4.598E-4	2.699E-2
6.442	-4.517E-4	2.674E-2
6.450	-4.255E-4	2.683E-2
6.458	-3.766E-4	2.725E-2
6.467	-2.085E-4	2.794E-2
6.475	-6.799E-5	2.877E-2
6.483	9.784E-5	2.956E-2
6.492	3.244E-4	3.030E-2
6.500	5.712E-4	3.083E-2
6.509	8.474E-4	3.110E-2
6.517	1.068E-3	3.108E-2
6.525	1.239E-3	3.084E-2
6.534	1.366E-3	3.035E-2
6.542	1.381E-3	2.969E-2
6.550	1.200E-3	2.896E-2
6.559	8.896E-4	2.827E-2
6.567	4.590E-4	2.768E-2
6.576	-4.397E-5	2.730E-2
6.584	-5.593E-4	2.720E-2
6.592	-1.051E-3	2.732E-2
6.601	-1.374E-3	2.765E-2
6.609	-1.510E-3	2.811E-2
6.617	-1.486E-3	2.863E-2
6.626	-1.122E-3	2.916E-2
6.634	-6.100E-4	2.959E-2
6.643	4.915E-5	2.990E-2
6.651	7.807E-4	3.007E-2
6.659	1.456E-3	3.008E-2
6.668	1.999E-3	2.998E-2
6.676	2.348E-3	2.982E-2
6.684	2.352E-3	2.956E-2
6.693	2.128E-3	2.931E-2
6.701	1.618E-3	2.910E-2
6.710	8.861E-4	2.891E-2
6.718	8.331E-5	2.875E-2
6.726	-7.211E-4	2.864E-2
6.735	-1.369E-3	2.856E-2
6.743	-1.802E-3	2.850E-2
6.751	-1.974E-3	2.846E-2
6.760	-1.852E-3	2.846E-2
6.768	-1.430E-3	2.846E-2
6.777	-8.357E-4	2.847E-2
6.785	-5.215E-5	2.855E-2
6.793	7.713E-4	2.870E-2
6.802	1.496E-3	2.892E-2
6.810	2.029E-3	2.921E-2
6.818	2.318E-3	2.953E-2
6.827	2.321E-3	2.988E-2
6.835	2.048E-3	3.015E-2
6.844	1.557E-3	3.031E-2
6.852	9.412E-4	3.032E-2
6.860	2.537E-4	3.022E-2
6.869	-3.753E-4	2.994E-2
6.877	-8.930E-4	2.948E-2
6.885	-1.212E-3	2.894E-2
6.894	-1.313E-3	2.837E-2
6.902	-1.267E-3	2.781E-2
6.911	-9.964E-4	2.740E-2
6.919	-6.146E-4	2.719E-2
6.927	-1.590E-4	2.719E-2
6.936	3.005E-4	2.753E-2
6.944	7.120E-4	2.808E-2
6.952	1.011E-3	2.878E-2
6.961	1.185E-3	2.950E-2
6.969	1.195E-3	3.019E-2
6.978	1.199E-3	3.071E-2
6.986	1.080E-3	3.104E-2
6.994	8.920E-4	3.105E-2
7.003	7.204E-4	3.085E-2
7.011	5.146E-4	3.037E-2
7.020	3.031E-4	2.969E-2
7.028	1.022E-4	2.890E-2
7.036	-8.111E-5	2.810E-2
7.045	-2.404E-4	2.740E-2
7.053	-3.690E-4	2.692E-2
7.061	-5.058E-4	2.674E-2
7.070	-5.610E-4	2.688E-2
7.078	-6.220E-4	2.733E-2
7.087	-6.234E-4	2.799E-2
7.095	-5.553E-4	2.875E-2
7.103	-3.319E-4	2.948E-2
7.112	-1.329E-5	3.012E-2
7.120	3.911E-4	3.057E-2
7.128	7.708E-4	3.081E-2
7.137	1.154E-3	3.081E-2
7.145	1.473E-3	3.055E-2
7.154	1.652E-3	3.011E-2
7.162	1.656E-3	2.954E-2
7.170	1.468E-3	2.894E-2
7.179	1.082E-3	2.837E-2
7.187	5.216E-4	2.789E-2
7.195	-1.084E-4	2.760E-2
7.204	-7.556E-4	2.752E-2
7.212	-1.292E-3	2.764E-2
7.221	-1.671E-3	2.788E-2
7.229	-1.830E-3	2.823E-2
7.237	-1.718E-3	2.862E-2
7.246	-1.349E-3	2.899E-2
7.254	-7.766E-4	2.930E-2
7.262	-4.642E-5	2.955E-2
7.271	7.530E-4	2.969E-2
7.279	1.464E-3	2.968E-2
7.288	2.026E-3	2.968E-2
7.296	2.356E-3	2.963E-2
7.304	2.352E-3	2.953E-2
7.313	2.077E-3	2.945E-2
7.321	1.533E-3	2.935E-2
7.329	7.696E-4	2.924E-2
7.338	-4.046E-5	2.911E-2
7.346	-8.063E-4	2.897E-2
7.355	-1.420E-3	2.880E-2
7.363	-1.795E-3	2.858E-2
7.371	-1.919E-3	2.836E-2
7.380	-1.787E-3	2.816E-2
7.388	-1.370E-3	2.806E-2
7.396	-7.697E-4	2.801E-2
7.405	-4.642E-5	2.803E-2
7.413	7.051E-4	2.827E-2
7.422	1.348E-3	2.858E-2
7.430	1.804E-3	2.898E-2
7.438	2.050E-3	2.944E-2
7.447	2.065E-3	2.990E-2
7.455	1.798E-3	3.029E-2
7.463	1.399E-3	3.050E-2
7.472	8.857E-4	3.053E-2
7.480	3.239E-4	3.041E-2
7.489	-1.972E-4	3.004E-2
7.497	-6.053E-4	2.952E-2
7.505	-8.733E-4	2.888E-2
7.514	-9.380E-4	2.822E-2
7.522	-9.166E-4	2.763E-2
7.530	-6.981E-4	2.716E-2
7.539	-4.182E-4	2.696E-2
7.547	-1.231E-4	2.703E-2
7.556	1.776E-4	2.742E-2
7.564	4.860E-4	2.804E-2
7.572	7.143E-4	2.879E-2
7.581	8.724E-4	2.958E-2
7.589	9.799E-4	3.030E-2
7.597	9.881E-4	3.081E-2
7.606	1.003E-3	3.109E-2
7.614	9.969E-4	3.107E-2
7.623	9.891E-4	3.082E-2
7.631	9.222E-4	3.033E-2
7.639	7.647E-4	2.964E-2
7.648	5.808E-4	2.887E-2
7.656	3.475E-4	2.809E-2
7.664	7.427E-5	2.745E-2
7.673	-2.071E-4	2.703E-2
7.681	-4.798E-4	2.693E-2
7.690	-7.158E-4	2.710E-2
7.698	-8.702E-4	2.753E-2
7.706	-8.736E-4	2.814E-2
7.715	-8.233E-4	2.880E-2
7.723	-5.292E-4	2.943E-2
7.732	-1.660E-4	2.997E-2
7.740	3.199E-4	3.034E-2
7.748	8.504E-4	3.052E-2
7.757	1.338E-3	3.053E-2
7.765	1.743E-3	3.030E-2
7.773	1.946E-3	2.992E-2
7.782	1.929E-3	2.945E-2
7.790	1.702E-3	2.897E-2
7.799	1.244E-3	2.852E-2
7.807	6.090E-4	2.818E-2
7.815	-1.132E-4	2.800E-2
7.824	-8.129E-4	2.794E-2
7.832	-1.386E-3	2.798E-2
7.840	-1.762E-3	2.816E-2
7.849	-1.904E-3	2.838E-2
7.857	-1.776E-3	2.862E-2
7.866	-1.364E-3	2.887E-2
7.874	-7.436E-4	2.907E-2
7.882	-6.928E-6	2.923E-2
7.891	8.198E-4	2.935E-2
7.899	1.498E-3	2.945E-2
7.907	2.037E-3	2.951E-2
7.916	2.330E-3	2.958E-2
7.924	2.331E-3	2.963E-2
7.933	1.991E-3	2.967E-2
7.941	1.422E-3	2.967E-2
7.949	7.086E-4	2.967E-2
7.958	-4.176E-5	2.953E-2
7.966	-7.451E-4	2.934E-2
7.974	-1.307E-3	2.907E-2
7.983	-1.670E-3	2.876E-2
7.991	-1.755E-3	2.840E-2
8.000	-1.609E-3	2.809E-2
8.008	-1.216E-3	2.784E-2
8.016	-6.800E-4	2.774E-2
8.025	-3.206E-5	2.777E-2
8.033	5.995E-4	2.806E-2
8.041	1.131E-3	2.847E-2
8.050	1.504E-3	2.900E-2
8.058	1.670E-3	2.957E-2
8.067	1.667E-3	3.012E-2
8.075	1.450E-3	3.056E-2
8.083	1.134E-3	3.079E-2
8.092	7.385E-4	3.079E-2
8.100	3.207E-4	3.062E-2
8.108	-6.950E-5	3.018E-2
8.117	-3.960E-4	2.957E-2
8.125	-6.109E-4	2.888E-2
8.134	-6.675E-4	2.817E-2
8.142	-6.623E-4	2.756E-2
8.150	-6.413E-4	2.713E-2
8.159	-5.012E-4	2.695E-2
8.167	-3.335E-4	2.708E-2
8.175	-1.655E-4	2.752E-2
8.184	9.321E-6	2.818E-2
8.192	1.882E-4	2.895E-2
8.201	3.682E-4	2.970E-2
8.209	5.312E-4	3.035E-2
8.217	7.203E-4	3.083E-2
8.226	8.973E-4	3.105E-2
8.234	1.033E-3	3.104E-2
8.242	1.105E-3	3.074E-2
8.251	1.137E-3	3.025E-2
8.259	1.149E-3	2.960E-2
8.268	9.359E-4	2.889E-2
8.276	6.630E-4	2.821E-2
8.284	3.107E-4	2.767E-2
8.293	-1.218E-4	2.732E-2
8.301	-5.667E-4	2.725E-2
8.309	-9.224E-4	2.744E-2
8.318	-1.141E-3	2.780E-2
8.326	-1.175E-3	2.831E-2
8.335	-1.094E-3	2.887E-2
8.343	-7.685E-4	2.942E-2
8.351	-3.175E-4	2.984E-2
8.360	2.682E-4	3.015E-2
8.368	8.894E-4	3.028E-2
8.376	1.477E-3	3.029E-2
8.385	1.920E-3	3.010E-2
8.393	2.148E-3	2.982E-2
8.402	2.139E-3	2.949E-2
8.410	1.863E-3	2.914E-2
8.418	1.356E-3	2.885E-2
8.427	6.782E-4	2.864E-2
8.435	-6.996E-5	2.849E-2
8.444	-8.103E-4	2.842E-2
8.452	-1.398E-3	2.843E-2
8.460	-1.747E-3	2.844E-2
8.469	-1.854E-3	2.848E-2
8.477	-1.678E-3	2.855E-2
8.485	-1.278E-3	2.862E-2
8.494	-6.314E-4	2.872E-2
8.502	1.281E-4	2.883E-2
8.511	8.762E-4	2.895E-2
8.519	1.549E-3	2.912E-2
8.527	2.067E-3	2.934E-2
8.536	2.297E-3	2.957E-2
8.544	2.294E-3	2.980E-2
8.552	1.930E-3	2.998E-2
8.561	1.410E-3	3.010E-2
8.569	7.614E-4	3.009E-2
8.578	6.035E-5	2.992E-2
8.586	-5.849E-4	2.964E-2
8.594	-1.066E-3	2.926E-2
8.603	-1.354E-3	2.880E-2
8.611	-1.373E-3	2.831E-2
8.619	-1.265E-3	2.787E-2
8.628	-9.355E-4	2.756E-2
8.636	-4.662E-4	2.742E-2
8.645	6.813E-5	2.750E-2
8.653	5.546E-4	2.783E-2
8.661	9.549E-4	2.833E-2
8.670	1.241E-3	2.895E-2
8.678	1.390E-3	2.961E-2
8.686	1.399E-3	3.020E-2
8.695	1.286E-3	3.063E-2
8.703	1.071E-3	3.087E-2
8.712	7.907E-4	3.085E-2
8.720	5.113E-4	3.060E-2
8.728	2.525E-4	3.013E-2
8.737	3.195E-5	2.947E-2
8.745	-1.467E-4	2.873E-2
8.753	-2.632E-4	2.801E-2
8.762	-3.016E-4	2.739E-2
8.770	-3.677E-4	2.697E-2
8.779	-4.099E-4	2.685E-2
8.787	-4.184E-4	2.704E-2
8.795	-4.154E-4	2.752E-2
8.804	-3.732E-4	2.818E-2
8.812	-1.924E-4	2.894E-2
8.820	6.274E-6	2.964E-2
8.829	2.812E-4	3.026E-2
8.837	5.661E-4	3.068E-2
8.846	8.705E-4	3.089E-2
8.854	1.174E-3	3.087E-2
8.862	1.383E-3	3.056E-2
8.871	1.488E-3	3.010E-2
8.879	1.452E-3	2.948E-2
8.887	1.217E-3	2.883E-2
8.896	8.611E-4	2.823E-2
8.904	4.113E-4	2.779E-2
8.913	-1.254E-4	2.754E-2
8.921	-6.425E-4	2.754E-2
8.929	-1.087E-3	2.766E-2
8.938	-1.366E-3	2.797E-2
8.946	-1.423E-3	2.839E-2
8.954	-1.291E-3	2.883E-2
8.963	-9.103E-4	2.922E-2
8.971	-3.749E-4	2.954E-2
8.980	2.867E-4	2.979E-2
8.988	9.712E-4	2.992E-2
8.996	1.593E-3	2.991E-2
9.005	2.077E-3	2.980E-2
9.013	2.305E-3	2.968E-2
9.021	2.307E-3	2.948E-2
9.030	1.962E-3	2.928E-2
9.038	1.406E-3	2.909E-2
9.047	6.973E-4	2.896E-2
9.055	-7.670E-5	2.883E-2
9.063	-7.950E-4	2.870E-2
9.072	-1.352E-3	2.859E-2
9.080	-1.710E-3	2.847E-2
9.088	-1.776E-3	2.837E-2
9.097	-1.590E-3	2.828E-2
9.105	-1.141E-3	2.824E-2
9.114	-5.269E-4	2.825E-2
9.122	1.847E-4	2.835E-2
9.130	9.096E-4	2.852E-2
9.139	1.505E-3	2.878E-2
9.147	1.906E-3	2.909E-2
9.156	2.086E-3	2.947E-2
9.164	2.064E-3	2.982E-2
9.172	1.723E-3	3.011E-2
9.181	1.234E-3	3.027E-2
9.189	6.777E-4	3.028E-2
9.197	9.615E-5	3.011E-2
9.206	-4.284E-4	2.976E-2
9.214	-8.343E-4	2.931E-2
9.223	-1.067E-3	2.877E-2
9.231	-1.076E-3	2.820E-2
9.239	-1.051E-3	2.771E-2
9.248	-7.913E-4	2.738E-2
9.256	-4.470E-4	2.725E-2
9.264	-5.548E-5	2.738E-2
9.273	3.147E-4	2.776E-2
9.281	6.306E-4	2.834E-2
9.290	8.875E-4	2.901E-2
9.298	1.020E-3	2.970E-2
9.306	1.022E-3	3.031E-2
9.315	1.013E-3	3.076E-2
9.323	9.899E-4	3.098E-2
9.331	8.439E-4	3.098E-2
9.340	7.129E-4	3.068E-2
9.348	5.405E-4	3.020E-2
9.357	3.926E-4	2.950E-2
9.365	2.106E-4	2.875E-2
9.373	5.166E-5	2.804E-2
9.382	-1.419E-4	2.745E-2
9.390	-3.548E-4	2.708E-2
9.398	-5.316E-4	2.703E-2
9.407	-6.740E-4	2.725E-2
9.415	-6.906E-4	2.772E-2
9.424	-6.752E-4	2.836E-2
9.432	-5.578E-4	2.901E-2
9.440	-3.334E-4	2.963E-2
9.449	1.355E-5	3.016E-2
9.457	4.294E-4	3.051E-2
9.465	8.928E-4	3.066E-2
9.474	1.280E-3	3.058E-2
9.482	1.563E-3	3.031E-2
9.491	1.719E-3	2.989E-2
9.499	1.694E-3	2.938E-2
9.507	1.413E-3	2.887E-2
9.516	9.935E-4	2.843E-2
9.524	4.384E-4	2.809E-2
9.532	-1.898E-4	2.787E-2
9.541	-7.916E-4	2.785E-2
9.549	-1.285E-3	2.792E-2
9.558	-1.584E-3	2.812E-2
9.566	-1.614E-3	2.838E-2
9.574	-1.467E-3	2.870E-2
9.583	-1.066E-3	2.898E-2
9.591	-4.796E-4	2.921E-2
9.599	2.563E-4	2.937E-2
9.608	9.754E-4	2.948E-2
9.616	1.610E-3	2.948E-2
9.625	2.077E-3	2.948E-2
9.633	2.292E-3	2.947E-2
9.641	2.268E-3	2.946E-2
9.650	1.899E-3	2.943E-2
9.658	1.330E-3	2.936E-2
9.666	6.271E-4	2.928E-2
9.675	-1.241E-4	2.914E-2
9.683	-8.110E-4	2.898E-2
9.692	-1.315E-3	2.876E-2
9.700	-1.600E-3	2.853E-2
9.708	-1.592E-3	2.829E-2
9.717	-1.420E-3	2.807E-2
9.725	-9.891E-4	2.792E-2
9.733	-4.362E-4	2.787E-2
9.742	2.069E-4	2.796E-2
9.750	8.509E-4	2.821E-2
9.759	1.344E-3	2.857E-2
9.767	1.707E-3	2.901E-2
9.775	1.833E-3	2.949E-2
9.784	1.820E-3	2.993E-2
9.792	1.539E-3	3.026E-2
9.800	1.132E-3	3.044E-2
9.809	6.953E-4	3.047E-2
9.817	2.372E-4	3.028E-2
9.826	-1.753E-4	2.988E-2
9.834	-4.747E-4	2.933E-2
9.842	-6.574E-4	2.872E-2
9.851	-6.600E-4	2.808E-2
9.859	-6.579E-4	2.754E-2
9.868	-5.021E-4	2.719E-2
9.876	-2.994E-4	2.707E-2
9.884	-9.341E-5	2.725E-2
9.893	1.180E-4	2.770E-2
9.901	3.243E-4	2.835E-2
9.909	5.011E-4	2.903E-2
9.918	6.545E-4	2.973E-2
9.926	7.756E-4	3.032E-2
9.935	8.787E-4	3.074E-2
9.943	9.463E-4	3.093E-2
9.951	9.577E-4	3.090E-2
9.960	9.644E-4	3.060E-2
9.968	9.626E-4	3.009E-2
9.976	8.307E-4	2.943E-2
9.985	6.412E-4	2.872E-2
9.993	4.201E-4	2.806E-2
10.002	1.331E-4	2.754E-2
10.010	-2.087E-4	2.725E-2
10.018	-4.962E-4	2.727E-2
10.027	-7.427E-4	2.748E-2
10.035	-9.238E-4	2.793E-2
10.043	-9.054E-4	2.850E-2
10.052	-7.635E-4	2.906E-2
10.060	-4.860E-4	2.957E-2
10.069	-4.730E-5	3.002E-2
10.077	4.860E-4	3.033E-2
10.085	9.996E-4	3.043E-2
10.094	1.473E-3	3.034E-2
10.102	1.828E-3	3.011E-2
10.110	1.993E-3	2.977E-2
10.119	1.934E-3	2.940E-2
10.127	1.609E-3	2.901E-2
10.136	1.126E-3	2.866E-2
10.144	5.137E-4	2.843E-2
10.152	-1.755E-4	2.828E-2
10.161	-8.171E-4	2.827E-2
10.169	-1.322E-3	2.826E-2
10.177	-1.622E-3	2.836E-2
10.186	-1.619E-3	2.848E-2
10.194	-1.444E-3	2.864E-2
10.203	-1.026E-3	2.880E-2
10.211	-4.072E-4	2.891E-2
10.219	3.023E-4	2.905E-2
10.228	1.009E-3	2.915E-2
10.236	1.634E-3	2.928E-2
10.244	2.053E-3	2.939E-2
10.253	2.238E-3	2.951E-2
10.261	2.160E-3	2.962E-2
10.270	1.803E-3	2.970E-2
10.278	1.258E-3	2.969E-2
10.286	5.691E-4	2.968E-2
10.295	-1.160E-4	2.950E-2
10.303	-7.214E-4	2.925E-2
10.311	-1.145E-3	2.893E-2
10.320	-1.380E-3	2.858E-2
10.328	-1.365E-3	2.820E-2
10.337	-1.189E-3	2.789E-2
10.345	-8.169E-4	2.767E-2
10.353	-3.199E-4	2.760E-2
10.362	2.075E-4	2.769E-2
10.370	7.462E-4	2.803E-2
10.378	1.160E-3	2.848E-2
10.387	1.442E-3	2.903E-2
10.395	1.551E-3	2.959E-2
10.404	1.573E-3	3.011E-2
10.412	1.373E-3	3.048E-2
10.420	1.101E-3	3.065E-2
10.429	7.720E-4	3.063E-2
10.437	4.378E-4	3.035E-2
10.445	1.469E-4	2.989E-2
10.454	-1.129E-4	2.928E-2
10.462	-3.001E-4	2.859E-2
10.471	-3.631E-4	2.792E-2
10.479	-3.924E-4	2.736E-2
10.487	-4.001E-4	2.702E-2
10.496	-3.978E-4	2.698E-2
10.504	-3.034E-4	2.718E-2
10.512	-1.712E-4	2.763E-2
10.521	-4.560E-5	2.827E-2
10.529	1.201E-4	2.897E-2
10.538	2.923E-4	2.965E-2
10.546	5.035E-4	3.023E-2
10.554	7.222E-4	3.062E-2
10.563	9.195E-4	3.077E-2
10.571	1.102E-3	3.067E-2
10.580	1.218E-3	3.038E-2
10.588	1.216E-3	2.988E-2
10.596	1.182E-3	2.926E-2
10.605	9.558E-4	2.862E-2
10.613	6.265E-4	2.806E-2
10.621	2.187E-4	2.763E-2
10.630	-1.993E-4	2.741E-2
10.638	-6.215E-4	2.740E-2
10.647	-9.740E-4	2.759E-2
10.655	-1.203E-3	2.796E-2
10.663	-1.234E-3	2.843E-2
10.672	-1.081E-3	2.892E-2
10.680	-7.477E-4	2.937E-2
10.688	-2.601E-4	2.971E-2
10.697	3.485E-4	2.992E-2
10.705	9.569E-4	2.999E-2
10.714	1.480E-3	2.999E-2
10.722	1.862E-3	2.984E-2
10.730	2.028E-3	2.962E-2
10.739	1.988E-3	2.937E-2
10.747	1.625E-3	2.913E-2
10.755	1.075E-3	2.892E-2
10.764	3.903E-4	2.875E-2
10.772	-3.442E-4	2.862E-2
10.781	-9.727E-4	2.856E-2
10.789	-1.480E-3	2.853E-2
10.797	-1.759E-3	2.849E-2
10.806	-1.760E-3	2.849E-2
10.814	-1.540E-3	2.849E-2
10.822	-1.080E-3	2.849E-2
10.831	-4.676E-4	2.857E-2
10.839	2.464E-4	2.867E-2
10.848	9.463E-4	2.883E-2
10.856	1.504E-3	2.902E-2
10.864	1.878E-3	2.925E-2
10.873	1.999E-3	2.950E-2
10.881	1.907E-3	2.972E-2
10.889	1.572E-3	2.990E-2
10.898	1.085E-3	2.997E-2
10.906	5.186E-4	2.995E-2
10.915	-9.913E-5	2.971E-2
10.923	-6.210E-4	2.941E-2
10.931	-9.982E-4	2.900E-2
10.940	-1.231E-3	2.853E-2
10.948	-1.253E-3	2.807E-2
10.956	-1.088E-3	
10.965	-7.980E-4	
10.973	-3.982E-4	
10.982	4.689E-5	
10.990	4.586E-4	
