#multi:
	mass A	mass B	
t	x	x	
0.000	-4.289E-3	3.375E-2
0.008	-4.325E-3	3.375E-2
0.017	-4.326E-3	3.375E-2
0.025	-4.326E-3	3.375E-2
0.034	-4.325E-3	3.375E-2
0.042	-4.324E-3	3.375E-2
0.050	-4.324E-3	3.375E-2
0.059	-4.323E-3	3.375E-2
0.067	-4.325E-3	3.376E-2
0.075	-4.325E-3	3.376E-2
0.084	-4.326E-3	3.375E-2
0.092	-4.323E-3	3.376E-2
0.101	-4.323E-3	3.376E-2
0.109	-4.322E-3	3.376E-2
0.117	-4.322E-3	3.375E-2
0.126	-4.321E-3	3.375E-2
0.134	-4.321E-3	3.375E-2
0.142	-4.321E-3	3.375E-2
0.151	-4.321E-3	3.375E-2
0.159	-4.322E-3	3.375E-2
0.168	-4.324E-3	3.375E-2
0.176	-4.323E-3	3.375E-2
0.184	-4.324E-3	3.375E-2
0.193	-4.326E-3	3.375E-2
0.201	-4.326E-3	3.375E-2
0.209	-4.326E-3	3.375E-2
0.218	-4.324E-3	3.376E-2
0.226	-4.323E-3	3.376E-2
0.235	-4.323E-3	3.376E-2
0.243	-4.325E-3	3.376E-2
0.251	-4.324E-3	3.376E-2
0.260	-4.323E-3	3.376E-2
0.268	-4.323E-3	3.375E-2
0.276	-4.322E-3	3.376E-2
0.285	-4.322E-3	3.375E-2
0.293	-4.323E-3	3.375E-2
0.302	-4.322E-3	3.375E-2
0.310	-4.323E-3	3.375E-2
0.318	-4.323E-3	3.375E-2
0.327	-4.323E-3	3.375E-2
0.335	-4.323E-3	3.375E-2
0.343	-4.323E-3	3.375E-2
0.352	-4.323E-3	3.375E-2
0.360	-4.323E-3	3.375E-2
0.369	-4.323E-3	3.375E-2
0.377	-4.328E-3	3.376E-2
0.385	-4.327E-3	3.376E-2
0.394	-4.327E-3	3.376E-2
0.402	-4.328E-3	3.375E-2
0.410	-4.326E-3	3.375E-2
0.419	-4.322E-3	3.375E-2
0.427	-4.293E-3	3.376E-2
0.436	-4.283E-3	3.375E-2
0.444	-4.256E-3	3.375E-2
0.452	-4.239E-3	3.375E-2
0.461	-4.236E-3	3.375E-2
0.469	-4.117E-3	3.375E-2
0.477	-4.023E-3	3.375E-2
0.486	-3.868E-3	3.376E-2
0.494	-3.667E-3	3.376E-2
0.503	-3.381E-3	3.377E-2
0.511	-2.918E-3	3.377E-2
0.519	-2.181E-3	3.380E-2
0.528	-1.248E-3	3.383E-2
0.536	-1.153E-4	3.389E-2
0.544	9.914E-4	3.401E-2
0.553	1.944E-3	3.415E-2
0.561	2.708E-3	3.433E-2
0.570	2.962E-3	3.455E-2
0.578	2.781E-3	3.476E-2
0.586	2.189E-3	3.492E-2
0.595	1.233E-3	3.505E-2
0.603	1.890E-4	3.509E-2
0.611	-9.001E-4	3.505E-2
0.620	-1.918E-3	3.484E-2
0.628	-2.595E-3	3.456E-2
0.637	-3.030E-3	3.420E-2
0.645	-3.180E-3	3.378E-2
0.653	-2.990E-3	3.339E-2
0.662	-2.525E-3	3.304E-2
0.670	-1.829E-3	3.284E-2
0.678	-8.641E-4	3.280E-2
0.687	1.626E-4	3.289E-2
0.695	1.113E-3	3.317E-2
0.704	1.974E-3	3.358E-2
0.712	2.479E-3	3.414E-2
0.720	2.629E-3	3.476E-2
0.729	2.432E-3	3.531E-2
0.737	1.834E-3	3.577E-2
0.746	1.097E-3	3.604E-2
0.754	1.973E-4	3.608E-2
0.762	-7.099E-4	3.589E-2
0.771	-1.450E-3	3.546E-2
0.779	-2.060E-3	3.488E-2
0.787	-2.361E-3	3.416E-2
0.796	-2.456E-3	3.341E-2
0.804	-2.326E-3	3.270E-2
0.813	-1.912E-3	3.213E-2
0.821	-1.280E-3	3.182E-2
0.829	-5.941E-4	3.179E-2
0.838	1.668E-4	3.201E-2
0.846	8.901E-4	3.255E-2
0.854	1.419E-3	3.333E-2
0.863	1.767E-3	3.420E-2
0.871	1.881E-3	3.511E-2
0.880	1.678E-3	3.592E-2
0.888	1.324E-3	3.651E-2
0.896	7.908E-4	3.682E-2
0.905	2.259E-4	3.684E-2
0.913	-3.346E-4	3.648E-2
0.921	-8.776E-4	3.580E-2
0.930	-1.305E-3	3.490E-2
0.938	-1.522E-3	3.392E-2
0.947	-1.676E-3	3.296E-2
0.955	-1.566E-3	3.207E-2
0.963	-1.347E-3	3.153E-2
0.972	-1.065E-3	3.125E-2
0.980	-6.555E-4	3.135E-2
0.988	-2.307E-4	3.179E-2
0.997	1.591E-4	3.256E-2
1.005	5.121E-4	3.356E-2
1.014	7.255E-4	3.460E-2
1.022	8.724E-4	3.563E-2
1.030	9.315E-4	3.645E-2
1.039	8.313E-4	3.702E-2
1.047	6.886E-4	3.721E-2
1.055	4.717E-4	3.701E-2
1.064	1.993E-4	3.647E-2
1.072	-4.470E-5	3.567E-2
1.081	-2.988E-4	3.466E-2
1.089	-5.456E-4	3.355E-2
1.097	-6.936E-4	3.251E-2
1.106	-8.315E-4	3.169E-2
1.114	-9.545E-4	3.119E-2
1.122	-9.565E-4	3.109E-2
1.131	-9.453E-4	3.131E-2
1.139	-8.801E-4	3.192E-2
1.148	-7.141E-4	3.284E-2
1.156	-5.321E-4	3.389E-2
1.164	-2.859E-4	3.497E-2
1.173	4.169E-5	3.592E-2
1.181	2.945E-4	3.671E-2
1.189	5.556E-4	3.714E-2
1.198	7.645E-4	3.720E-2
1.206	9.071E-4	3.688E-2
1.215	9.573E-4	3.624E-2
1.223	9.015E-4	3.538E-2
1.231	6.814E-4	3.435E-2
1.240	4.304E-4	3.329E-2
1.248	1.452E-5	3.234E-2
1.256	-4.426E-4	3.170E-2
1.265	-8.802E-4	3.137E-2
1.273	-1.306E-3	3.135E-2
1.282	-1.595E-3	3.169E-2
1.290	-1.769E-3	3.237E-2
1.298	-1.793E-3	3.326E-2
1.307	-1.608E-3	3.425E-2
1.315	-1.269E-3	3.515E-2
1.323	-8.581E-4	3.592E-2
1.332	-2.746E-4	3.649E-2
1.340	3.776E-4	3.675E-2
1.349	9.310E-4	3.667E-2
1.357	1.408E-3	3.629E-2
1.365	1.753E-3	3.567E-2
1.374	1.800E-3	3.490E-2
1.382	1.582E-3	3.403E-2
1.391	1.111E-3	3.320E-2
1.399	4.794E-4	3.252E-2
1.407	-2.633E-4	3.211E-2
1.416	-1.066E-3	3.197E-2
1.424	-1.747E-3	3.208E-2
1.432	-2.256E-3	3.245E-2
1.441	-2.529E-3	3.300E-2
1.449	-2.528E-3	3.372E-2
1.458	-2.320E-3	3.443E-2
1.466	-1.932E-3	3.507E-2
1.474	-1.262E-3	3.557E-2
1.483	-4.542E-4	3.592E-2
1.491	4.181E-4	3.603E-2
1.499	1.300E-3	3.593E-2
1.508	1.994E-3	3.560E-2
1.516	2.445E-3	3.513E-2
1.525	2.510E-3	3.462E-2
1.533	2.187E-3	3.408E-2
1.541	1.556E-3	3.355E-2
1.550	6.814E-4	3.318E-2
1.558	-3.478E-4	3.293E-2
1.566	-1.310E-3	3.287E-2
1.575	-2.160E-3	3.295E-2
1.583	-2.758E-3	3.315E-2
1.592	-3.030E-3	3.345E-2
1.600	-3.022E-3	3.382E-2
1.608	-2.734E-3	3.416E-2
1.617	-2.152E-3	3.449E-2
1.625	-1.353E-3	3.471E-2
1.633	-3.994E-4	3.484E-2
1.642	6.649E-4	3.490E-2
1.650	1.618E-3	3.489E-2
1.659	2.382E-3	3.472E-2
1.667	2.848E-3	3.459E-2
1.675	2.836E-3	3.443E-2
1.684	2.437E-3	3.427E-2
1.692	1.616E-3	3.416E-2
1.700	6.237E-4	3.404E-2
1.709	-4.558E-4	3.397E-2
1.717	-1.513E-3	3.393E-2
1.726	-2.329E-3	3.387E-2
1.734	-2.874E-3	3.385E-2
1.742	-3.160E-3	3.379E-2
1.751	-3.114E-3	3.375E-2
1.759	-2.747E-3	3.375E-2
1.767	-2.103E-3	3.372E-2
1.776	-1.194E-3	3.374E-2
1.784	-1.614E-4	3.379E-2
1.793	8.799E-4	3.389E-2
1.801	1.793E-3	3.405E-2
1.809	2.499E-3	3.424E-2
1.818	2.788E-3	3.446E-2
1.826	2.687E-3	3.469E-2
1.834	2.166E-3	3.490E-2
1.843	1.349E-3	3.504E-2
1.851	4.123E-4	3.511E-2
1.860	-6.321E-4	3.509E-2
1.868	-1.566E-3	3.488E-2
1.876	-2.275E-3	3.460E-2
1.885	-2.750E-3	3.422E-2
1.893	-2.924E-3	3.379E-2
1.901	-2.805E-3	3.337E-2
1.910	-2.410E-3	3.302E-2
1.918	-1.790E-3	3.279E-2
1.927	-9.338E-4	3.271E-2
1.935	-1.768E-5	3.279E-2
1.943	8.855E-4	3.306E-2
1.952	1.665E-3	3.349E-2
1.960	2.159E-3	3.404E-2
1.968	2.393E-3	3.464E-2
1.977	2.239E-3	3.522E-2
1.985	1.768E-3	3.572E-2
1.994	1.134E-3	3.603E-2
2.002	2.829E-4	3.611E-2
2.010	-5.204E-4	3.593E-2
2.019	-1.223E-3	3.557E-2
2.027	-1.808E-3	3.500E-2
2.035	-2.130E-3	3.429E-2
2.044	-2.254E-3	3.357E-2
2.052	-2.133E-3	3.285E-2
2.061	-1.795E-3	3.229E-2
2.069	-1.268E-3	3.197E-2
2.077	-6.702E-4	3.191E-2
2.086	1.624E-5	3.214E-2
2.094	6.597E-4	3.263E-2
2.103	1.164E-3	3.332E-2
2.111	1.517E-3	3.416E-2
2.119	1.649E-3	3.505E-2
2.128	1.539E-3	3.584E-2
2.136	1.256E-3	3.645E-2
2.144	8.392E-4	3.675E-2
2.153	3.554E-4	3.674E-2
2.161	-1.541E-4	3.644E-2
2.170	-6.642E-4	3.582E-2
2.178	-1.034E-3	3.500E-2
2.186	-1.313E-3	3.409E-2
2.195	-1.450E-3	3.314E-2
2.203	-1.401E-3	3.228E-2
2.211	-1.225E-3	3.168E-2
2.220	-9.555E-4	3.139E-2
2.228	-6.145E-4	3.148E-2
2.237	-2.899E-4	3.189E-2
2.245	8.108E-5	3.257E-2
2.253	3.622E-4	3.348E-2
2.262	6.031E-4	3.450E-2
2.270	7.939E-4	3.548E-2
2.278	8.553E-4	3.631E-2
2.287	8.462E-4	3.686E-2
2.295	7.838E-4	3.711E-2
2.304	5.876E-4	3.700E-2
2.312	3.833E-4	3.649E-2
2.320	1.715E-4	3.573E-2
2.329	-5.822E-5	3.476E-2
2.337	-2.792E-4	3.370E-2
2.345	-4.748E-4	3.273E-2
2.354	-6.473E-4	3.194E-2
2.362	-7.594E-4	3.143E-2
2.371	-8.227E-4	3.128E-2
2.379	-8.605E-4	3.147E-2
2.387	-8.783E-4	3.202E-2
2.396	-7.735E-4	3.283E-2
2.404	-5.933E-4	3.378E-2
2.412	-3.952E-4	3.477E-2
2.421	-1.479E-4	3.566E-2
2.429	1.431E-4	3.642E-2
2.438	4.658E-4	3.690E-2
2.446	7.146E-4	3.698E-2
2.454	9.140E-4	3.673E-2
2.463	1.018E-3	3.616E-2
2.471	1.018E-3	3.538E-2
2.479	8.807E-4	3.440E-2
2.488	6.186E-4	3.343E-2
2.496	2.359E-4	3.255E-2
2.505	-2.084E-4	3.195E-2
2.513	-6.695E-4	3.160E-2
2.521	-1.113E-3	3.154E-2
2.530	-1.433E-3	3.183E-2
2.538	-1.635E-3	3.241E-2
2.546	-1.661E-3	3.322E-2
2.555	-1.505E-3	3.410E-2
2.563	-1.232E-3	3.497E-2
2.572	-7.779E-4	3.566E-2
2.580	-2.116E-4	3.619E-2
2.588	3.987E-4	3.647E-2
2.597	9.764E-4	3.646E-2
2.605	1.469E-3	3.613E-2
2.613	1.777E-3	3.562E-2
2.622	1.933E-3	3.491E-2
2.630	1.756E-3	3.413E-2
2.639	1.347E-3	3.336E-2
2.647	7.679E-4	3.273E-2
2.655	-3.413E-6	3.231E-2
2.664	-7.373E-4	3.217E-2
2.672	-1.406E-3	3.223E-2
2.680	-1.971E-3	3.250E-2
2.689	-2.315E-3	3.298E-2
2.697	-2.346E-3	3.360E-2
2.706	-2.200E-3	3.423E-2
2.714	-1.820E-3	3.480E-2
2.722	-1.174E-3	3.530E-2
2.731	-4.218E-4	3.561E-2
2.739	4.366E-4	3.575E-2
2.747	1.272E-3	3.569E-2
2.756	1.952E-3	3.543E-2
2.764	2.406E-3	3.503E-2
2.773	2.536E-3	3.459E-2
2.781	2.258E-3	3.413E-2
2.789	1.683E-3	3.371E-2
2.798	8.475E-4	3.336E-2
2.806	-9.354E-5	3.315E-2
2.815	-9.887E-4	3.308E-2
2.823	-1.821E-3	3.312E-2
2.831	-2.424E-3	3.329E-2
2.840	-2.788E-3	3.355E-2
2.848	-2.798E-3	3.382E-2
2.856	-2.569E-3	3.411E-2
2.865	-2.037E-3	3.441E-2
2.873	-1.297E-3	3.461E-2
2.882	-4.030E-4	3.475E-2
2.890	6.024E-4	3.479E-2
2.898	1.534E-3	3.482E-2
2.907	2.276E-3	3.474E-2
2.915	2.696E-3	3.462E-2
2.923	2.735E-3	3.449E-2
2.932	2.378E-3	3.440E-2
2.940	1.666E-3	3.429E-2
2.949	7.314E-4	3.420E-2
2.957	-2.868E-4	3.415E-2
2.965	-1.262E-3	3.410E-2
2.974	-2.080E-3	3.404E-2
2.982	-2.640E-3	3.397E-2
2.990	-2.960E-3	3.389E-2
2.999	-2.945E-3	3.381E-2
3.007	-2.643E-3	3.374E-2
3.016	-2.074E-3	3.370E-2
3.024	-1.241E-3	3.372E-2
3.032	-2.708E-4	3.375E-2
3.041	6.989E-4	3.383E-2
3.049	1.589E-3	3.399E-2
3.057	2.250E-3	3.420E-2
3.066	2.589E-3	3.444E-2
3.074	2.507E-3	3.470E-2
3.083	2.058E-3	3.492E-2
3.091	1.353E-3	3.509E-2
3.099	4.677E-4	3.516E-2
3.108	-4.966E-4	3.514E-2
3.116	-1.349E-3	3.494E-2
3.124	-2.056E-3	3.465E-2
3.133	-2.509E-3	3.425E-2
3.141	-2.711E-3	3.380E-2
3.150	-2.666E-3	3.338E-2
3.158	-2.338E-3	3.300E-2
3.166	-1.754E-3	3.278E-2
3.175	-1.001E-3	3.268E-2
3.183	-1.480E-4	3.272E-2
3.191	6.785E-4	3.293E-2
3.200	1.380E-3	3.334E-2
3.208	1.889E-3	3.386E-2
3.217	2.092E-3	3.447E-2
3.225	1.995E-3	3.505E-2
3.233	1.593E-3	3.554E-2
3.242	9.940E-4	3.587E-2
3.250	2.678E-4	3.597E-2
3.258	-4.630E-4	3.586E-2
3.267	-1.146E-3	3.549E-2
3.275	-1.673E-3	3.495E-2
3.284	-2.014E-3	3.428E-2
3.292	-2.141E-3	3.355E-2
3.300	-2.050E-3	3.287E-2
3.309	-1.785E-3	3.230E-2
3.317	-1.346E-3	3.198E-2
3.325	-7.879E-4	3.190E-2
3.334	-1.533E-4	3.208E-2
3.342	4.185E-4	3.254E-2
3.351	9.119E-4	3.324E-2
3.359	1.255E-3	3.406E-2
3.367	1.398E-3	3.488E-2
3.376	1.361E-3	3.566E-2
3.384	1.128E-3	3.622E-2
3.392	7.545E-4	3.657E-2
3.401	3.110E-4	3.658E-2
3.409	-1.846E-4	3.634E-2
3.418	-6.320E-4	3.577E-2
3.426	-9.469E-4	3.501E-2
3.434	-1.188E-3	3.415E-2
3.443	-1.314E-3	3.328E-2
3.451	-1.337E-3	3.245E-2
3.459	-1.221E-3	3.184E-2
3.468	-9.944E-4	3.155E-2
3.476	-7.073E-4	3.154E-2
3.485	-4.284E-4	3.189E-2
3.493	-1.359E-4	3.251E-2
3.501	1.480E-4	3.333E-2
3.510	3.798E-4	3.428E-2
3.518	5.744E-4	3.522E-2
3.527	6.674E-4	3.605E-2
3.535	6.842E-4	3.661E-2
3.543	6.466E-4	3.691E-2
3.552	5.392E-4	3.685E-2
3.560	3.725E-4	3.645E-2
3.568	2.159E-4	3.575E-2
3.577	9.315E-6	3.484E-2
3.585	-2.152E-4	3.388E-2
3.594	-4.279E-4	3.298E-2
3.602	-6.285E-4	3.222E-2
3.610	-7.714E-4	3.167E-2
3.619	-8.771E-4	3.148E-2
3.627	-9.401E-4	3.165E-2
3.635	-9.358E-4	3.214E-2
3.644	-8.835E-4	3.287E-2
3.652	-7.533E-4	3.375E-2
3.661	-5.300E-4	3.467E-2
3.669	-2.564E-4	3.556E-2
3.677	5.621E-5	3.627E-2
3.686	3.562E-4	3.670E-2
3.694	6.604E-4	3.684E-2
3.702	8.919E-4	3.667E-2
3.711	1.031E-3	3.617E-2
3.719	1.055E-3	3.543E-2
3.728	9.748E-4	3.453E-2
3.736	6.958E-4	3.361E-2
3.744	3.311E-4	3.276E-2
3.753	-1.374E-4	3.219E-2
3.761	-6.260E-4	3.183E-2
3.769	-1.081E-3	3.181E-2
3.778	-1.416E-3	3.203E-2
3.786	-1.631E-3	3.252E-2
3.795	-1.720E-3	3.326E-2
3.803	-1.613E-3	3.405E-2
3.811	-1.352E-3	3.481E-2
3.820	-9.359E-4	3.551E-2
3.828	-4.209E-4	3.603E-2
3.836	1.741E-4	3.631E-2
3.845	7.568E-4	3.630E-2
3.853	1.271E-3	3.602E-2
3.862	1.612E-3	3.556E-2
3.870	1.783E-3	3.493E-2
3.878	1.651E-3	3.420E-2
3.887	1.267E-3	3.352E-2
3.895	7.169E-4	3.294E-2
3.903	1.906E-5	3.250E-2
3.912	-7.143E-4	3.231E-2
3.920	-1.377E-3	3.238E-2
3.929	-1.945E-3	3.262E-2
3.937	-2.282E-3	3.305E-2
3.945	-2.401E-3	3.359E-2
3.954	-2.286E-3	3.414E-2
3.962	-1.933E-3	3.467E-2
3.970	-1.363E-3	3.511E-2
3.979	-6.447E-4	3.543E-2
3.987	1.942E-4	3.554E-2
3.996	9.964E-4	3.551E-2
4.004	1.628E-3	3.531E-2
4.012	2.101E-3	3.498E-2
4.021	2.235E-3	3.457E-2
4.029	2.047E-3	3.418E-2
4.037	1.537E-3	3.378E-2
4.046	7.766E-4	3.349E-2
4.054	-1.299E-4	3.330E-2
4.063	-1.030E-3	3.324E-2
4.071	-1.831E-3	3.329E-2
4.079	-2.434E-3	3.340E-2
4.088	-2.774E-3	3.358E-2
4.096	-2.821E-3	3.381E-2
4.104	-2.616E-3	3.404E-2
4.113	-2.193E-3	3.424E-2
4.121	-1.506E-3	3.443E-2
4.130	-6.595E-4	3.454E-2
4.138	2.679E-4	3.459E-2
4.146	1.158E-3	3.461E-2
4.155	1.920E-3	3.459E-2
4.163	2.417E-3	3.452E-2
4.172	2.490E-3	3.444E-2
4.180	2.212E-3	3.439E-2
4.188	1.571E-3	3.437E-2
4.197	7.193E-4	3.427E-2
4.205	-2.395E-4	3.421E-2
4.213	-1.154E-3	3.417E-2
4.222	-1.950E-3	3.409E-2
4.230	-2.513E-3	3.400E-2
4.239	-2.798E-3	3.391E-2
4.247	-2.787E-3	3.380E-2
4.255	-2.527E-3	3.371E-2
4.264	-2.018E-3	3.363E-2
4.272	-1.275E-3	3.358E-2
4.280	-4.110E-4	3.359E-2
4.289	4.978E-4	3.369E-2
4.297	1.342E-3	3.385E-2
4.306	1.995E-3	3.406E-2
4.314	2.382E-3	3.431E-2
4.322	2.400E-3	3.458E-2
4.331	2.047E-3	3.485E-2
4.339	1.401E-3	3.506E-2
4.347	5.731E-4	3.516E-2
4.356	-2.952E-4	3.513E-2
4.364	-1.101E-3	3.496E-2
4.373	-1.811E-3	3.468E-2
4.381	-2.249E-3	3.429E-2
4.389	-2.471E-3	3.384E-2
4.398	-2.462E-3	3.339E-2
4.406	-2.206E-3	3.301E-2
4.414	-1.711E-3	3.276E-2
4.423	-1.046E-3	3.265E-2
4.431	-2.978E-4	3.268E-2
4.440	4.920E-4	3.289E-2
4.448	1.156E-3	3.329E-2
4.456	1.651E-3	3.380E-2
4.465	1.878E-3	3.439E-2
4.473	1.803E-3	3.497E-2
4.481	1.514E-3	3.543E-2
4.490	9.857E-4	3.578E-2
4.498	3.415E-4	3.592E-2
4.507	-3.148E-4	3.584E-2
4.515	-9.222E-4	3.552E-2
4.523	-1.430E-3	3.502E-2
4.532	-1.773E-3	3.440E-2
4.540	-1.934E-3	3.370E-2
4.548	-1.900E-3	3.303E-2
4.557	-1.669E-3	3.247E-2
4.565	-1.275E-3	3.207E-2
4.574	-7.904E-4	3.199E-2
4.582	-2.648E-4	3.213E-2
4.590	2.560E-4	3.253E-2
4.599	7.072E-4	3.319E-2
4.607	1.055E-3	3.399E-2
4.615	1.211E-3	3.481E-2
4.624	1.176E-3	3.556E-2
4.632	9.934E-4	3.614E-2
4.641	6.734E-4	3.651E-2
4.649	2.947E-4	3.656E-2
4.657	-9.425E-5	3.632E-2
4.666	-4.700E-4	3.580E-2
4.674	-7.815E-4	3.509E-2
4.682	-1.002E-3	3.427E-2
4.691	-1.128E-3	3.340E-2
4.699	-1.162E-3	3.259E-2
4.708	-1.103E-3	3.198E-2
4.716	-9.266E-4	3.164E-2
4.724	-7.105E-4	3.166E-2
4.733	-4.732E-4	3.196E-2
4.741	-2.175E-4	3.251E-2
4.749	2.827E-5	3.328E-2
4.758	2.367E-4	3.421E-2
4.766	4.109E-4	3.511E-2
4.775	5.009E-4	3.590E-2
4.783	5.704E-4	3.648E-2
4.791	5.937E-4	3.675E-2
4.800	5.316E-4	3.669E-2
4.808	4.179E-4	3.634E-2
4.816	2.706E-4	3.569E-2
4.825	7.305E-5	3.488E-2
4.833	-1.396E-4	3.397E-2
4.842	-3.329E-4	3.309E-2
4.850	-5.176E-4	3.236E-2
4.858	-6.746E-4	3.183E-2
4.867	-8.439E-4	3.158E-2
4.875	-9.263E-4	3.167E-2
4.884	-9.596E-4	3.212E-2
4.892	-9.236E-4	3.280E-2
4.900	-8.326E-4	3.364E-2
4.909	-6.564E-4	3.455E-2
4.917	-4.332E-4	3.538E-2
4.925	-9.325E-5	3.605E-2
4.934	2.372E-4	3.647E-2
4.942	5.194E-4	3.662E-2
4.951	7.580E-4	3.649E-2
4.959	9.118E-4	3.604E-2
4.967	9.510E-4	3.539E-2
4.976	8.870E-4	3.458E-2
4.984	6.557E-4	3.372E-2
4.992	3.200E-4	3.295E-2
5.001	-1.105E-4	3.237E-2
5.009	-5.591E-4	3.201E-2
5.018	-9.698E-4	3.193E-2
5.026	-1.342E-3	3.213E-2
5.034	-1.580E-3	3.260E-2
5.043	-1.690E-3	3.324E-2
5.051	-1.589E-3	3.394E-2
5.059	-1.365E-3	3.467E-2
5.068	-9.688E-4	3.535E-2
5.076	-4.629E-4	3.583E-2
5.085	1.248E-4	3.610E-2
5.093	7.132E-4	3.610E-2
5.101	1.206E-3	3.588E-2
5.110	1.569E-3	3.544E-2
5.118	1.743E-3	3.487E-2
5.126	1.649E-3	3.422E-2
5.135	1.329E-3	3.358E-2
5.143	7.993E-4	3.304E-2
5.152	1.872E-4	3.267E-2
5.160	-5.361E-4	3.246E-2
5.168	-1.193E-3	3.245E-2
5.177	-1.742E-3	3.267E-2
5.185	-2.119E-3	3.303E-2
5.193	-2.251E-3	3.351E-2
5.202	-2.144E-3	3.400E-2
5.210	-1.819E-3	3.449E-2
5.219	-1.291E-3	3.489E-2
5.227	-6.108E-4	3.518E-2
5.235	1.761E-4	3.530E-2
5.244	9.448E-4	3.531E-2
5.252	1.588E-3	3.514E-2
5.260	2.060E-3	3.487E-2
5.269	2.237E-3	3.452E-2
5.277	2.092E-3	3.414E-2
5.286	1.602E-3	3.382E-2
5.294	9.128E-4	3.354E-2
5.302	8.380E-5	3.336E-2
5.311	-7.951E-4	3.328E-2
5.319	-1.588E-3	3.330E-2
5.327	-2.210E-3	3.340E-2
5.336	-2.549E-3	3.354E-2
5.344	-2.682E-3	3.375E-2
5.353	-2.503E-3	3.396E-2
5.361	-2.105E-3	3.415E-2
5.369	-1.460E-3	3.430E-2
5.378	-6.372E-4	3.441E-2
5.386	2.483E-4	3.445E-2
5.394	1.094E-3	3.447E-2
5.403	1.803E-3	3.446E-2
5.411	2.267E-3	3.444E-2
5.420	2.405E-3	3.441E-2
5.428	2.173E-3	3.439E-2
5.436	1.616E-3	3.440E-2
5.445	8.351E-4	3.435E-2
5.453	-4.789E-5	3.430E-2
5.461	-9.066E-4	3.422E-2
5.470	-1.671E-3	3.416E-2
5.478	-2.223E-3	3.404E-2
5.487	-2.561E-3	3.393E-2
5.495	-2.567E-3	3.379E-2
5.503	-2.350E-3	3.367E-2
5.512	-1.876E-3	3.357E-2
5.520	-1.179E-3	3.353E-2
5.528	-3.934E-4	3.354E-2
5.537	4.739E-4	3.360E-2
5.545	1.284E-3	3.377E-2
5.554	1.922E-3	3.400E-2
5.562	2.266E-3	3.425E-2
5.570	2.320E-3	3.453E-2
5.579	2.009E-3	3.481E-2
5.587	1.442E-3	3.505E-2
5.596	6.852E-4	3.515E-2
5.604	-1.356E-4	3.514E-2
5.612	-9.284E-4	3.499E-2
5.621	-1.586E-3	3.475E-2
5.629	-2.043E-3	3.437E-2
5.637	-2.289E-3	3.396E-2
5.646	-2.289E-3	3.352E-2
5.654	-2.049E-3	3.313E-2
5.663	-1.603E-3	3.284E-2
5.671	-9.824E-4	3.268E-2
5.679	-2.596E-4	3.269E-2
5.688	4.618E-4	3.288E-2
5.696	1.093E-3	3.325E-2
5.704	1.567E-3	3.378E-2
5.713	1.822E-3	3.432E-2
5.721	1.800E-3	3.491E-2
5.730	1.531E-3	3.540E-2
5.738	1.084E-3	3.574E-2
5.746	5.152E-4	3.592E-2
5.755	-1.264E-4	3.586E-2
5.763	-7.190E-4	3.556E-2
5.771	-1.183E-3	3.509E-2
5.780	-1.528E-3	3.448E-2
5.788	-1.731E-3	3.379E-2
5.797	-1.751E-3	3.311E-2
5.805	-1.565E-3	3.254E-2
5.813	-1.237E-3	3.220E-2
5.822	-7.723E-4	3.203E-2
5.830	-2.736E-4	3.215E-2
5.838	2.136E-4	3.250E-2
5.847	6.457E-4	3.309E-2
5.855	9.635E-4	3.383E-2
5.864	1.109E-3	3.461E-2
5.872	1.120E-3	3.532E-2
5.880	9.902E-4	3.591E-2
5.889	7.146E-4	3.632E-2
5.897	4.027E-4	3.640E-2
5.905	4.123E-5	3.623E-2
5.914	-3.049E-4	3.578E-2
5.922	-6.217E-4	3.512E-2
5.931	-8.588E-4	3.433E-2
5.939	-9.950E-4	3.352E-2
5.947	-1.058E-3	3.275E-2
5.956	-1.064E-3	3.217E-2
5.964	-9.180E-4	3.180E-2
5.972	-7.343E-4	3.174E-2
5.981	-5.251E-4	3.199E-2
5.989	-2.872E-4	3.249E-2
5.998	-5.337E-5	3.323E-2
6.006	1.558E-4	3.412E-2
6.014	3.362E-4	3.500E-2
6.023	4.347E-4	3.575E-2
6.031	5.003E-4	3.630E-2
6.039	4.956E-4	3.657E-2
6.048	4.758E-4	3.653E-2
6.056	4.226E-4	3.620E-2
6.065	2.884E-4	3.565E-2
6.073	1.557E-4	3.488E-2
6.081	-4.924E-6	3.403E-2
6.090	-2.281E-4	3.320E-2
6.098	-4.369E-4	3.247E-2
6.106	-6.465E-4	3.194E-2
6.115	-8.034E-4	3.170E-2
6.123	-9.298E-4	3.177E-2
6.132	-9.731E-4	3.213E-2
6.140	-9.579E-4	3.275E-2
6.148	-8.816E-4	3.355E-2
6.157	-7.024E-4	3.438E-2
6.165	-4.674E-4	3.519E-2
6.173	-1.894E-4	3.583E-2
6.182	1.558E-4	3.626E-2
6.190	4.703E-4	3.642E-2
6.199	7.162E-4	3.632E-2
6.207	9.127E-4	3.591E-2
6.215	9.725E-4	3.534E-2
6.224	9.073E-4	3.459E-2
6.232	6.987E-4	3.382E-2
6.240	4.070E-4	3.311E-2
6.249	-1.638E-6	3.250E-2
6.257	-4.618E-4	3.212E-2
6.266	-9.062E-4	3.202E-2
6.274	-1.301E-3	3.218E-2
6.282	-1.584E-3	3.259E-2
6.291	-1.667E-3	3.314E-2
6.299	-1.610E-3	3.380E-2
6.308	-1.408E-3	3.449E-2
6.316	-1.013E-3	3.511E-2
6.324	-5.397E-4	3.558E-2
6.333	3.703E-5	3.586E-2
6.341	6.054E-4	3.591E-2
6.349	1.116E-3	3.577E-2
6.358	1.500E-3	3.540E-2
6.366	1.699E-3	3.488E-2
6.375	1.712E-3	3.428E-2
6.383	1.410E-3	3.369E-2
6.391	9.077E-4	3.320E-2
6.400	2.799E-4	3.287E-2
6.408	-4.281E-4	3.266E-2
6.416	-1.086E-3	3.265E-2
6.425	-1.640E-3	3.283E-2
6.433	-2.001E-3	3.313E-2
6.442	-2.168E-3	3.354E-2
6.450	-2.127E-3	3.399E-2
6.458	-1.829E-3	3.444E-2
6.467	-1.335E-3	3.481E-2
6.475	-6.838E-4	3.510E-2
6.483	4.812E-5	3.526E-2
6.492	7.843E-4	3.526E-2
6.500	1.418E-3	3.513E-2
6.509	1.881E-3	3.489E-2
6.517	2.067E-3	3.460E-2
6.525	1.981E-3	3.427E-2
6.534	1.566E-3	3.396E-2
6.542	9.277E-4	3.373E-2
6.550	1.580E-4	3.356E-2
6.559	-6.560E-4	3.348E-2
6.567	-1.420E-3	3.350E-2
6.576	-2.016E-3	3.356E-2
6.584	-2.400E-3	3.368E-2
6.592	-2.524E-3	3.384E-2
6.601	-2.425E-3	3.399E-2
6.609	-2.066E-3	3.416E-2
6.617	-1.481E-3	3.426E-2
6.626	-7.357E-4	3.437E-2
6.634	1.255E-4	3.443E-2
6.643	9.517E-4	3.446E-2
6.651	1.607E-3	3.445E-2
6.659	2.067E-3	3.445E-2
6.668	2.230E-3	3.444E-2
6.676	2.028E-3	3.444E-2
6.684	1.546E-3	3.444E-2
6.693	8.325E-4	3.442E-2
6.701	2.261E-5	3.439E-2
6.710	-8.206E-4	3.434E-2
6.718	-1.571E-3	3.425E-2
6.726	-2.124E-3	3.415E-2
6.735	-2.443E-3	3.399E-2
6.743	-2.502E-3	3.384E-2
6.751	-2.338E-3	3.369E-2
6.760	-1.916E-3	3.358E-2
6.768	-1.287E-3	3.352E-2
6.777	-5.481E-4	3.352E-2
6.785	2.870E-4	3.358E-2
6.793	1.050E-3	3.375E-2
6.802	1.661E-3	3.397E-2
6.810	2.011E-3	3.424E-2
6.818	2.075E-3	3.452E-2
6.827	1.821E-3	3.481E-2
6.835	1.323E-3	3.506E-2
6.844	6.647E-4	3.517E-2
6.852	-9.340E-5	3.517E-2
6.860	-8.035E-4	3.506E-2
6.869	-1.434E-3	3.482E-2
6.877	-1.884E-3	3.447E-2
6.885	-2.113E-3	3.403E-2
6.894	-2.111E-3	3.358E-2
6.902	-1.914E-3	3.318E-2
6.911	-1.497E-3	3.287E-2
6.919	-9.698E-4	3.269E-2
6.927	-3.144E-4	3.268E-2
6.936	3.816E-4	3.285E-2
6.944	9.897E-4	3.321E-2
6.953	1.418E-3	3.371E-2
6.961	1.644E-3	3.426E-2
6.969	1.627E-3	3.483E-2
6.978	1.395E-3	3.534E-2
6.986	1.005E-3	3.569E-2
6.994	4.602E-4	3.588E-2
7.003	-1.008E-4	3.581E-2
7.011	-6.255E-4	3.555E-2
7.020	-1.105E-3	3.512E-2
7.028	-1.422E-3	3.454E-2
7.036	-1.579E-3	3.385E-2
7.045	-1.581E-3	3.317E-2
7.053	-1.463E-3	3.261E-2
7.061	-1.157E-3	3.225E-2
7.070	-7.676E-4	3.209E-2
7.078	-3.146E-4	3.220E-2
7.087	1.525E-4	3.252E-2
7.095	5.530E-4	3.308E-2
7.103	8.114E-4	3.378E-2
7.112	1.023E-3	3.450E-2
7.120	1.063E-3	3.520E-2
7.128	1.018E-3	3.577E-2
7.137	8.179E-4	3.616E-2
7.145	5.527E-4	3.630E-2
7.154	2.001E-4	3.614E-2
7.162	-1.023E-4	3.575E-2
7.170	-3.754E-4	3.514E-2
7.179	-6.188E-4	3.441E-2
7.187	-7.793E-4	3.361E-2
7.195	-8.460E-4	3.284E-2
7.204	-8.699E-4	3.225E-2
7.212	-7.949E-4	3.191E-2
7.221	-6.807E-4	3.183E-2
7.229	-5.167E-4	3.208E-2
7.237	-3.196E-4	3.256E-2
7.246	-1.019E-4	3.328E-2
7.254	1.255E-4	3.409E-2
7.262	2.933E-4	3.486E-2
7.271	3.932E-4	3.559E-2
7.279	4.963E-4	3.611E-2
7.288	5.484E-4	3.641E-2
7.296	5.202E-4	3.644E-2
7.304	4.891E-4	3.618E-2
7.313	3.692E-4	3.567E-2
7.321	2.636E-4	3.496E-2
7.329	7.802E-5	3.414E-2
7.338	-1.373E-4	3.337E-2
7.346	-3.433E-4	3.263E-2
7.355	-5.839E-4	3.213E-2
7.363	-7.500E-4	3.191E-2
7.371	-9.024E-4	3.196E-2
7.380	-9.658E-4	3.226E-2
7.388	-9.647E-4	3.279E-2
7.396	-9.062E-4	3.352E-2
7.405	-7.433E-4	3.430E-2
7.413	-5.106E-4	3.505E-2
7.422	-2.269E-4	3.567E-2
7.430	1.071E-4	3.608E-2
7.438	3.943E-4	3.625E-2
7.447	6.904E-4	3.616E-2
7.455	9.115E-4	3.584E-2
7.463	9.880E-4	3.530E-2
7.472	9.278E-4	3.462E-2
7.480	7.499E-4	3.391E-2
7.489	4.470E-4	3.323E-2
7.497	4.074E-5	3.268E-2
7.505	-4.218E-4	3.232E-2
7.514	-8.739E-4	3.223E-2
7.522	-1.252E-3	3.234E-2
7.530	-1.558E-3	3.269E-2
7.539	-1.685E-3	3.319E-2
7.547	-1.619E-3	3.382E-2
7.556	-1.438E-3	3.446E-2
7.564	-1.112E-3	3.504E-2
7.572	-6.585E-4	3.552E-2
7.581	-1.193E-4	3.578E-2
7.589	4.239E-4	3.584E-2
7.597	9.281E-4	3.572E-2
7.606	1.326E-3	3.539E-2
7.614	1.552E-3	3.492E-2
7.623	1.556E-3	3.439E-2
7.631	1.300E-3	3.386E-2
7.639	8.692E-4	3.343E-2
7.648	2.593E-4	3.309E-2
7.656	-4.187E-4	3.287E-2
7.665	-1.071E-3	3.286E-2
7.673	-1.599E-3	3.299E-2
7.681	-1.994E-3	3.329E-2
7.690	-2.144E-3	3.364E-2
7.698	-2.088E-3	3.401E-2
7.706	-1.824E-3	3.441E-2
7.715	-1.346E-3	3.477E-2
7.723	-7.784E-4	3.505E-2
7.732	-5.378E-5	3.517E-2
7.740	6.832E-4	3.517E-2
7.748	1.313E-3	3.507E-2
7.757	1.798E-3	3.488E-2
7.765	2.037E-3	3.462E-2
7.773	1.961E-3	3.435E-2
7.782	1.605E-3	3.409E-2
7.790	1.024E-3	3.391E-2
7.799	2.947E-4	3.375E-2
7.807	-5.030E-4	3.369E-2
7.815	-1.206E-3	3.371E-2
7.824	-1.808E-3	3.373E-2
7.832	-2.180E-3	3.382E-2
7.840	-2.357E-3	3.395E-2
7.849	-2.255E-3	3.407E-2
7.857	-1.938E-3	3.418E-2
7.866	-1.402E-3	3.427E-2
7.874	-7.053E-4	3.434E-2
7.882	9.640E-5	3.443E-2
7.891	8.528E-4	3.445E-2
7.899	1.517E-3	3.445E-2
7.907	1.994E-3	3.446E-2
7.916	2.172E-3	3.447E-2
7.924	2.052E-3	3.446E-2
7.933	1.583E-3	3.446E-2
7.941	9.342E-4	3.446E-2
7.949	1.738E-4	3.444E-2
7.958	-6.260E-4	3.440E-2
7.966	-1.344E-3	3.430E-2
7.974	-1.897E-3	3.418E-2
7.983	-2.205E-3	3.401E-2
7.991	-2.332E-3	3.384E-2
8.000	-2.167E-3	3.368E-2
8.008	-1.832E-3	3.357E-2
8.016	-1.251E-3	3.349E-2
8.025	-5.698E-4	3.350E-2
8.033	1.793E-4	3.355E-2
8.041	9.023E-4	3.371E-2
8.050	1.469E-3	3.394E-2
8.058	1.868E-3	3.422E-2
8.067	1.939E-3	3.452E-2
8.075	1.766E-3	3.480E-2
8.083	1.327E-3	3.506E-2
8.092	7.256E-4	3.522E-2
8.100	2.005E-5	3.519E-2
8.108	-6.667E-4	3.508E-2
8.117	-1.294E-3	3.486E-2
8.125	-1.746E-3	3.450E-2
8.134	-2.015E-3	3.409E-2
8.142	-2.038E-3	3.362E-2
8.150	-1.881E-3	3.322E-2
8.159	-1.526E-3	3.292E-2
8.167	-1.058E-3	3.274E-2
8.175	-4.555E-4	3.276E-2
8.184	1.680E-4	3.294E-2
8.192	7.186E-4	3.325E-2
8.201	1.149E-3	3.372E-2
8.209	1.392E-3	3.424E-2
8.217	1.440E-3	3.477E-2
8.226	1.257E-3	3.529E-2
8.234	9.230E-4	3.566E-2
8.242	4.586E-4	3.581E-2
8.251	-4.232E-5	3.578E-2
8.259	-5.366E-4	3.557E-2
8.268	-9.434E-4	3.516E-2
8.276	-1.275E-3	3.459E-2
8.284	-1.475E-3	3.397E-2
8.293	-1.512E-3	3.334E-2
8.301	-1.408E-3	3.279E-2
8.309	-1.160E-3	3.241E-2
8.318	-8.346E-4	3.224E-2
8.326	-4.543E-4	3.228E-2
8.335	-2.781E-5	3.254E-2
8.343	3.209E-4	3.310E-2
8.351	6.101E-4	3.375E-2
8.360	8.013E-4	3.443E-2
8.368	8.780E-4	3.512E-2
8.377	8.133E-4	3.568E-2
8.385	6.640E-4	3.610E-2
8.393	4.354E-4	3.621E-2
8.402	1.648E-4	3.610E-2
8.410	-1.106E-4	3.571E-2
8.418	-3.500E-4	3.518E-2
8.427	-5.938E-4	3.445E-2
8.435	-7.505E-4	3.369E-2
8.444	-8.174E-4	3.298E-2
8.452	-8.505E-4	3.242E-2
8.460	-8.315E-4	3.204E-2
8.469	-7.163E-4	3.195E-2
8.477	-5.982E-4	3.212E-2
8.485	-4.522E-4	3.254E-2
8.494	-2.606E-4	3.322E-2
8.502	-6.379E-5	3.397E-2
8.511	8.347E-5	3.476E-2
8.519	2.198E-4	3.542E-2
8.527	3.210E-4	3.595E-2
8.536	3.920E-4	3.629E-2
8.544	4.153E-4	3.628E-2
8.552	4.290E-4	3.607E-2
8.561	3.782E-4	3.558E-2
8.569	2.665E-4	3.494E-2
8.578	1.234E-4	3.419E-2
8.586	-2.149E-5	3.343E-2
8.594	-2.406E-4	3.275E-2
8.603	-4.518E-4	3.230E-2
8.611	-6.468E-4	3.205E-2
8.619	-8.298E-4	3.203E-2
8.628	-9.296E-4	3.229E-2
8.636	-9.608E-4	3.283E-2
8.645	-9.100E-4	3.349E-2
8.653	-7.862E-4	3.423E-2
8.661	-5.504E-4	3.495E-2
8.670	-2.625E-4	3.552E-2
8.678	7.517E-5	3.596E-2
8.686	3.642E-4	3.616E-2
8.695	6.660E-4	3.613E-2
8.703	8.909E-4	3.585E-2
8.712	1.005E-3	3.533E-2
8.720	9.581E-4	3.470E-2
8.728	8.166E-4	3.402E-2
8.737	5.336E-4	3.336E-2
8.745	1.532E-4	3.283E-2
8.753	-2.755E-4	3.248E-2
8.762	-7.003E-4	3.236E-2
8.770	-1.099E-3	3.244E-2
8.779	-1.380E-3	3.272E-2
8.787	-1.542E-3	3.317E-2
8.795	-1.559E-3	3.372E-2
8.804	-1.385E-3	3.433E-2
8.812	-1.108E-3	3.490E-2
8.820	-6.689E-4	3.532E-2
8.829	-1.739E-4	3.559E-2
8.837	3.725E-4	3.566E-2
8.846	8.985E-4	3.555E-2
8.854	1.292E-3	3.527E-2
8.862	1.535E-3	3.487E-2
8.871	1.545E-3	3.438E-2
8.879	1.328E-3	3.392E-2
8.887	9.190E-4	3.349E-2
8.896	3.650E-4	3.316E-2
8.904	-2.595E-4	3.295E-2
8.913	-8.796E-4	3.292E-2
8.921	-1.414E-3	3.298E-2
8.929	-1.801E-3	3.325E-2
8.938	-1.994E-3	3.358E-2
8.946	-1.999E-3	3.394E-2
8.954	-1.789E-3	3.433E-2
8.963	-1.373E-3	3.466E-2
8.971	-8.093E-4	3.489E-2
8.980	-1.571E-4	3.502E-2
8.988	5.203E-4	3.506E-2
8.996	1.130E-3	3.499E-2
9.005	1.591E-3	3.480E-2
9.013	1.845E-3	3.460E-2
9.021	1.815E-3	3.437E-2
9.030	1.498E-3	3.415E-2
9.038	9.607E-4	3.396E-2
9.047	2.739E-4	3.381E-2
9.055	-4.836E-4	3.372E-2
9.063	-1.166E-3	3.373E-2
9.072	-1.768E-3	3.374E-2
9.080	-2.136E-3	3.380E-2
9.089	-2.274E-3	3.391E-2
9.097	-2.232E-3	3.401E-2
9.105	-1.962E-3	3.411E-2
9.114	-1.464E-3	3.421E-2
9.122	-7.925E-4	3.426E-2
9.130	-6.099E-5	3.430E-2
9.139	6.868E-4	3.432E-2
9.147	1.326E-3	3.440E-2
9.156	1.795E-3	3.442E-2
9.164	2.000E-3	3.444E-2
9.172	1.876E-3	3.446E-2
9.181	1.475E-3	3.449E-2
9.189	9.052E-4	3.449E-2
9.197	1.926E-4	3.447E-2
9.206	-5.509E-4	3.443E-2
9.214	-1.212E-3	3.433E-2
9.223	-1.748E-3	3.422E-2
9.231	-2.095E-3	3.405E-2
9.239	-2.204E-3	3.388E-2
9.248	-2.097E-3	3.373E-2
9.256	-1.760E-3	3.358E-2
9.264	-1.255E-3	3.349E-2
9.273	-6.281E-4	3.350E-2
9.281	8.085E-5	3.354E-2
9.290	7.223E-4	3.368E-2
9.298	1.298E-3	3.392E-2
9.306	1.632E-3	3.420E-2
9.315	1.791E-3	3.451E-2
9.323	1.596E-3	3.480E-2
9.331	1.204E-3	3.505E-2
9.340	6.534E-4	3.520E-2
9.348	2.515E-5	3.520E-2
9.357	-6.427E-4	3.510E-2
9.365	-1.187E-3	3.488E-2
9.373	-1.606E-3	3.455E-2
9.382	-1.849E-3	3.417E-2
9.390	-1.890E-3	3.375E-2
9.398	-1.782E-3	3.334E-2
9.407	-1.440E-3	3.304E-2
9.415	-9.992E-4	3.286E-2
9.424	-4.374E-4	3.285E-2
9.432	1.394E-4	3.296E-2
9.440	6.762E-4	3.326E-2
9.449	1.089E-3	3.371E-2
9.457	1.335E-3	3.421E-2
9.465	1.393E-3	3.474E-2
9.474	1.254E-3	3.518E-2
9.482	9.790E-4	3.554E-2
9.491	5.346E-4	3.574E-2
9.499	5.393E-5	3.576E-2
9.507	-4.299E-4	3.555E-2
9.516	-8.583E-4	3.517E-2
9.524	-1.153E-3	3.463E-2
9.532	-1.354E-3	3.402E-2
9.541	-1.357E-3	3.341E-2
9.549	-1.310E-3	3.286E-2
9.558	-1.115E-3	3.247E-2
9.566	-8.165E-4	3.228E-2
9.574	-4.777E-4	3.230E-2
9.583	-9.042E-5	3.260E-2
9.591	2.470E-4	3.308E-2
9.599	5.049E-4	3.370E-2
9.608	6.721E-4	3.437E-2
9.616	7.168E-4	3.502E-2
9.625	6.737E-4	3.559E-2
9.633	5.745E-4	3.598E-2
9.641	3.963E-4	3.614E-2
9.650	1.783E-4	3.606E-2
9.658	-6.391E-5	3.572E-2
9.666	-2.898E-4	3.521E-2
9.675	-4.963E-4	3.453E-2
9.683	-6.295E-4	3.377E-2
9.692	-7.305E-4	3.310E-2
9.700	-7.516E-4	3.252E-2
9.708	-7.197E-4	3.220E-2
9.717	-6.416E-4	3.209E-2
9.725	-5.416E-4	3.227E-2
9.734	-3.855E-4	3.262E-2
9.742	-2.497E-4	3.322E-2
9.750	-9.312E-5	3.395E-2
9.759	9.010E-5	3.467E-2
9.767	2.009E-4	3.532E-2
9.775	3.080E-4	3.584E-2
9.784	3.843E-4	3.615E-2
9.792	4.481E-4	3.623E-2
9.801	4.512E-4	3.604E-2
9.809	4.224E-4	3.561E-2
9.817	3.448E-4	3.499E-2
9.826	2.338E-4	3.428E-2
9.834	5.516E-5	3.356E-2
9.842	-1.843E-4	3.290E-2
9.851	-4.146E-4	3.240E-2
9.859	-6.345E-4	3.217E-2
9.868	-7.970E-4	3.216E-2
9.876	-9.234E-4	3.239E-2
9.884	-9.645E-4	3.284E-2
9.893	-9.492E-4	3.346E-2
9.901	-8.400E-4	3.416E-2
9.909	-6.418E-4	3.483E-2
9.918	-4.035E-4	3.540E-2
9.926	-6.272E-5	3.579E-2
9.935	2.461E-4	3.601E-2
9.943	5.480E-4	3.600E-2
9.951	7.630E-4	3.572E-2
9.960	8.828E-4	3.528E-2
9.968	8.919E-4	3.472E-2
9.976	7.721E-4	3.407E-2
9.985	4.843E-4	3.345E-2
9.993	1.449E-4	3.297E-2
10.002	-2.724E-4	3.263E-2
10.010	-6.987E-4	3.251E-2
10.018	-1.092E-3	3.256E-2
10.027	-1.374E-3	3.284E-2
10.035	-1.557E-3	3.326E-2
10.043	-1.577E-3	3.379E-2
10.052	-1.417E-3	3.433E-2
10.060	-1.139E-3	3.485E-2
10.069	-7.070E-4	3.527E-2
10.077	-2.249E-4	3.555E-2
10.085	2.870E-4	3.563E-2
10.094	7.793E-4	3.553E-2
10.102	1.139E-3	3.530E-2
10.110	1.371E-3	3.491E-2
10.119	1.405E-3	3.446E-2
10.127	1.208E-3	3.401E-2
10.136	8.394E-4	3.361E-2
10.144	3.000E-4	3.328E-2
10.152	-3.068E-4	3.309E-2
10.161	-9.044E-4	3.304E-2
10.169	-1.408E-3	3.313E-2
10.177	-1.800E-3	3.331E-2
10.186	-2.009E-3	3.359E-2
10.194	-2.021E-3	3.392E-2
10.203	-1.815E-3	3.427E-2
10.211	-1.411E-3	3.454E-2
10.219	-8.832E-4	3.479E-2
10.228	-2.497E-4	3.492E-2
10.236	4.246E-4	3.494E-2
10.244	1.038E-3	3.488E-2
10.253	1.521E-3	3.472E-2
10.261	1.795E-3	3.452E-2
10.270	1.796E-3	3.428E-2
10.278	1.503E-3	3.406E-2
10.286	1.036E-3	3.388E-2
10.295	4.133E-4	3.378E-2
10.303	-3.012E-4	3.372E-2
10.311	-9.616E-4	3.372E-2
10.320	-1.521E-3	3.373E-2
10.328	-1.924E-3	3.378E-2
10.337	-2.130E-3	3.382E-2
10.345	-2.081E-3	3.390E-2
10.353	-1.818E-3	3.400E-2
10.362	-1.337E-3	3.405E-2
10.370	-7.469E-4	3.412E-2
10.378	-3.844E-5	3.420E-2
10.387	6.659E-4	3.423E-2
10.395	1.281E-3	3.425E-2
10.404	1.730E-3	3.429E-2
10.412	1.954E-3	3.429E-2
10.420	1.924E-3	3.440E-2
10.429	1.561E-3	3.444E-2
10.437	1.050E-3	3.445E-2
10.446	3.861E-4	3.445E-2
10.454	-3.204E-4	3.443E-2
10.462	-9.572E-4	3.435E-2
10.471	-1.479E-3	3.423E-2
10.479	-1.865E-3	3.405E-2
10.487	-2.007E-3	3.389E-2
10.496	-1.902E-3	3.373E-2
10.504	-1.611E-3	3.358E-2
10.513	-1.127E-3	3.347E-2
10.521	-5.116E-4	3.347E-2
10.529	1.581E-4	3.352E-2
10.538	8.015E-4	3.366E-2
10.546	1.324E-3	3.389E-2
10.554	1.707E-3	3.418E-2
10.563	1.786E-3	3.446E-2
10.571	1.710E-3	3.478E-2
10.580	1.354E-3	3.505E-2
10.588	8.667E-4	3.522E-2
10.596	2.735E-4	3.530E-2
10.605	-3.529E-4	3.519E-2
10.613	-9.177E-4	3.497E-2
10.621	-1.341E-3	3.463E-2
10.630	-1.621E-3	3.423E-2
10.638	-1.675E-3	3.381E-2
10.647	-1.583E-3	3.341E-2
10.655	-1.310E-3	3.310E-2
10.663	-8.894E-4	3.291E-2
10.672	-4.168E-4	3.289E-2
10.680	1.243E-4	3.299E-2
10.688	6.246E-4	3.329E-2
10.697	1.040E-3	3.370E-2
10.705	1.278E-3	3.419E-2
10.714	1.333E-3	3.469E-2
10.722	1.264E-3	3.515E-2
10.730	1.033E-3	3.552E-2
10.739	6.372E-4	3.573E-2
10.747	2.297E-4	3.575E-2
10.755	-2.235E-4	3.558E-2
10.764	-6.071E-4	3.522E-2
10.772	-9.374E-4	3.468E-2
10.781	-1.128E-3	3.409E-2
10.789	-1.185E-3	3.350E-2
10.797	-1.130E-3	3.299E-2
10.806	-9.538E-4	3.262E-2
10.814	-6.849E-4	3.243E-2
10.822	-3.571E-4	3.242E-2
10.831	-5.873E-5	3.268E-2
10.839	2.655E-4	3.311E-2
10.848	4.969E-4	3.367E-2
10.856	6.546E-4	3.430E-2
10.864	7.338E-4	3.492E-2
10.873	6.912E-4	3.549E-2
10.881	5.906E-4	3.588E-2
10.889	4.288E-4	3.601E-2
10.898	2.350E-4	3.597E-2
10.906	1.278E-5	3.567E-2
10.915	-2.192E-4	3.514E-2
10.923	-4.123E-4	3.453E-2
10.931	-5.643E-4	3.380E-2
10.940	-6.388E-4	3.315E-2
10.948	-6.909E-4	3.261E-2
10.956	-6.853E-4	3.230E-2
10.965	-6.498E-4	3.219E-2
10.973	-5.702E-4	3.230E-2
10.982	-4.693E-4	3.267E-2
10.990	-3.284E-4	3.321E-2
10.998	-1.895E-4	3.389E-2
11.007	-1.333E-5	3.458E-2
11.015	1.089E-4	3.521E-2
11.023	2.182E-4	3.571E-2
11.032	3.107E-4	3.605E-2
11.040	3.773E-4	3.610E-2
11.049	4.247E-4	3.593E-2
11.057	4.148E-4	3.556E-2
11.065	3.468E-4	3.503E-2
11.074	2.488E-4	3.437E-2
11.082	6.098E-5	3.370E-2
11.090	-1.579E-4	3.308E-2
11.099	-3.862E-4	3.262E-2
11.107	-6.122E-4	3.238E-2
11.116	-7.725E-4	3.235E-2
11.124	-9.018E-4	3.255E-2
11.132	-9.504E-4	3.297E-2
11.141	-9.414E-4	3.354E-2
11.149	-8.544E-4	3.418E-2
11.158	-6.665E-4	3.481E-2
11.166	-4.366E-4	3.534E-2
11.174	-1.280E-4	3.575E-2
11.183	1.941E-4	3.597E-2
11.191	4.770E-4	3.598E-2
11.199	7.011E-4	3.574E-2
11.208	8.834E-4	3.534E-2
11.216	8.961E-4	3.482E-2
11.225	8.043E-4	3.424E-2
11.233	5.807E-4	3.366E-2
11.241	2.404E-4	3.317E-2
11.250	-1.838E-4	3.283E-2
11.258	-6.120E-4	3.267E-2
11.266	-9.888E-4	3.272E-2
11.275	-1.288E-3	3.291E-2
11.283	-1.479E-3	3.329E-2
11.292	-1.517E-3	3.377E-2
11.300	-1.407E-3	3.427E-2
11.308	-1.145E-3	3.474E-2
11.317	-7.418E-4	3.510E-2
11.325	-2.691E-4	3.535E-2
11.333	2.379E-4	3.547E-2
11.342	7.051E-4	3.543E-2
11.350	1.109E-3	3.516E-2
11.359	1.352E-3	3.482E-2
11.367	1.381E-3	3.444E-2
11.375	1.223E-3	3.402E-2
11.384	8.712E-4	3.363E-2
11.392	3.881E-4	3.333E-2
11.400	-1.964E-4	3.313E-2
11.409	-7.687E-4	3.307E-2
11.417	-1.269E-3	3.313E-2
11.426	-1.652E-3	3.331E-2
11.434	-1.847E-3	3.355E-2
11.442	-1.865E-3	3.384E-2
11.451	-1.705E-3	3.415E-2
11.459	-1.355E-3	3.443E-2
11.467	-8.755E-4	3.464E-2
11.476	-2.852E-4	3.475E-2
11.484	3.691E-4	3.479E-2
11.493	9.562E-4	3.476E-2
11.501	1.392E-3	3.463E-2
11.509	1.633E-3	3.447E-2
11.518	1.637E-3	3.427E-2
11.526	1.387E-3	3.408E-2
11.534	9.350E-4	3.392E-2
11.543	3.516E-4	3.381E-2
11.551	-3.155E-4	3.374E-2
11.560	-9.242E-4	3.373E-2
11.568	-1.468E-3	3.374E-2
11.576	-1.871E-3	3.377E-2
11.585	-2.055E-3	3.380E-2
11.593	-2.045E-3	3.385E-2
11.601	-1.814E-3	3.390E-2
11.610	-1.391E-3	3.399E-2
11.618	-8.365E-4	3.402E-2
11.627	-1.899E-4	3.406E-2
11.635	4.720E-4	3.410E-2
11.643	1.082E-3	3.418E-2
11.652	1.530E-3	3.422E-2
11.660	1.765E-3	3.429E-2
11.668	1.713E-3	3.436E-2
11.677	1.415E-3	3.443E-2
11.685	9.170E-4	3.446E-2
11.694	2.798E-4	3.447E-2
11.702	-4.056E-4	3.446E-2
11.710	-1.014E-3	3.437E-2
11.719	-1.521E-3	3.423E-2
11.727	-1.833E-3	3.406E-2
11.735	-1.999E-3	3.387E-2
11.744	-1.931E-3	3.373E-2
11.752	-1.688E-3	3.356E-2
11.761	-1.223E-3	3.346E-2
11.769	-6.535E-4	3.343E-2
11.777	-3.687E-5	3.350E-2
11.786	5.798E-4	3.361E-2
11.794	1.110E-3	3.381E-2
11.802	1.463E-3	3.407E-2
11.811	1.577E-3	3.436E-2
11.819	1.481E-3	3.466E-2
11.828	1.188E-3	3.492E-2
11.836	7.148E-4	3.508E-2
11.844	1.767E-4	3.513E-2
11.853	-3.949E-4	3.508E-2
11.861	-9.136E-4	3.488E-2
11.870	-1.328E-3	3.459E-2
11.878	-1.578E-3	3.421E-2
11.886	-1.658E-3	3.381E-2
11.895	-1.587E-3	3.342E-2
11.903	-1.337E-3	3.311E-2
11.911	-9.420E-4	3.291E-2
11.920	-5.025E-4	3.285E-2
11.928	5.896E-6	3.295E-2
11.937	4.593E-4	3.320E-2
11.945	8.434E-4	3.361E-2
11.953	1.088E-3	3.406E-2
11.962	1.171E-3	3.454E-2
11.970	1.085E-3	3.503E-2
11.978	8.723E-4	3.540E-2
11.987	5.309E-4	3.561E-2
11.995	1.419E-4	3.561E-2
12.004	-2.480E-4	3.545E-2
12.012	-6.194E-4	3.513E-2
12.020	-8.958E-4	3.466E-2
12.029	-1.092E-3	3.410E-2
12.037	-1.162E-3	3.357E-2
12.045	-1.116E-3	3.305E-2
12.054	-9.585E-4	3.267E-2
12.062	-7.217E-4	3.246E-2
12.071	-4.410E-4	3.244E-2
12.079	-1.638E-4	3.266E-2
12.087	1.336E-4	3.307E-2
12.096	3.844E-4	3.360E-2
12.104	5.657E-4	3.420E-2
12.112	6.494E-4	3.482E-2
12.121	6.496E-4	3.537E-2
12.129	6.045E-4	3.573E-2
12.138	4.359E-4	3.593E-2
12.146	2.658E-4	3.590E-2
12.154	6.591E-5	3.565E-2
12.163	-1.775E-4	3.517E-2
12.171	-3.512E-4	3.458E-2
12.179	-5.020E-4	3.393E-2
12.188	-6.141E-4	3.332E-2
12.196	-6.700E-4	3.280E-2
12.205	-6.733E-4	3.244E-2
12.213	-6.666E-4	3.231E-2
12.221	-6.124E-4	3.242E-2
12.230	-5.035E-4	3.276E-2
12.238	-4.039E-4	3.327E-2
12.246	-2.585E-4	3.385E-2
12.255	-1.098E-4	3.451E-2
12.263	3.219E-5	3.510E-2
12.272	1.830E-4	3.560E-2
12.280	2.793E-4	3.592E-2
12.288	3.640E-4	3.602E-2
12.297	4.290E-4	3.586E-2
12.305	4.304E-4	3.552E-2
12.313	3.767E-4	3.502E-2
12.322	2.773E-4	3.440E-2
12.330	1.146E-4	3.376E-2
12.339	-5.094E-5	3.316E-2
12.347	-2.634E-4	3.269E-2
12.355	-4.732E-4	3.241E-2
12.364	-6.531E-4	3.238E-2
12.372	-8.151E-4	3.256E-2
12.380	-9.064E-4	3.297E-2
12.389	-9.084E-4	3.350E-2
12.397	-8.412E-4	3.409E-2
12.406	-6.718E-4	3.467E-2
12.414	-4.459E-4	3.518E-2
12.422	-1.753E-4	3.556E-2
12.431	1.693E-4	3.577E-2
12.439	4.612E-4	3.578E-2
12.447	6.897E-4	3.558E-2
12.456	8.770E-4	3.520E-2
12.464	8.971E-4	3.469E-2
12.473	8.243E-4	3.415E-2
12.481	6.151E-4	3.362E-2
12.489	2.770E-4	3.315E-2
12.498	-1.237E-4	3.283E-2
12.506	-5.444E-4	3.267E-2
12.515	-9.063E-4	3.270E-2
12.523	-1.201E-3	3.289E-2
12.531	-1.397E-3	3.324E-2
12.540	-1.395E-3	3.370E-2
12.548	-1.309E-3	3.417E-2
12.556	-1.095E-3	3.462E-2
12.565	-7.225E-4	3.498E-2
12.573	-2.716E-4	3.522E-2
12.582	2.252E-4	3.532E-2
12.590	6.895E-4	3.529E-2
12.598	1.081E-3	3.508E-2
12.607	1.324E-3	3.480E-2
12.615	1.392E-3	3.445E-2
12.623	1.251E-3	3.406E-2
12.632	9.573E-4	3.371E-2
12.640	4.686E-4	3.344E-2
12.649	-7.175E-5	3.328E-2
12.657	-6.331E-4	3.324E-2
12.665	-1.134E-3	3.330E-2
12.674	-1.525E-3	3.346E-2
12.682	-1.770E-3	3.370E-2
12.690	-1.791E-3	3.398E-2
12.699	-1.632E-3	3.423E-2
12.707	-1.319E-3	3.447E-2
12.716	-8.827E-4	3.465E-2
12.724	-3.238E-4	3.476E-2
12.732	3.066E-4	3.479E-2
12.741	8.637E-4	3.481E-2
12.749	1.320E-3	3.469E-2
12.757	1.586E-3	3.452E-2
12.766	1.601E-3	3.436E-2
12.774	1.379E-3	3.420E-2
12.783	9.571E-4	3.406E-2
12.791	4.075E-4	3.395E-2
12.799	-2.248E-4	3.389E-2
12.808	-8.562E-4	3.388E-2
12.816	-1.383E-3	3.391E-2
12.824	-1.784E-3	3.394E-2
12.833	-1.988E-3	3.399E-2
12.841	-2.001E-3	3.399E-2
12.850	-1.804E-3	3.401E-2
12.858	-1.395E-3	3.407E-2
12.866	-8.723E-4	3.410E-2
12.875	-2.486E-4	3.416E-2
12.883	3.982E-4	3.421E-2
12.891	9.542E-4	3.424E-2
12.900	1.361E-3	3.428E-2
12.908	1.584E-3	3.436E-2
12.917	1.570E-3	3.444E-2
12.925	1.322E-3	3.449E-2
12.933	8.712E-4	3.452E-2
12.942	2.796E-4	3.451E-2
12.950	-3.554E-4	3.449E-2
12.958	-9.467E-4	3.442E-2
12.967	-1.416E-3	3.428E-2
12.975	-1.759E-3	3.411E-2
12.984	-1.878E-3	3.395E-2
12.992	-1.829E-3	3.377E-2
13.000	-1.590E-3	3.358E-2
13.009	-1.197E-3	3.348E-2
13.017	-6.736E-4	3.343E-2
13.025	-1.012E-4	3.349E-2
13.034	4.787E-4	3.360E-2
13.042	9.719E-4	3.379E-2
13.051	1.310E-3	3.404E-2
13.059	1.460E-3	3.433E-2
13.067	1.360E-3	3.465E-2
13.076	1.105E-3	3.489E-2
13.084	6.892E-4	3.507E-2
13.092	1.845E-4	3.513E-2
13.101	-3.578E-4	3.510E-2
13.109	-8.652E-4	3.490E-2
13.118	-1.239E-3	3.462E-2
13.126	-1.466E-3	3.425E-2
13.134	-1.542E-3	3.384E-2
13.143	-1.494E-3	3.346E-2
13.151	-1.306E-3	3.315E-2
13.159	-9.673E-4	3.292E-2
13.168	-5.400E-4	3.286E-2
13.176	-5.929E-5	3.293E-2
13.185	3.969E-4	3.316E-2
13.193	7.460E-4	3.352E-2
13.201	9.621E-4	3.398E-2
13.210	1.050E-3	3.448E-2
13.218	1.002E-3	3.492E-2
13.227	7.968E-4	3.528E-2
13.235	5.035E-4	3.551E-2
13.243	1.497E-4	3.556E-2
13.252	-2.140E-4	3.540E-2
13.260	-5.503E-4	3.509E-2
13.268	-8.031E-4	3.465E-2
13.277	-9.982E-4	3.412E-2
13.285	-1.065E-3	3.359E-2
13.294	-1.065E-3	3.310E-2
13.302	-9.170E-4	3.271E-2
13.310	-7.029E-4	3.249E-2
13.319	-4.662E-4	3.246E-2
13.327	-2.060E-4	3.265E-2
13.335	5.418E-5	3.303E-2
13.344	2.583E-4	3.354E-2
13.352	4.289E-4	3.412E-2
13.361	4.967E-4	3.472E-2
13.369	4.861E-4	3.522E-2
13.377	4.414E-4	3.562E-2
13.386	3.392E-4	3.579E-2
13.394	2.087E-4	3.577E-2
13.402	1.924E-5	3.553E-2
13.411	-1.818E-4	3.511E-2
13.419	-3.319E-4	3.455E-2
13.428	-4.476E-4	3.396E-2
13.436	-5.517E-4	3.336E-2
13.444	-6.011E-4	3.285E-2
13.453	-6.468E-4	3.249E-2
13.461	-6.485E-4	3.235E-2
13.469	-6.170E-4	3.243E-2
13.478	-5.103E-4	3.272E-2
13.486	-4.305E-4	3.316E-2
13.495	-2.866E-4	3.373E-2
13.503	-1.850E-4	3.436E-2
13.511	-8.066E-6	3.495E-2
13.520	1.059E-4	3.543E-2
13.528	2.110E-4	3.573E-2
13.536	3.224E-4	3.584E-2
13.545	3.573E-4	3.572E-2
13.553	3.959E-4	3.541E-2
13.562	3.634E-4	3.491E-2
13.570	2.761E-4	3.434E-2
13.578	1.389E-4	3.374E-2
13.587	-2.640E-5	3.317E-2
13.595	-2.409E-4	3.273E-2
13.603	-4.548E-4	3.245E-2
13.612	-6.581E-4	3.240E-2
13.620	-8.290E-4	3.257E-2
13.629	-9.112E-4	3.291E-2
13.637	-9.140E-4	3.337E-2
13.645	-8.705E-4	3.393E-2
13.654	-6.938E-4	3.450E-2
13.662	-4.723E-4	3.498E-2
13.670	-2.138E-4	3.535E-2
13.679	1.218E-4	3.557E-2
13.687	4.415E-4	3.558E-2
13.696	6.804E-4	3.539E-2
13.704	8.600E-4	3.507E-2
13.712	9.086E-4	3.463E-2
13.721	8.306E-4	3.413E-2
13.729	6.400E-4	3.362E-2
13.737	3.419E-4	3.316E-2
13.746	-2.947E-5	3.287E-2
13.754	-4.288E-4	3.272E-2
13.763	-8.134E-4	3.271E-2
13.771	-1.142E-3	3.288E-2
13.779	-1.319E-3	3.321E-2
13.788	-1.361E-3	3.362E-2
13.796	-1.317E-3	3.403E-2
13.804	-1.111E-3	3.445E-2
13.813	-7.525E-4	3.482E-2
13.821	-3.246E-4	3.507E-2
13.830	1.795E-4	3.518E-2
13.838	6.468E-4	3.514E-2
13.846	1.027E-3	3.496E-2
13.855	1.283E-3	3.468E-2
13.863	1.371E-3	3.436E-2
13.871	1.256E-3	3.402E-2
13.880	1.004E-3	3.370E-2
13.888	5.186E-4	3.345E-2
13.897	-1.624E-5	3.330E-2
13.905	-5.547E-4	3.325E-2
13.913	-1.014E-3	3.330E-2
13.922	-1.380E-3	3.341E-2
13.930	-1.626E-3	3.366E-2
13.939	-1.650E-3	3.392E-2
13.947	-1.516E-3	3.418E-2
13.955	-1.231E-3	3.442E-2
13.964	-7.694E-4	3.460E-2
13.972	-2.381E-4	3.470E-2
13.980	3.536E-4	3.472E-2
13.989	8.964E-4	3.470E-2
13.997	1.319E-3	3.462E-2
14.006	1.584E-3	3.448E-2
14.014	1.638E-3	3.435E-2
14.022	1.439E-3	3.421E-2
14.031	1.051E-3	3.409E-2
14.039	5.420E-4	3.400E-2
14.047	-8.782E-5	3.395E-2
14.056	-6.644E-4	3.393E-2
14.064	-1.174E-3	3.394E-2
14.073	-1.564E-3	3.395E-2
14.081	-1.779E-3	3.396E-2
14.089	-1.796E-3	3.397E-2
14.098	-1.641E-3	3.401E-2
14.106	-1.250E-3	3.404E-2
14.114	-7.999E-4	3.404E-2
14.123	-2.425E-4	3.407E-2
14.131	3.755E-4	3.411E-2
14.140	9.332E-4	3.417E-2
14.148	1.341E-3	3.424E-2
14.156	1.570E-3	3.433E-2
14.165	1.567E-3	3.443E-2
14.173	1.326E-3	3.449E-2
14.181	9.142E-4	3.453E-2
14.190	3.763E-4	3.451E-2
14.198	-2.137E-4	3.449E-2
14.207	-7.772E-4	3.443E-2
14.215	-1.219E-3	3.431E-2
14.223	-1.535E-3	3.413E-2
14.232	-1.713E-3	3.397E-2
14.240	-1.725E-3	3.378E-2
14.248	-1.529E-3	3.358E-2
14.257	-1.158E-3	3.348E-2
14.265	-6.772E-4	3.342E-2
14.274	-1.522E-4	3.348E-2
14.282	3.867E-4	3.358E-2
14.290	8.779E-4	3.377E-2
14.299	1.188E-3	3.402E-2
14.307	1.345E-3	3.430E-2
14.315	1.305E-3	3.458E-2
14.324	1.084E-3	3.485E-2
14.332	7.040E-4	3.504E-2
14.341	2.292E-4	3.511E-2
14.349	-2.711E-4	3.509E-2
14.357	-7.153E-4	3.490E-2
14.366	-1.106E-3	3.463E-2
14.374	-1.348E-3	3.427E-2
14.382	-1.459E-3	3.388E-2
14.391	-1.397E-3	3.354E-2
14.399	-1.198E-3	3.323E-2
14.408	-8.757E-4	3.303E-2
14.416	-4.966E-4	3.297E-2
14.424	-6.750E-5	3.307E-2
14.433	3.618E-4	3.330E-2
14.441	7.158E-4	3.364E-2
14.449	9.361E-4	3.411E-2
14.458	1.021E-3	3.459E-2
14.466	1.023E-3	3.504E-2
14.475	8.379E-4	3.538E-2
14.483	5.942E-4	3.558E-2
14.491	2.694E-4	3.561E-2
14.500	-8.532E-5	3.550E-2
14.508	-3.932E-4	3.519E-2
14.516	-6.767E-4	3.475E-2
14.525	-8.435E-4	3.424E-2
14.533	-9.543E-4	3.372E-2
14.542	-9.343E-4	3.326E-2
14.550	-8.075E-4	3.287E-2
14.558	-6.609E-4	3.265E-2
14.567	-4.422E-4	3.263E-2
14.575	-1.974E-4	3.281E-2
14.583	3.867E-5	3.315E-2
14.592	2.410E-4	3.361E-2
14.600	3.870E-4	3.417E-2
14.609	4.817E-4	3.474E-2
14.617	4.725E-4	3.521E-2
14.625	4.506E-4	3.555E-2
14.634	3.557E-4	3.574E-2
14.642	2.425E-4	3.575E-2
14.651	6.288E-5	3.553E-2
14.659	-1.044E-4	3.514E-2
14.667	-2.371E-4	3.462E-2
14.676	-3.951E-4	3.403E-2
14.684	-4.835E-4	3.345E-2
14.692	-5.338E-4	3.299E-2
14.701	-5.640E-4	3.264E-2
14.709	-5.434E-4	3.248E-2
14.718	-5.266E-4	3.251E-2
14.726	-4.395E-4	3.282E-2
14.734	-3.497E-4	3.326E-2
14.743	-2.659E-4	3.379E-2
14.751	-1.509E-4	3.437E-2
14.759	-1.138E-5	3.495E-2
14.768	1.189E-4	3.540E-2
14.776	2.591E-4	3.568E-2
14.785	3.501E-4	3.582E-2
14.793	4.211E-4	3.572E-2
14.801	4.452E-4	3.544E-2
14.810	4.190E-4	3.503E-2
14.818	3.624E-4	3.447E-2
14.826	2.248E-4	3.390E-2
14.835	5.731E-5	3.338E-2
14.843	-1.816E-4	3.294E-2
14.852	-4.111E-4	3.265E-2
14.860	-6.338E-4	3.259E-2
14.868	-7.831E-4	3.272E-2
14.877	-8.592E-4	3.304E-2
14.885	-8.898E-4	3.348E-2
14.893	-8.510E-4	3.399E-2
14.902	-6.942E-4	3.451E-2
14.910	-4.765E-4	3.497E-2
14.919	-2.144E-4	3.532E-2
14.927	8.198E-5	3.554E-2
14.935	3.710E-4	3.556E-2
14.944	6.391E-4	3.543E-2
14.952	8.147E-4	3.509E-2
14.960	8.932E-4	3.468E-2
14.969	8.275E-4	3.421E-2
14.977	6.490E-4	3.372E-2
14.986	3.688E-4	3.332E-2
14.994	2.231E-5	3.304E-2
15.002	-3.862E-4	3.289E-2
15.011	-7.664E-4	3.288E-2
15.019	-1.065E-3	3.305E-2
15.027	-1.286E-3	3.333E-2
15.036	-1.344E-3	3.370E-2
15.044	-1.303E-3	3.411E-2
15.053	-1.108E-3	3.451E-2
15.061	-7.842E-4	3.484E-2
15.069	-3.695E-4	3.508E-2
15.078	7.510E-5	3.518E-2
15.086	5.023E-4	3.513E-2
15.094	8.878E-4	3.499E-2
15.103	1.122E-3	3.472E-2
15.111	1.230E-3	3.443E-2
15.120	1.111E-3	3.409E-2
15.128	8.688E-4	3.381E-2
15.136	4.410E-4	3.355E-2
15.145	-3.670E-5	3.338E-2
15.153	-5.569E-4	3.331E-2
15.161	-1.004E-3	3.333E-2
15.170	-1.361E-3	3.345E-2
15.178	-1.582E-3	3.364E-2
15.187	-1.623E-3	3.389E-2
15.195	-1.545E-3	3.415E-2
15.203	-1.295E-3	3.437E-2
15.212	-8.853E-4	3.452E-2
15.220	-3.962E-4	3.463E-2
15.228	1.688E-4	3.465E-2
15.237	6.871E-4	3.466E-2
15.245	1.125E-3	3.461E-2
15.254	1.372E-3	3.448E-2
15.262	1.451E-3	3.437E-2
15.270	1.282E-3	3.424E-2
15.279	9.281E-4	3.414E-2
15.287	4.410E-4	3.405E-2
15.296	-1.327E-4	3.398E-2
15.304	-7.003E-4	3.395E-2
15.312	-1.182E-3	3.395E-2
15.321	-1.563E-3	3.396E-2
15.329	-1.790E-3	3.396E-2
15.337	-1.798E-3	3.397E-2
15.346	-1.633E-3	3.400E-2
15.354	-1.324E-3	3.400E-2
15.363	-8.729E-4	3.402E-2
15.371	-3.231E-4	3.404E-2
15.379	2.625E-4	3.406E-2
15.388	7.982E-4	3.410E-2
15.396	1.201E-3	3.421E-2
15.404	1.407E-3	3.429E-2
15.413	1.404E-3	3.439E-2
15.421	1.180E-3	3.446E-2
15.430	8.360E-4	3.450E-2
15.438	3.296E-4	3.449E-2
15.446	-2.517E-4	3.448E-2
15.455	-7.662E-4	3.444E-2
15.463	-1.193E-3	3.432E-2
15.471	-1.526E-3	3.418E-2
15.480	-1.683E-3	3.400E-2
15.488	-1.657E-3	3.379E-2
15.497	-1.452E-3	3.360E-2
15.505	-1.108E-3	3.350E-2
15.513	-6.638E-4	3.344E-2
15.522	-1.734E-4	3.347E-2
15.530	3.448E-4	3.357E-2
15.538	8.156E-4	3.375E-2
15.547	1.156E-3	3.400E-2
15.555	1.294E-3	3.428E-2
15.564	1.273E-3	3.455E-2
15.572	1.081E-3	3.482E-2
15.580	7.385E-4	3.502E-2
15.589	2.800E-4	3.510E-2
15.597	-1.934E-4	3.510E-2
15.605	-6.440E-4	3.491E-2
15.614	-1.005E-3	3.465E-2
15.622	-1.226E-3	3.432E-2
15.631	-1.334E-3	3.397E-2
15.639	-1.297E-3	3.359E-2
15.647	-1.142E-3	3.327E-2
15.656	-8.751E-4	3.307E-2
15.664	-5.250E-4	3.301E-2
15.672	-1.183E-4	3.308E-2
15.681	2.450E-4	3.329E-2
15.689	5.757E-4	3.362E-2
15.698	8.158E-4	3.402E-2
15.706	9.363E-4	3.446E-2
15.714	8.994E-4	3.487E-2
15.723	7.231E-4	3.522E-2
15.731	4.758E-4	3.546E-2
15.739	1.893E-4	3.555E-2
15.748	-1.504E-4	3.543E-2
15.756	-4.485E-4	3.514E-2
15.765	-6.818E-4	3.473E-2
15.773	-8.724E-4	3.425E-2
15.781	-9.423E-4	3.375E-2
15.790	-9.291E-4	3.329E-2
15.798	-8.633E-4	3.291E-2
15.806	-6.928E-4	3.268E-2
15.815	-4.809E-4	3.264E-2
15.823	-2.496E-4	3.281E-2
15.832	-1.155E-5	3.312E-2
15.840	1.783E-4	3.356E-2
15.848	3.266E-4	3.408E-2
15.857	4.072E-4	3.462E-2
15.865	4.479E-4	3.510E-2
15.873	4.145E-4	3.547E-2
15.882	3.413E-4	3.566E-2
15.890	2.456E-4	3.563E-2
15.899	1.229E-4	3.543E-2
15.907	-2.541E-5	3.505E-2
15.915	-1.820E-4	3.456E-2
15.924	-3.060E-4	3.403E-2
15.932	-4.062E-4	3.349E-2
15.940	-4.919E-4	3.302E-2
15.949	-5.297E-4	3.269E-2
15.957	-5.209E-4	3.251E-2
15.966	-5.105E-4	3.260E-2
15.974	-4.528E-4	3.284E-2
15.982	-3.791E-4	3.324E-2
15.991	-2.929E-4	3.376E-2
15.999	-1.767E-4	3.431E-2
16.008	-4.741E-5	3.483E-2
16.016	9.460E-5	3.530E-2
16.024	2.061E-4	3.560E-2
16.033	3.038E-4	3.572E-2
16.041	3.634E-4	3.563E-2
16.049	4.184E-4	3.537E-2
16.058	4.187E-4	3.494E-2
16.066	3.503E-4	3.441E-2
16.075	2.415E-4	3.388E-2
16.083	6.661E-5	3.339E-2
16.091	-1.766E-4	3.296E-2
16.100	-4.072E-4	3.272E-2
16.108	-6.057E-4	3.264E-2
16.116	-7.653E-4	3.275E-2
16.125	-8.721E-4	3.306E-2
16.133	-8.999E-4	3.347E-2
16.142	-8.747E-4	3.396E-2
16.150	-7.124E-4	3.447E-2
16.158	-5.107E-4	3.491E-2
16.167	-2.389E-4	3.526E-2
16.175	4.561E-5	3.549E-2
16.183	3.349E-4	3.555E-2
16.192	5.757E-4	3.541E-2
16.200	7.370E-4	3.511E-2
16.209	8.308E-4	3.471E-2
16.217	8.274E-4	3.425E-2
16.225	6.357E-4	3.380E-2
16.234	3.651E-4	3.338E-2
16.242	3.619E-5	3.310E-2
16.250	-3.694E-4	3.292E-2
16.259	-7.302E-4	3.291E-2
16.267	-1.026E-3	3.307E-2
16.276	-1.248E-3	3.333E-2
16.284	-1.350E-3	3.367E-2
16.292	-1.296E-3	3.406E-2
16.301	-1.124E-3	3.441E-2
16.309	-8.247E-4	3.472E-2
16.317	-4.492E-4	3.493E-2
16.326	1.717E-6	3.505E-2
16.334	4.303E-4	3.504E-2
16.343	8.285E-4	3.493E-2
16.351	1.088E-3	3.470E-2
16.359	1.169E-3	3.442E-2
16.368	1.113E-3	3.413E-2
16.376	8.736E-4	3.385E-2
16.384	4.716E-4	3.359E-2
16.393	2.853E-6	3.345E-2
16.401	-4.882E-4	3.339E-2
16.410	-9.318E-4	3.338E-2
16.418	-1.320E-3	3.349E-2
16.426	-1.559E-3	3.365E-2
16.435	-1.609E-3	3.386E-2
16.443	-1.551E-3	3.406E-2
16.451		3.423E-2
16.460		3.439E-2
16.468		3.449E-2
16.477		3.453E-2
16.485		3.450E-2
16.493		3.444E-2
16.502		3.437E-2
16.510		3.426E-2
16.518		3.416E-2
16.527		3.406E-2
16.535		3.399E-2
16.544		3.395E-2
16.552		3.394E-2
16.560		3.392E-2
16.569		3.393E-2
16.577		3.394E-2
16.585		3.395E-2
16.594		3.397E-2
16.602		3.397E-2
16.611		3.399E-2
16.619		3.401E-2
16.627		3.401E-2
16.636		3.412E-2
16.644		3.420E-2
16.652		3.426E-2
16.661		3.439E-2
16.669		3.446E-2
16.678		3.451E-2
16.686		3.453E-2
16.694		3.450E-2
16.703		3.444E-2
16.711		3.434E-2
16.720		3.419E-2
16.728		3.401E-2
16.736		3.380E-2
16.745		3.361E-2
16.753		3.350E-2
16.761		3.344E-2
16.770		3.347E-2
16.778		3.357E-2
16.787		3.374E-2
16.795		3.398E-2
16.803		3.425E-2
16.812		3.452E-2
16.820		3.474E-2
16.828		3.492E-2
16.837		3.499E-2
16.845		3.494E-2
16.854		3.480E-2
16.862		3.458E-2
16.870		3.426E-2
16.879		3.391E-2
16.887		3.356E-2
16.895		3.326E-2
16.904		3.307E-2
16.912		3.300E-2
16.921		3.306E-2
16.929		3.325E-2
16.937		3.358E-2
16.946		3.397E-2
16.954		3.440E-2
16.962		3.482E-2
16.971		3.516E-2
16.979		3.536E-2
16.988		3.541E-2
16.996		3.532E-2
17.004		3.508E-2
17.013		3.470E-2
17.021		3.424E-2
17.029		3.376E-2
17.038		3.331E-2
17.046		3.293E-2
17.055		3.272E-2
17.063		3.266E-2
17.071		3.278E-2
17.080		3.311E-2
17.088		3.355E-2
17.096		3.403E-2
17.105		3.454E-2
17.113		3.497E-2
17.122		3.533E-2
17.130		3.554E-2
17.138		3.555E-2
17.147		3.537E-2
17.155		3.503E-2
17.163		3.458E-2
17.172		3.408E-2
17.180		3.354E-2
17.189		3.308E-2
17.197		3.274E-2
17.205		3.261E-2
17.214		3.265E-2
17.222		3.286E-2
17.230		3.321E-2
17.239		3.373E-2
17.247		3.426E-2
17.256		3.476E-2
17.264		3.516E-2
17.272		3.547E-2
17.281		3.560E-2
17.289		3.554E-2
17.297		3.531E-2
17.306		3.491E-2
17.314		3.444E-2
17.323		3.392E-2
17.331		3.346E-2
17.339		3.307E-2
17.348		3.283E-2
17.356		3.273E-2
17.364		3.283E-2
17.373		3.308E-2
17.381		3.347E-2
17.390		3.394E-2
17.398		3.442E-2
17.406		3.486E-2
17.415		3.519E-2
17.423		3.537E-2
17.432		3.537E-2
17.440		3.531E-2
17.448		3.506E-2
17.457		3.469E-2
17.465		3.426E-2
17.473		3.383E-2
17.482		3.344E-2
17.490		3.319E-2
17.499		3.306E-2
17.507		3.307E-2
17.515		3.317E-2
17.524		3.340E-2
17.532		3.370E-2
17.540		3.406E-2
17.549		3.439E-2
17.557		3.469E-2
17.566		3.491E-2
17.574		3.501E-2
17.582		3.504E-2
17.591		3.492E-2
17.599		3.471E-2
17.607		3.444E-2
17.616		3.417E-2
17.624		3.392E-2
17.633		3.372E-2
17.641		3.356E-2
17.649		3.351E-2
17.658		3.351E-2
17.666		3.359E-2
17.674		3.374E-2
17.683		3.392E-2
17.691		3.412E-2
17.700		3.428E-2
17.708		3.444E-2
17.716		3.450E-2
17.725		3.454E-2
17.733		3.451E-2
17.741		3.446E-2
17.750		3.440E-2
17.758		3.429E-2
17.767		3.419E-2
17.775		3.413E-2
17.783		3.406E-2
17.792		3.400E-2
17.800		3.397E-2
17.808		3.396E-2
17.817		3.396E-2
17.825		3.396E-2
17.834		3.395E-2
17.842		3.396E-2
17.850		3.396E-2
17.859		3.397E-2
17.867		3.398E-2
17.875		3.401E-2
17.884		3.409E-2
17.892		3.419E-2
17.901		3.426E-2
17.909		3.438E-2
17.917		3.446E-2
17.926		3.452E-2
17.934		3.455E-2
17.942		3.458E-2
17.951		3.451E-2
17.959		3.441E-2
17.968		3.423E-2
17.976		3.404E-2
17.984		3.383E-2
17.993		3.365E-2
18.001		3.355E-2
18.009		3.349E-2
18.018		3.350E-2
18.026		3.357E-2
18.035		3.375E-2
18.043		3.397E-2
18.051		3.424E-2
18.060		3.449E-2
18.068		3.473E-2
18.077		3.491E-2
18.085		3.499E-2
18.093		3.494E-2
18.102		3.482E-2
18.110		3.461E-2
18.118		3.429E-2
18.127		3.393E-2
18.135		3.359E-2
18.144		3.329E-2
18.152		3.310E-2
18.160		3.302E-2
18.169		3.307E-2
18.177		3.325E-2
18.185		3.356E-2
18.194		3.394E-2
18.202		3.436E-2
18.211		3.475E-2
18.219		3.507E-2
18.227		3.531E-2
18.236		3.537E-2
18.244		3.531E-2
18.252		3.508E-2
18.261		3.472E-2
18.269		3.428E-2
18.278		3.381E-2
18.286		3.334E-2
18.294		3.300E-2
18.303		3.282E-2
18.311		3.278E-2
18.319		3.289E-2
18.328		3.318E-2
18.336		3.356E-2
18.345		3.404E-2
18.353		3.453E-2
18.361		3.494E-2
18.370		3.528E-2
18.378		3.550E-2
18.386		3.552E-2
18.395		3.536E-2
18.403		3.504E-2
18.412		3.463E-2
18.420		3.414E-2
18.428		3.365E-2
18.437		3.323E-2
18.445		3.290E-2
18.453		3.275E-2
18.462		3.280E-2
18.470		3.299E-2
18.479		3.334E-2
18.487		3.378E-2
18.495		3.429E-2
18.504		3.476E-2
18.512		3.514E-2
18.520		3.543E-2
18.529		3.553E-2
18.537		3.552E-2
18.546		3.529E-2
18.554		3.492E-2
18.562		3.446E-2
18.571		3.398E-2
18.579		3.353E-2
18.587		3.313E-2
18.596		3.289E-2
18.604		3.282E-2
18.613		3.288E-2
18.621		3.310E-2
18.629		3.346E-2
18.638		3.392E-2
18.646		3.438E-2
18.654		3.480E-2
18.663		3.512E-2
18.671		3.532E-2
18.680		3.537E-2
18.688		3.527E-2
18.696		3.506E-2
18.705		3.471E-2
18.713		3.430E-2
18.721		3.391E-2
18.730		3.356E-2
18.738		3.329E-2
18.747		3.313E-2
18.755		3.312E-2
18.763		3.321E-2
18.772		3.346E-2
18.780		3.375E-2
18.789		3.407E-2
18.797		3.439E-2
18.805		3.468E-2
18.814		3.488E-2
18.822		3.498E-2
18.830		3.495E-2
18.839		3.485E-2
