#multi:
	mass A	mass B	
t	x	x	
0.000	-4.482E-3	2.983E-2
0.008	-4.477E-3	2.985E-2
0.017	-4.476E-3	2.986E-2
0.025	-4.476E-3	2.986E-2
0.034	-4.474E-3	2.986E-2
0.042	-4.474E-3	2.986E-2
0.050	-4.474E-3	2.985E-2
0.059	-4.474E-3	2.985E-2
0.067	-4.474E-3	2.984E-2
0.075	-4.474E-3	2.983E-2
0.084	-4.474E-3	2.983E-2
0.092	-4.475E-3	2.982E-2
0.101	-4.476E-3	2.983E-2
0.109	-4.477E-3	2.983E-2
0.117	-4.477E-3	2.983E-2
0.126	-4.477E-3	2.984E-2
0.134	-4.475E-3	2.985E-2
0.142	-4.469E-3	2.985E-2
0.151	-4.435E-3	2.986E-2
0.159	-4.359E-3	2.986E-2
0.168	-4.248E-3	2.987E-2
0.176	-4.113E-3	2.987E-2
0.184	-3.968E-3	2.987E-2
0.193	-3.779E-3	2.987E-2
0.201	-3.521E-3	2.986E-2
0.209	-3.168E-3	2.987E-2
0.218	-2.687E-3	2.988E-2
0.226	-2.040E-3	2.993E-2
0.235	-1.145E-3	2.999E-2
0.243	-1.054E-4	3.013E-2
0.251	9.780E-4	3.028E-2
0.260	1.891E-3	3.050E-2
0.268	2.530E-3	3.077E-2
0.276	2.933E-3	3.106E-2
0.285	2.894E-3	3.136E-2
0.293	2.453E-3	3.164E-2
0.302	1.791E-3	3.182E-2
0.310	8.713E-4	3.186E-2
0.318	-8.795E-5	3.176E-2
0.327	-9.881E-4	3.148E-2
0.335	-1.747E-3	3.103E-2
0.343	-2.192E-3	3.050E-2
0.352	-2.375E-3	2.991E-2
0.360	-2.267E-3	2.935E-2
0.369	-1.817E-3	2.890E-2
0.377	-1.175E-3	2.864E-2
0.385	-4.321E-4	2.865E-2
0.394	3.828E-4	2.892E-2
0.402	1.055E-3	2.943E-2
0.410	1.550E-3	3.013E-2
0.419	1.875E-3	3.096E-2
0.427	1.912E-3	3.176E-2
0.436	1.800E-3	3.243E-2
0.444	1.472E-3	3.288E-2
0.452	9.904E-4	3.307E-2
0.461	4.993E-4	3.293E-2
0.469	-1.090E-5	3.258E-2
0.477	-4.992E-4	3.190E-2
0.486	-8.126E-4	3.101E-2
0.494	-1.041E-3	3.005E-2
0.503	-1.120E-3	2.911E-2
0.511	-1.024E-3	2.833E-2
0.519	-9.163E-4	2.786E-2
0.528	-6.919E-4	2.778E-2
0.536	-4.559E-4	2.810E-2
0.544	-2.130E-4	2.883E-2
0.553	5.573E-5	2.978E-2
0.561	3.129E-4	3.083E-2
0.570	5.170E-4	3.178E-2
0.578	7.401E-4	3.260E-2
0.586	9.167E-4	3.314E-2
0.595	1.008E-3	3.336E-2
0.603	1.112E-3	3.326E-2
0.611	1.092E-3	3.284E-2
0.620	1.071E-3	3.214E-2
0.628	8.991E-4	3.122E-2
0.637	6.267E-4	3.021E-2
0.645	2.957E-4	2.928E-2
0.653	-7.799E-5	2.852E-2
0.662	-5.453E-4	2.806E-2
0.670	-9.613E-4	2.798E-2
0.678	-1.313E-3	2.827E-2
0.687	-1.534E-3	2.886E-2
0.695	-1.528E-3	2.966E-2
0.704	-1.414E-3	3.053E-2
0.712	-1.083E-3	3.133E-2
0.720	-5.254E-4	3.205E-2
0.729	1.088E-4	3.255E-2
0.737	7.766E-4	3.278E-2
0.746	1.459E-3	3.274E-2
0.754	1.967E-3	3.245E-2
0.762	2.253E-3	3.194E-2
0.771	2.270E-3	3.129E-2
0.779	1.999E-3	3.060E-2
0.787	1.483E-3	2.997E-2
0.796	7.616E-4	2.952E-2
0.804	-1.482E-4	2.923E-2
0.813	-1.005E-3	2.914E-2
0.821	-1.793E-3	2.922E-2
0.829	-2.358E-3	2.944E-2
0.838	-2.602E-3	2.979E-2
0.846	-2.585E-3	3.018E-2
0.854	-2.146E-3	3.058E-2
0.863	-1.406E-3	3.092E-2
0.871	-5.166E-4	3.119E-2
0.880	4.804E-4	3.132E-2
0.888	1.484E-3	3.143E-2
0.896	2.234E-3	3.144E-2
0.905	2.739E-3	3.140E-2
0.913	2.898E-3	3.131E-2
0.921	2.631E-3	3.122E-2
0.930	2.078E-3	3.111E-2
0.938	1.262E-3	3.105E-2
0.947	2.396E-4	3.093E-2
0.955	-7.493E-4	3.079E-2
0.963	-1.683E-3	3.060E-2
0.972	-2.361E-3	3.036E-2
0.980	-2.686E-3	3.013E-2
0.988	-2.675E-3	2.990E-2
0.997	-2.329E-3	2.969E-2
1.005	-1.676E-3	2.957E-2
1.014	-8.279E-4	2.958E-2
1.022	1.486E-4	2.966E-2
1.030	1.089E-3	2.989E-2
1.039	1.821E-3	3.027E-2
1.047	2.325E-3	3.076E-2
1.055	2.517E-3	3.127E-2
1.064	2.375E-3	3.174E-2
1.072	1.972E-3	3.212E-2
1.081	1.346E-3	3.236E-2
1.089	5.467E-4	3.237E-2
1.097	-2.175E-4	3.217E-2
1.106	-9.315E-4	3.174E-2
1.114	-1.499E-3	3.114E-2
1.122	-1.801E-3	3.044E-2
1.131	-1.868E-3	2.970E-2
1.139	-1.735E-3	2.900E-2
1.148	-1.384E-3	2.849E-2
1.156	-9.273E-4	2.826E-2
1.164	-3.488E-4	2.832E-2
1.173	2.269E-4	2.874E-2
1.181	6.605E-4	2.944E-2
1.189	1.043E-3	3.029E-2
1.198	1.244E-3	3.123E-2
1.206	1.262E-3	3.206E-2
1.215	1.270E-3	3.274E-2
1.223	1.051E-3	3.313E-2
1.231	7.968E-4	3.318E-2
1.240	5.248E-4	3.300E-2
1.248	2.074E-4	3.246E-2
1.256	-7.513E-5	3.166E-2
1.265	-3.125E-4	3.072E-2
1.273	-5.356E-4	2.972E-2
1.282	-6.489E-4	2.884E-2
1.290	-7.199E-4	2.821E-2
1.298	-7.888E-4	2.787E-2
1.307	-7.944E-4	2.802E-2
1.315	-7.974E-4	2.850E-2
1.323	-7.779E-4	2.926E-2
1.332	-5.774E-4	3.024E-2
1.340	-3.561E-4	3.122E-2
1.349	-7.768E-5	3.209E-2
1.357	2.888E-4	3.280E-2
1.365	6.363E-4	3.316E-2
1.374	9.914E-4	3.327E-2
1.382	1.280E-3	3.307E-2
1.390	1.439E-3	3.258E-2
1.399	1.462E-3	3.185E-2
1.407	1.363E-3	3.102E-2
1.416	1.027E-3	3.011E-2
1.424	5.902E-4	2.934E-2
1.432	6.337E-6	2.876E-2
1.441	-5.945E-4	2.849E-2
1.449	-1.188E-3	2.852E-2
1.458	-1.666E-3	2.888E-2
1.466	-1.953E-3	2.942E-2
1.474	-1.952E-3	3.009E-2
1.483	-1.734E-3	3.077E-2
1.491	-1.256E-3	3.138E-2
1.499	-5.628E-4	3.189E-2
1.508	2.129E-4	3.218E-2
1.516	1.019E-3	3.224E-2
1.525	1.768E-3	3.220E-2
1.533	2.268E-3	3.193E-2
1.541	2.533E-3	3.153E-2
1.550	2.554E-3	3.107E-2
1.558	2.153E-3	3.061E-2
1.566	1.514E-3	3.023E-2
1.575	6.102E-4	2.995E-2
1.583	-3.378E-4	2.983E-2
1.592	-1.255E-3	2.983E-2
1.600	-2.024E-3	2.983E-2
1.608	-2.492E-3	2.990E-2
1.617	-2.615E-3	3.005E-2
1.625	-2.442E-3	3.020E-2
1.633	-1.909E-3	3.036E-2
1.642	-1.098E-3	3.054E-2
1.650	-1.378E-4	3.063E-2
1.659	8.828E-4	3.076E-2
1.667	1.754E-3	3.089E-2
1.675	2.413E-3	3.104E-2
1.684	2.801E-3	3.121E-2
1.692	2.823E-3	3.131E-2
1.700	2.482E-3	3.145E-2
1.709	1.865E-3	3.152E-2
1.717	1.015E-3	3.150E-2
1.726	6.343E-5	3.140E-2
1.734	-8.298E-4	3.121E-2
1.742	-1.616E-3	3.090E-2
1.751	-2.140E-3	3.053E-2
1.759	-2.357E-3	3.011E-2
1.767	-2.298E-3	2.967E-2
1.776	-1.838E-3	2.934E-2
1.784	-1.173E-3	2.914E-2
1.793	-4.159E-4	2.911E-2
1.801	4.395E-4	2.930E-2
1.809	1.136E-3	2.969E-2
1.818	1.696E-3	3.025E-2
1.826	2.039E-3	3.094E-2
1.834	2.070E-3	3.163E-2
1.843	1.964E-3	3.220E-2
1.851	1.599E-3	3.262E-2
1.860	1.052E-3	3.282E-2
1.868	4.713E-4	3.276E-2
1.876	-9.754E-5	3.243E-2
1.885	-6.453E-4	3.188E-2
1.893	-1.007E-3	3.113E-2
1.901	-1.238E-3	3.031E-2
1.910	-1.251E-3	2.945E-2
1.918	-1.190E-3	2.873E-2
1.927	-9.728E-4	2.827E-2
1.935	-6.665E-4	2.813E-2
1.943	-2.945E-4	2.842E-2
1.952	3.399E-5	2.898E-2
1.960	3.508E-4	2.982E-2
1.968	6.061E-4	3.077E-2
1.977	7.718E-4	3.168E-2
1.985	8.845E-4	3.245E-2
1.994	8.936E-4	3.306E-2
2.002	8.847E-4	3.331E-2
2.010	8.683E-4	3.330E-2
2.019	7.760E-4	3.290E-2
2.027	6.296E-4	3.221E-2
2.035	4.495E-4	3.135E-2
2.044	2.271E-4	3.040E-2
2.052	-4.711E-5	2.944E-2
2.061	-2.967E-4	2.867E-2
2.069	-5.900E-4	2.818E-2
2.077	-8.593E-4	2.804E-2
2.086	-1.063E-3	2.826E-2
2.094	-1.203E-3	2.879E-2
2.102	-1.216E-3	2.962E-2
2.111	-1.080E-3	3.049E-2
2.119	-7.871E-4	3.132E-2
2.128	-3.684E-4	3.207E-2
2.136	1.405E-4	3.259E-2
2.144	6.610E-4	3.285E-2
2.153	1.177E-3	3.285E-2
2.161	1.591E-3	3.256E-2
2.170	1.816E-3	3.207E-2
2.178	1.815E-3	3.143E-2
2.186	1.643E-3	3.072E-2
2.195	1.243E-3	3.003E-2
2.203	6.444E-4	2.945E-2
2.211	-9.815E-5	2.906E-2
2.220	-8.713E-4	2.896E-2
2.228	-1.529E-3	2.903E-2
2.237	-2.024E-3	2.938E-2
2.245	-2.243E-3	2.981E-2
2.253	-2.220E-3	3.029E-2
2.262	-1.860E-3	3.077E-2
2.270	-1.264E-3	3.118E-2
2.278	-4.694E-4	3.150E-2
2.287	3.837E-4	3.168E-2
2.295	1.277E-3	3.171E-2
2.304	2.006E-3	3.168E-2
2.312	2.492E-3	3.150E-2
2.320	2.666E-3	3.128E-2
2.329	2.478E-3	3.105E-2
2.337	1.989E-3	3.082E-2
2.345	1.215E-3	3.062E-2
2.354	2.827E-4	3.046E-2
2.362	-6.531E-4	3.034E-2
2.371	-1.502E-3	3.024E-2
2.379	-2.172E-3	3.013E-2
2.387	-2.546E-3	3.005E-2
2.396	-2.579E-3	2.997E-2
2.404	-2.322E-3	2.993E-2
2.412	-1.712E-3	2.990E-2
2.421	-8.949E-4	2.989E-2
2.429	5.007E-5	2.998E-2
2.438	9.861E-4	3.016E-2
2.446	1.778E-3	3.040E-2
2.454	2.292E-3	3.074E-2
2.463	2.495E-3	3.108E-2
2.471	2.392E-3	3.142E-2
2.479	2.001E-3	3.171E-2
2.488	1.356E-3	3.188E-2
2.496	5.527E-4	3.189E-2
2.505	-2.621E-4	3.174E-2
2.513	-1.015E-3	3.143E-2
2.521	-1.611E-3	3.098E-2
2.530	-1.967E-3	3.039E-2
2.538	-2.070E-3	2.979E-2
2.546	-1.929E-3	2.924E-2
2.555	-1.530E-3	2.877E-2
2.563	-9.951E-4	2.854E-2
2.572	-3.479E-4	2.853E-2
2.580	2.959E-4	2.889E-2
2.588	8.387E-4	2.945E-2
2.597	1.247E-3	3.019E-2
2.605	1.489E-3	3.101E-2
2.613	1.496E-3	3.175E-2
2.622	1.392E-3	3.235E-2
2.630	1.138E-3	3.275E-2
2.639	7.771E-4	3.287E-2
2.647	3.817E-4	3.269E-2
2.655	-1.570E-5	3.221E-2
2.664	-3.650E-4	3.151E-2
2.672	-5.917E-4	3.066E-2
2.680	-7.781E-4	2.977E-2
2.689	-8.244E-4	2.894E-2
2.697	-8.198E-4	2.829E-2
2.706	-8.074E-4	2.795E-2
2.714	-6.720E-4	2.797E-2
2.722	-5.124E-4	2.840E-2
2.731	-3.729E-4	2.912E-2
2.739	-1.771E-4	3.000E-2
2.747	4.392E-5	3.095E-2
2.756	2.696E-4	3.187E-2
2.764	5.198E-4	3.257E-2
2.773	7.557E-4	3.299E-2
2.781	9.613E-4	3.314E-2
2.789	1.120E-3	3.296E-2
2.798	1.128E-3	3.255E-2
2.806	1.121E-3	3.188E-2
2.815	9.984E-4	3.104E-2
2.823	7.446E-4	3.014E-2
2.831	4.011E-4	2.934E-2
2.840	-5.808E-5	2.873E-2
2.848	-5.429E-4	2.842E-2
2.856	-9.864E-4	2.844E-2
2.865	-1.350E-3	2.876E-2
2.873	-1.554E-3	2.930E-2
2.882	-1.539E-3	3.002E-2
2.890	-1.368E-3	3.077E-2
2.898	-9.960E-4	3.144E-2
2.907	-4.282E-4	3.196E-2
2.915	2.196E-4	3.230E-2
2.923	8.753E-4	3.244E-2
2.932	1.499E-3	3.235E-2
2.940	1.972E-3	3.208E-2
2.949	2.230E-3	3.166E-2
2.957	2.215E-3	3.115E-2
2.965	1.872E-3	3.062E-2
2.974	1.340E-3	3.013E-2
2.982	5.681E-4	2.977E-2
2.990	-2.721E-4	2.959E-2
2.999	-1.093E-3	2.958E-2
3.007	-1.773E-3	2.963E-2
3.016	-2.226E-3	2.981E-2
3.024	-2.389E-3	3.007E-2
3.032	-2.259E-3	3.034E-2
3.041	-1.782E-3	3.059E-2
3.049	-1.077E-3	3.081E-2
3.057	-2.167E-4	3.098E-2
3.066	7.159E-4	3.108E-2
3.074	1.598E-3	3.112E-2
3.083	2.247E-3	3.119E-2
3.091	2.635E-3	3.121E-2
3.099	2.673E-3	3.122E-2
3.108	2.381E-3	3.123E-2
3.116	1.791E-3	3.123E-2
3.124	9.607E-4	3.122E-2
3.133	7.100E-5	3.108E-2
3.141	-8.007E-4	3.091E-2
3.150	-1.581E-3	3.072E-2
3.158	-2.093E-3	3.047E-2
3.166	-2.347E-3	3.018E-2
3.175	-2.343E-3	2.992E-2
3.183	-1.936E-3	2.968E-2
3.191	-1.317E-3	2.953E-2
3.200	-5.319E-4	2.955E-2
3.208	3.179E-4	2.967E-2
3.217	1.095E-3	2.994E-2
3.225	1.696E-3	3.034E-2
3.233	2.078E-3	3.084E-2
3.242	2.210E-3	3.136E-2
3.250	2.019E-3	3.188E-2
3.258	1.623E-3	3.222E-2
3.267	1.075E-3	3.239E-2
3.275	4.126E-4	3.239E-2
3.284	-2.612E-4	3.211E-2
3.292	-8.281E-4	3.167E-2
3.300	-1.244E-3	3.104E-2
3.309	-1.477E-3	3.032E-2
3.317	-1.490E-3	2.961E-2
3.325	-1.372E-3	2.897E-2
3.334	-1.044E-3	2.850E-2
3.342	-6.357E-4	2.838E-2
3.351	-1.656E-4	2.855E-2
3.359	2.505E-4	2.900E-2
3.367	6.209E-4	2.971E-2
3.376	8.904E-4	3.054E-2
3.384	1.039E-3	3.139E-2
3.392	1.049E-3	3.215E-2
3.401	1.046E-3	3.268E-2
3.409	9.420E-4	3.296E-2
3.418	7.965E-4	3.299E-2
3.426	5.979E-4	3.270E-2
3.434	3.695E-4	3.213E-2
3.443	1.647E-4	3.134E-2
3.451	-4.241E-5	3.048E-2
3.459	-2.633E-4	2.961E-2
3.468	-4.353E-4	2.883E-2
3.476	-5.719E-4	2.829E-2
3.485	-7.108E-4	2.808E-2
3.493	-7.957E-4	2.825E-2
3.501	-8.054E-4	2.874E-2
3.510	-8.038E-4	2.946E-2
3.518	-6.654E-4	3.030E-2
3.527	-4.270E-4	3.120E-2
3.535	-9.750E-5	3.194E-2
3.543	2.767E-4	3.246E-2
3.552	6.735E-4	3.275E-2
3.560	1.039E-3	3.278E-2
3.568	1.326E-3	3.255E-2
3.577	1.504E-3	3.208E-2
3.585	1.504E-3	3.143E-2
3.594	1.344E-3	3.069E-2
3.602	1.005E-3	2.994E-2
3.610	5.275E-4	2.934E-2
3.619	-6.862E-5	2.891E-2
3.627	-7.058E-4	2.876E-2
3.635	-1.285E-3	2.885E-2
3.644	-1.709E-3	2.919E-2
3.652	-1.937E-3	2.965E-2
3.661	-1.936E-3	3.017E-2
3.669	-1.656E-3	3.078E-2
3.677	-1.157E-3	3.125E-2
3.686	-4.936E-4	3.160E-2
3.694	2.600E-4	3.185E-2
3.702	1.076E-3	3.188E-2
3.711	1.744E-3	3.183E-2
3.719	2.188E-3	3.164E-2
3.728	2.401E-3	3.133E-2
3.736	2.268E-3	3.103E-2
3.744	1.828E-3	3.072E-2
3.753	1.136E-3	3.045E-2
3.761	2.726E-4	3.029E-2
3.769	-6.020E-4	3.014E-2
3.778	-1.409E-3	3.009E-2
3.786	-2.045E-3	3.008E-2
3.795	-2.387E-3	3.008E-2
3.803	-2.414E-3	3.012E-2
3.811	-2.206E-3	3.015E-2
3.820	-1.659E-3	3.026E-2
3.828	-9.200E-4	3.034E-2
3.836	-6.757E-5	3.044E-2
3.845	8.436E-4	3.059E-2
3.853	1.627E-3	3.076E-2
3.862	2.200E-3	3.096E-2
3.870	2.458E-3	3.119E-2
3.878	2.394E-3	3.139E-2
3.887	2.008E-3	3.156E-2
3.895	1.382E-3	3.171E-2
3.903	6.072E-4	3.170E-2
3.912	-2.367E-4	3.157E-2
3.920	-9.926E-4	3.134E-2
3.929	-1.617E-3	3.102E-2
3.937	-2.000E-3	3.057E-2
3.945	-2.108E-3	3.010E-2
3.954	-1.969E-3	2.966E-2
3.962	-1.559E-3	2.932E-2
3.970	-9.839E-4	2.916E-2
3.979	-3.131E-4	2.916E-2
3.987	3.597E-4	2.941E-2
3.996	9.741E-4	2.984E-2
4.004	1.440E-3	3.041E-2
4.012	1.698E-3	3.111E-2
4.021	1.707E-3	3.176E-2
4.029	1.576E-3	3.228E-2
4.037	1.224E-3	3.265E-2
4.046	8.003E-4	3.279E-2
4.054	3.101E-4	3.265E-2
4.063	-1.474E-4	3.226E-2
4.071	-5.350E-4	3.170E-2
4.079	-8.257E-4	3.097E-2
4.088	-9.899E-4	3.014E-2
4.096	-1.004E-3	2.938E-2
4.104	-9.986E-4	2.875E-2
4.113	-8.017E-4	2.841E-2
4.121	-5.712E-4	2.842E-2
4.130	-3.183E-4	2.873E-2
4.138	-9.318E-5	2.932E-2
4.146	1.374E-4	3.012E-2
4.155	3.444E-4	3.100E-2
4.163	5.187E-4	3.180E-2
4.171	6.552E-4	3.247E-2
4.180	7.552E-4	3.296E-2
4.188	8.130E-4	3.314E-2
4.197	8.184E-4	3.303E-2
4.205	8.207E-4	3.263E-2
4.213	7.477E-4	3.198E-2
4.222	6.096E-4	3.117E-2
4.230	3.907E-4	3.031E-2
4.239	1.178E-4	2.948E-2
4.247	-1.690E-4	2.884E-2
4.255	-5.109E-4	2.850E-2
4.264	-8.210E-4	2.848E-2
4.272	-1.066E-3	2.874E-2
4.280	-1.206E-3	2.926E-2
4.289	-1.219E-3	2.999E-2
4.297	-1.065E-3	3.077E-2
4.306	-7.707E-4	3.148E-2
4.314	-3.255E-4	3.203E-2
4.322	1.875E-4	3.244E-2
4.331	7.275E-4	3.261E-2
4.339	1.262E-3	3.255E-2
4.347	1.644E-3	3.223E-2
4.356	1.878E-3	3.174E-2
4.364	1.896E-3	3.119E-2
4.373	1.661E-3	3.058E-2
4.381	1.196E-3	3.003E-2
4.389	5.798E-4	2.963E-2
4.398	-1.497E-4	2.938E-2
4.406	-8.650E-4	2.935E-2
4.414	-1.482E-3	2.943E-2
4.423	-1.909E-3	2.966E-2
4.431	-2.095E-3	3.001E-2
4.440	-1.995E-3	3.037E-2
4.448	-1.614E-3	3.073E-2
4.456	-1.025E-3	3.104E-2
4.465	-2.576E-4	3.125E-2
4.473	5.640E-4	3.137E-2
4.481	1.389E-3	3.141E-2
4.490	2.024E-3	3.142E-2
4.498	2.411E-3	3.132E-2
4.507	2.490E-3	3.120E-2
4.515	2.235E-3	3.106E-2
4.523	1.695E-3	3.094E-2
4.532	9.317E-4	3.083E-2
4.540	1.143E-4	3.071E-2
4.548	-7.426E-4	3.059E-2
4.557	-1.500E-3	3.045E-2
4.565	-2.026E-3	3.032E-2
4.574	-2.259E-3	3.016E-2
4.582	-2.235E-3	3.000E-2
4.590	-1.862E-3	2.991E-2
4.599	-1.288E-3	2.984E-2
4.607	-5.223E-4	2.984E-2
4.615	2.799E-4	2.995E-2
4.624	1.100E-3	3.020E-2
4.632	1.720E-3	3.052E-2
4.641	2.130E-3	3.090E-2
4.649	2.256E-3	3.130E-2
4.657	2.106E-3	3.165E-2
4.666	1.708E-3	3.194E-2
4.674	1.123E-3	3.210E-2
4.682	4.117E-4	3.210E-2
4.691	-2.931E-4	3.190E-2
4.699	-8.983E-4	3.152E-2
4.708	-1.353E-3	3.101E-2
4.716	-1.579E-3	3.042E-2
4.724	-1.568E-3	2.986E-2
4.733	-1.429E-3	2.933E-2
4.741	-1.079E-3	2.895E-2
4.749	-6.026E-4	2.878E-2
4.758	-8.398E-5	2.889E-2
4.766	4.100E-4	2.928E-2
4.775	8.227E-4	2.988E-2
4.783	1.119E-3	3.061E-2
4.791	1.273E-3	3.134E-2
4.800	1.273E-3	3.205E-2
4.808	1.187E-3	3.259E-2
4.816	9.903E-4	3.288E-2
4.825	7.208E-4	3.287E-2
4.833	4.309E-4	3.264E-2
4.842	1.296E-4	3.214E-2
4.850	-1.287E-4	3.146E-2
4.858	-3.274E-4	3.063E-2
4.867	-4.938E-4	2.979E-2
4.875	-5.922E-4	2.906E-2
4.883	-5.929E-4	2.855E-2
4.892	-5.992E-4	2.830E-2
4.900	-5.960E-4	2.842E-2
4.909	-5.471E-4	2.888E-2
4.917	-4.269E-4	2.957E-2
4.925	-2.645E-4	3.037E-2
4.934	-9.408E-5	3.121E-2
4.942	1.389E-4	3.195E-2
4.951	3.973E-4	3.247E-2
4.959	6.434E-4	3.284E-2
4.967	8.674E-4	3.285E-2
4.976	1.051E-3	3.266E-2
4.984	1.146E-3	3.217E-2
4.992	1.122E-3	3.151E-2
5.001	9.760E-4	3.076E-2
5.009	6.994E-4	2.999E-2
5.018	3.485E-4	2.937E-2
5.026	-1.216E-4	2.891E-2
5.034	-6.155E-4	2.870E-2
5.043	-1.045E-3	2.878E-2
5.051	-1.394E-3	2.909E-2
5.059	-1.575E-3	2.962E-2
5.068	-1.555E-3	3.020E-2
5.076	-1.317E-3	3.083E-2
5.085	-8.990E-4	3.137E-2
5.093	-3.143E-4	3.178E-2
5.101	3.298E-4	3.208E-2
5.110	1.008E-3	3.215E-2
5.118	1.572E-3	3.204E-2
5.126	1.968E-3	3.177E-2
5.135	2.155E-3	3.141E-2
5.143	2.069E-3	3.101E-2
5.152	1.699E-3	3.058E-2
5.160	1.109E-3	3.023E-2
5.168	3.566E-4	2.999E-2
5.177	-4.494E-4	2.986E-2
5.185	-1.172E-3	2.985E-2
5.193	-1.783E-3	2.987E-2
5.202	-2.142E-3	3.002E-2
5.210	-2.211E-3	3.018E-2
5.219	-2.019E-3	3.037E-2
5.227	-1.518E-3	3.054E-2
5.235	-8.235E-4	3.071E-2
5.244	-3.062E-6	3.082E-2
5.252	8.280E-4	3.093E-2
5.260	1.578E-3	3.103E-2
5.269	2.113E-3	3.109E-2
5.277	2.404E-3	3.117E-2
5.286	2.401E-3	3.124E-2
5.294	2.024E-3	3.128E-2
5.302	1.423E-3	3.127E-2
5.311	6.724E-4	3.126E-2
5.319	-1.552E-4	3.116E-2
5.327	-9.052E-4	3.099E-2
5.336	-1.534E-3	3.075E-2
5.344	-1.930E-3	3.043E-2
5.353	-2.074E-3	3.012E-2
5.361	-1.959E-3	2.982E-2
5.369	-1.557E-3	2.959E-2
5.378	-9.739E-4	2.945E-2
5.386	-2.912E-4	2.943E-2
5.394	4.272E-4	2.961E-2
5.403	1.049E-3	2.993E-2
5.411	1.533E-3	3.038E-2
5.420	1.810E-3	3.091E-2
5.428	1.795E-3	3.147E-2
5.436	1.629E-3	3.191E-2
5.445	1.272E-3	3.220E-2
5.453	7.739E-4	3.234E-2
5.461	2.274E-4	3.223E-2
5.470	-3.121E-4	3.193E-2
5.478	-7.719E-4	3.144E-2
5.487	-1.070E-3	3.080E-2
5.495	-1.238E-3	3.010E-2
5.503	-1.242E-3	2.942E-2
5.512	-1.101E-3	2.886E-2
5.520	-8.316E-4	2.853E-2
5.528	-5.334E-4	2.847E-2
5.537	-1.728E-4	2.872E-2
5.545	1.617E-4	2.923E-2
5.554	4.186E-4	2.992E-2
5.562	6.220E-4	3.072E-2
5.570	7.587E-4	3.150E-2
5.579	8.161E-4	3.214E-2
5.587	8.164E-4	3.260E-2
5.595	8.079E-4	3.280E-2
5.604	6.856E-4	3.270E-2
5.612	5.490E-4	3.239E-2
5.621	3.898E-4	3.180E-2
5.629	2.202E-4	3.108E-2
5.637	4.321E-5	3.023E-2
5.646	-1.565E-4	2.946E-2
5.654	-3.364E-4	2.880E-2
5.663	-5.542E-4	2.845E-2
5.671	-7.345E-4	2.840E-2
5.679	-8.447E-4	2.865E-2
5.688	-8.745E-4	2.917E-2
5.696	-8.525E-4	2.985E-2
5.704	-6.956E-4	3.060E-2
5.713	-4.909E-4	3.133E-2
5.721	-1.494E-4	3.196E-2
5.730	2.594E-4	3.237E-2
5.738	6.914E-4	3.256E-2
5.746	1.094E-3	3.255E-2
5.755	1.366E-3	3.225E-2
5.763	1.510E-3	3.179E-2
5.771	1.510E-3	3.123E-2
5.780	1.296E-3	3.057E-2
5.788	9.188E-4	2.995E-2
5.797	3.851E-4	2.950E-2
5.805	-2.377E-4	2.923E-2
5.813	-8.402E-4	2.915E-2
5.822	-1.378E-3	2.925E-2
5.830	-1.718E-3	2.959E-2
5.838	-1.885E-3	3.000E-2
5.847	-1.827E-3	3.048E-2
5.855	-1.468E-3	3.093E-2
5.864	-9.537E-4	3.129E-2
5.872	-2.902E-4	3.153E-2
5.880	4.582E-4	3.169E-2
5.889	1.156E-3	3.169E-2
5.897	1.767E-3	3.164E-2
5.905	2.152E-3	3.146E-2
5.914	2.257E-3	3.123E-2
5.922	2.048E-3	3.101E-2
5.931	1.563E-3	3.078E-2
5.939	8.763E-4	3.058E-2
5.947	5.834E-5	3.042E-2
5.956	-7.440E-4	3.034E-2
5.964	-1.456E-3	3.028E-2
5.972	-1.981E-3	3.025E-2
5.981	-2.212E-3	3.022E-2
5.989	-2.201E-3	3.023E-2
5.998	-1.886E-3	3.024E-2
6.006	-1.342E-3	3.026E-2
6.014	-6.097E-4	3.031E-2
6.023	2.121E-4	3.039E-2
6.031	9.983E-4	3.054E-2
6.039	1.649E-3	3.076E-2
6.048	2.081E-3	3.099E-2
6.056	2.262E-3	3.125E-2
6.065	2.107E-3	3.148E-2
6.073	1.726E-3	3.168E-2
6.081	1.133E-3	3.175E-2
6.090	3.911E-4	3.173E-2
6.098	-3.211E-4	3.155E-2
6.106	-9.653E-4	3.130E-2
6.115	-1.474E-3	3.090E-2
6.123	-1.743E-3	3.046E-2
6.132	-1.739E-3	3.001E-2
6.140	-1.576E-3	2.961E-2
6.148	-1.185E-3	2.929E-2
6.157	-6.789E-4	2.918E-2
6.165	-9.623E-5	2.923E-2
6.173	4.825E-4	2.951E-2
6.182	9.728E-4	3.002E-2
6.190	1.319E-3	3.062E-2
6.199	1.479E-3	3.126E-2
6.207	1.483E-3	3.185E-2
6.215	1.301E-3	3.234E-2
6.224	1.023E-3	3.263E-2
6.232	6.550E-4	3.264E-2
6.240	2.562E-4	3.245E-2
6.249	-8.810E-5	3.202E-2
6.257	-3.919E-4	3.145E-2
6.266	-6.102E-4	3.073E-2
6.274	-7.389E-4	2.997E-2
6.282	-7.712E-4	2.932E-2
6.291	-7.757E-4	2.880E-2
6.299	-6.440E-4	2.860E-2
6.307	-4.848E-4	2.870E-2
6.316	-3.310E-4	2.906E-2
6.324	-1.520E-4	2.968E-2
6.333	3.866E-5	3.041E-2
6.341	2.186E-4	3.126E-2
6.349	3.760E-4	3.196E-2
6.358	5.460E-4	3.248E-2
6.366	6.692E-4	3.287E-2
6.375	7.746E-4	3.291E-2
6.383	8.187E-4	3.271E-2
6.391	8.288E-4	3.232E-2
6.400	8.138E-4	3.169E-2
6.408	6.477E-4	3.096E-2
6.416	4.079E-4	3.017E-2
6.425	1.213E-4	2.954E-2
6.433	-2.173E-4	2.901E-2
6.442	-5.502E-4	2.876E-2
6.450	-8.824E-4	2.877E-2
6.458	-1.105E-3	2.911E-2
6.467	-1.239E-3	2.962E-2
6.475	-1.240E-3	3.024E-2
6.483	-1.040E-3	3.092E-2
6.492	-7.018E-4	3.150E-2
6.500	-2.617E-4	3.196E-2
6.509	2.599E-4	3.222E-2
6.517	8.241E-4	3.227E-2
6.525	1.300E-3	3.219E-2
6.534	1.649E-3	3.191E-2
6.542	1.817E-3	3.148E-2
6.550	1.759E-3	3.099E-2
6.559	1.441E-3	3.050E-2
6.567	9.562E-4	3.008E-2
6.576	3.279E-4	2.977E-2
6.584	-3.743E-4	2.962E-2
6.592	-1.036E-3	2.962E-2
6.601	-1.579E-3	2.969E-2
6.609	-1.906E-3	2.988E-2
6.617	-2.003E-3	3.014E-2
6.626	-1.828E-3	3.039E-2
6.634	-1.398E-3	3.064E-2
6.643	-7.841E-4	3.090E-2
6.651	-4.771E-5	3.107E-2
6.659	7.503E-4	3.116E-2
6.668	1.452E-3	3.119E-2
6.676	1.984E-3	3.120E-2
6.684	2.249E-3	3.121E-2
6.693	2.232E-3	3.117E-2
6.701	1.924E-3	3.112E-2
6.710	1.383E-3	3.107E-2
6.718	6.669E-4	3.098E-2
6.726	-1.299E-4	3.085E-2
6.735	-8.699E-4	3.073E-2
6.743	-1.499E-3	3.056E-2
6.751	-1.917E-3	3.035E-2
6.760	-2.090E-3	3.015E-2
6.768	-1.976E-3	2.994E-2
6.777	-1.610E-3	2.979E-2
6.785	-1.055E-3	2.973E-2
6.793	-3.394E-4	2.977E-2
6.802	3.953E-4	2.991E-2
6.810	1.059E-3	3.015E-2
6.818	1.561E-3	3.049E-2
6.827	1.852E-3	3.090E-2
6.835	1.893E-3	3.131E-2
6.844	1.741E-3	3.168E-2
6.852	1.333E-3	3.193E-2
6.860	7.850E-4	3.203E-2
6.869	2.025E-4	3.199E-2
6.877	-3.845E-4	3.173E-2
6.885	-8.842E-4	3.130E-2
6.894	-1.224E-3	3.078E-2
6.902	-1.420E-3	3.017E-2
6.911	-1.437E-3	2.959E-2
6.919	-1.253E-3	2.913E-2
6.927	-9.247E-4	2.882E-2
6.936	-5.414E-4	2.876E-2
6.944	-1.264E-4	2.893E-2
6.952	2.927E-4	2.937E-2
6.961	6.163E-4	2.997E-2
6.969	8.451E-4	3.071E-2
6.978	9.727E-4	3.144E-2
6.986	9.923E-4	3.203E-2
6.994	9.380E-4	3.249E-2
7.003	7.907E-4	3.272E-2
7.011	5.962E-4	3.271E-2
7.020	3.644E-4	3.241E-2
7.028	1.372E-4	3.190E-2
7.036	-6.091E-5	3.121E-2
7.045	-2.510E-4	3.042E-2
7.053	-3.805E-4	2.970E-2
7.061	-5.024E-4	2.905E-2
7.070	-5.703E-4	2.869E-2
7.078	-5.919E-4	2.855E-2
7.087	-6.061E-4	2.874E-2
7.095	-6.004E-4	2.921E-2
7.103	-5.641E-4	2.985E-2
7.112	-3.856E-4	3.059E-2
7.120	-1.847E-4	3.131E-2
7.128	9.411E-5	3.194E-2
7.137	3.739E-4	3.237E-2
7.145	6.522E-4	3.260E-2
7.154	9.015E-4	3.260E-2
7.162	1.072E-3	3.231E-2
7.170	1.182E-3	3.185E-2
7.179	1.203E-3	3.125E-2
7.187	1.027E-3	3.057E-2
7.195	7.267E-4	2.991E-2
7.204	3.238E-4	2.938E-2
7.212	-1.617E-4	2.905E-2
7.221	-6.351E-4	2.896E-2
7.229	-1.058E-3	2.909E-2
7.237	-1.381E-3	2.942E-2
7.246	-1.528E-3	2.987E-2
7.254	-1.497E-3	3.036E-2
7.262	-1.209E-3	3.086E-2
7.271	-7.633E-4	3.127E-2
7.279	-1.831E-4	3.159E-2
7.288	4.796E-4	3.176E-2
7.296	1.103E-3	3.174E-2
7.304	1.609E-3	3.164E-2
7.313	1.933E-3	3.143E-2
7.321	2.028E-3	3.112E-2
7.329	1.875E-3	3.081E-2
7.338	1.486E-3	3.050E-2
7.346	8.794E-4	3.025E-2
7.355	1.462E-4	3.008E-2
7.363	-5.927E-4	2.997E-2
7.371	-1.259E-3	3.000E-2
7.380	-1.746E-3	3.003E-2
7.388	-2.022E-3	3.011E-2
7.396	-2.004E-3	3.020E-2
7.405	-1.711E-3	3.034E-2
7.413	-1.224E-3	3.042E-2
7.422	-5.369E-4	3.057E-2
7.430	2.230E-4	3.066E-2
7.438	9.638E-4	3.079E-2
7.447	1.599E-3	3.090E-2
7.455	2.012E-3	3.105E-2
7.463	2.175E-3	3.118E-2
7.472	2.059E-3	3.128E-2
7.480	1.681E-3	3.138E-2
7.489	1.106E-3	3.142E-2
7.497	4.005E-4	3.143E-2
7.505	-3.272E-4	3.129E-2
7.514	-1.004E-3	3.106E-2
7.522	-1.510E-3	3.078E-2
7.530	-1.800E-3	3.041E-2
7.539	-1.785E-3	3.010E-2
7.547	-1.626E-3	2.981E-2
7.556	-1.250E-3	2.958E-2
7.564	-7.243E-4	2.945E-2
7.572	-1.013E-4	2.947E-2
7.581	5.242E-4	2.969E-2
7.589	1.049E-3	3.006E-2
7.597	1.428E-3	3.056E-2
7.606	1.614E-3	3.107E-2
7.614	1.645E-3	3.155E-2
7.623	1.433E-3	3.199E-2
7.631	1.099E-3	3.222E-2
7.639	6.506E-4	3.225E-2
7.648	1.776E-4	3.216E-2
7.656	-2.559E-4	3.178E-2
7.664	-6.185E-4	3.126E-2
7.673	-8.449E-4	3.062E-2
7.681	-9.724E-4	2.992E-2
7.690	-9.887E-4	2.932E-2
7.698	-8.584E-4	2.886E-2
7.706	-6.299E-4	2.864E-2
7.715	-3.841E-4	2.866E-2
7.723	-1.084E-4	2.900E-2
7.732	1.287E-4	2.954E-2
7.740	3.519E-4	3.025E-2
7.748	5.220E-4	3.101E-2
7.757	6.473E-4	3.170E-2
7.765	6.919E-4	3.221E-2
7.773	7.313E-4	3.257E-2
7.782	7.532E-4	3.266E-2
7.790	7.682E-4	3.250E-2
7.799	6.939E-4	3.214E-2
7.807	5.834E-4	3.154E-2
7.815	4.257E-4	3.082E-2
7.824	2.274E-4	3.007E-2
7.832	-1.880E-5	2.940E-2
7.840	-2.705E-4	2.889E-2
7.849	-5.156E-4	2.864E-2
7.857	-7.371E-4	2.866E-2
7.866	-8.862E-4	2.897E-2
7.874	-9.086E-4	2.947E-2
7.882	-8.770E-4	3.010E-2
7.891	-7.013E-4	3.078E-2
7.899	-4.313E-4	3.140E-2
7.907	-6.801E-5	3.190E-2
7.916	3.454E-4	3.219E-2
7.924	7.703E-4	3.231E-2
7.933	1.147E-3	3.220E-2
7.941	1.407E-3	3.191E-2
7.949	1.545E-3	3.146E-2
7.958	1.511E-3	3.094E-2
7.966	1.234E-3	3.038E-2
7.974	8.248E-4	2.989E-2
7.983	2.881E-4	2.951E-2
7.991	-2.876E-4	2.936E-2
8.000	-8.815E-4	2.936E-2
8.008	-1.345E-3	2.947E-2
8.016	-1.640E-3	2.973E-2
8.025	-1.740E-3	3.010E-2
8.033	-1.620E-3	3.047E-2
8.041	-1.263E-3	3.082E-2
8.050	-7.218E-4	3.108E-2
8.058	-4.437E-5	3.126E-2
8.067	6.403E-4	3.135E-2
8.075	1.281E-3	3.138E-2
8.083	1.768E-3	3.133E-2
8.092	2.033E-3	3.124E-2
8.100	2.017E-3	3.106E-2
8.108	1.763E-3	3.089E-2
8.117	1.265E-3	3.078E-2
8.125	6.107E-4	3.062E-2
8.134	-1.360E-4	3.051E-2
8.142	-8.718E-4	3.039E-2
8.150	-1.478E-3	3.030E-2
8.159	-1.895E-3	3.021E-2
8.167	-2.073E-3	3.015E-2
8.175	-1.979E-3	3.008E-2
8.184	-1.631E-3	3.007E-2
8.192	-1.080E-3	3.006E-2
8.201	-3.655E-4	3.007E-2
8.209	3.644E-4	3.019E-2
8.217	1.047E-3	3.039E-2
8.226	1.554E-3	3.060E-2
8.234	1.863E-3	3.087E-2
8.242	1.925E-3	3.120E-2
8.251	1.763E-3	3.147E-2
8.259	1.348E-3	3.165E-2
8.268	7.805E-4	3.172E-2
8.276	1.646E-4	3.170E-2
8.284	-4.644E-4	3.148E-2
8.293	-1.008E-3	3.116E-2
8.301	-1.388E-3	3.076E-2
8.309	-1.585E-3	3.029E-2
8.318	-1.552E-3	2.983E-2
8.326	-1.322E-3	2.942E-2
8.335	-9.681E-4	2.917E-2
8.343	-5.211E-4	2.909E-2
8.351	-2.917E-5	2.922E-2
8.360	4.184E-4	2.958E-2
8.368	7.980E-4	3.009E-2
8.376	1.050E-3	3.071E-2
8.385	1.172E-3	3.131E-2
8.393	1.196E-3	3.185E-2
8.402	1.034E-3	3.226E-2
8.410	7.977E-4	3.247E-2
8.418	5.100E-4	3.252E-2
8.427	2.030E-4	3.223E-2
8.435	-9.277E-5	3.175E-2
8.444	-3.323E-4	3.114E-2
8.452	-5.147E-4	3.046E-2
8.460	-6.192E-4	2.978E-2
8.469	-6.083E-4	2.920E-2
8.477	-6.032E-4	2.878E-2
8.485	-5.746E-4	2.865E-2
8.494	-4.762E-4	2.880E-2
8.502	-3.579E-4	2.924E-2
8.511	-2.383E-4	2.985E-2
8.519	-9.491E-5	3.056E-2
8.527	8.437E-5	3.127E-2
8.536	2.733E-4	3.189E-2
8.544	4.604E-4	3.235E-2
8.552	6.504E-4	3.259E-2
8.561	7.950E-4	3.259E-2
8.569	8.822E-4	3.236E-2
8.578	8.667E-4	3.191E-2
8.586	8.523E-4	3.128E-2
8.594	6.576E-4	3.059E-2
8.603	4.021E-4	2.991E-2
8.611	8.592E-5	2.937E-2
8.619	-2.889E-4	2.898E-2
8.628	-6.423E-4	2.886E-2
8.636	-9.772E-4	2.898E-2
8.645	-1.215E-3	2.932E-2
8.653	-1.296E-3	2.982E-2
8.661	-1.264E-3	3.036E-2
8.670	-1.021E-3	3.092E-2
8.678	-6.365E-4	3.142E-2
8.686	-1.354E-4	3.176E-2
8.695	3.902E-4	3.195E-2
8.703	8.974E-4	3.194E-2
8.712	1.328E-3	3.182E-2
8.720	1.632E-3	3.155E-2
8.728	1.741E-3	3.117E-2
8.737	1.624E-3	3.078E-2
8.745	1.284E-3	3.036E-2
8.753	7.739E-4	3.004E-2
8.762	1.352E-4	2.983E-2
8.770	-5.513E-4	2.970E-2
8.779	-1.133E-3	2.968E-2
8.787	-1.578E-3	2.978E-2
8.795	-1.823E-3	2.994E-2
8.804	-1.797E-3	3.017E-2
8.812	-1.568E-3	3.036E-2
8.820	-1.100E-3	3.054E-2
8.829	-4.619E-4	3.072E-2
8.837	2.351E-4	3.083E-2
8.846	9.541E-4	3.093E-2
8.854	1.569E-3	3.095E-2
8.862	1.972E-3	3.101E-2
8.871	2.147E-3	3.101E-2
8.879	2.054E-3	3.101E-2
8.887	1.696E-3	3.101E-2
8.896	1.130E-3	3.101E-2
8.904	4.294E-4	3.096E-2
8.913	-2.991E-4	3.084E-2
8.921	-9.584E-4	3.066E-2
8.929	-1.490E-3	3.050E-2
8.938	-1.780E-3	3.029E-2
8.946	-1.807E-3	3.006E-2
8.954	-1.659E-3	2.986E-2
8.963	-1.269E-3	2.969E-2
8.971	-7.325E-4	2.963E-2
8.980	-9.503E-5	2.963E-2
8.988	5.595E-4	2.985E-2
8.996	1.105E-3	3.012E-2
9.005	1.493E-3	3.050E-2
9.013	1.688E-3	3.093E-2
9.021	1.698E-3	3.135E-2
9.030	1.463E-3	3.171E-2
9.038	1.084E-3	3.192E-2
9.047	5.967E-4	3.195E-2
9.055	8.304E-5	3.186E-2
9.063	-3.854E-4	3.157E-2
9.072	-7.897E-4	3.118E-2
9.080	-1.055E-3	3.063E-2
9.088	-1.167E-3	3.005E-2
9.097	-1.188E-3	2.952E-2
9.105	-9.929E-4	2.913E-2
9.114	-7.246E-4	2.891E-2
9.122	-3.818E-4	2.892E-2
9.130	-4.166E-5	2.918E-2
9.139	2.691E-4	2.964E-2
9.147	5.448E-4	3.024E-2
9.156	7.284E-4	3.095E-2
9.164	8.334E-4	3.158E-2
9.172	8.275E-4	3.213E-2
9.181	8.152E-4	3.246E-2
9.189	6.592E-4	3.257E-2
9.197	5.236E-4	3.244E-2
9.206	3.571E-4	3.209E-2
9.214	1.811E-4	3.153E-2
9.223	1.011E-5	3.085E-2
9.231	-1.193E-4	3.012E-2
9.239	-2.791E-4	2.945E-2
9.248	-4.036E-4	2.895E-2
9.256	-5.261E-4	2.867E-2
9.264	-5.950E-4	2.867E-2
9.273	-6.048E-4	2.894E-2
9.281	-6.066E-4	2.941E-2
9.290	-5.968E-4	3.005E-2
9.298	-4.020E-4	3.074E-2
9.306	-1.708E-4	3.137E-2
9.315	1.111E-4	3.190E-2
9.323	4.073E-4	3.223E-2
9.331	6.955E-4	3.235E-2
9.340	1.000E-3	3.224E-2
9.348	1.192E-3	3.194E-2
9.357	1.282E-3	3.147E-2
9.365	1.257E-3	3.091E-2
9.373	1.019E-3	3.033E-2
9.382	6.692E-4	2.981E-2
9.390	2.225E-4	2.940E-2
9.398	-2.871E-4	2.918E-2
9.407	-7.775E-4	2.917E-2
9.415	-1.182E-3	2.930E-2
9.424	-1.457E-3	2.962E-2
9.432	-1.516E-3	3.003E-2
9.440	-1.413E-3	3.049E-2
9.449	-1.116E-3	3.090E-2
9.457	-6.117E-4	3.126E-2
9.465	-3.512E-5	3.148E-2
9.474	5.813E-4	3.159E-2
9.482	1.147E-3	3.162E-2
9.491	1.572E-3	3.150E-2
9.499	1.812E-3	3.127E-2
9.507	1.795E-3	3.102E-2
9.516	1.579E-3	3.076E-2
9.524	1.132E-3	3.053E-2
9.532	5.307E-4	3.033E-2
9.541	-1.474E-4	3.020E-2
9.549	-8.187E-4	3.013E-2
9.558	-1.397E-3	3.011E-2
9.566	-1.797E-3	3.009E-2
9.574	-1.956E-3	3.009E-2
9.583	-1.912E-3	3.014E-2
9.591	-1.562E-3	3.018E-2
9.599	-1.027E-3	3.028E-2
9.608	-3.614E-4	3.037E-2
9.616	3.544E-4	3.048E-2
9.625	1.033E-3	3.059E-2
9.633	1.544E-3	3.075E-2
9.641	1.856E-3	3.091E-2
9.650	1.939E-3	3.108E-2
9.658	1.764E-3	3.122E-2
9.666	1.377E-3	3.131E-2
9.675	8.003E-4	3.129E-2
9.683	1.497E-4	3.127E-2
9.692	-4.896E-4	3.111E-2
9.700	-1.052E-3	3.089E-2
9.708	-1.449E-3	3.059E-2
9.717	-1.646E-3	3.023E-2
9.725	-1.661E-3	2.988E-2
9.733	-1.441E-3	2.959E-2
9.742	-1.054E-3	2.939E-2
9.750	-5.472E-4	2.934E-2
9.759	-8.761E-6	2.944E-2
9.767	4.992E-4	2.970E-2
9.775	9.359E-4	3.010E-2
9.784	1.243E-3	3.058E-2
9.792	1.348E-3	3.110E-2
9.800	1.303E-3	3.160E-2
9.809	1.071E-3	3.197E-2
9.817	7.655E-4	3.214E-2
9.826	4.060E-4	3.214E-2
9.834	2.134E-5	3.193E-2
9.842	-3.038E-4	3.152E-2
9.851	-5.857E-4	3.099E-2
9.859	-7.699E-4	3.036E-2
9.868	-8.182E-4	2.973E-2
9.876	-8.129E-4	2.922E-2
9.884	-7.256E-4	2.883E-2
9.893	-5.795E-4	2.872E-2
9.901	-3.749E-4	2.884E-2
9.909	-1.747E-4	2.922E-2
9.918	2.687E-5	2.976E-2
9.926	2.127E-4	3.045E-2
9.935	3.496E-4	3.116E-2
9.943	4.792E-4	3.175E-2
9.951	5.933E-4	3.218E-2
9.960	6.244E-4	3.242E-2
9.968	6.233E-4	3.241E-2
9.976	6.227E-4	3.220E-2
9.985	6.156E-4	3.175E-2
9.993	5.225E-4	3.118E-2
10.002	3.724E-4	3.052E-2
10.010	1.666E-4	2.986E-2
10.018	-7.048E-5	2.931E-2
10.027	-3.333E-4	2.893E-2
10.035	-5.714E-4	2.877E-2
10.043	-7.936E-4	2.887E-2
10.052	-9.499E-4	2.921E-2
10.060	-9.880E-4	2.968E-2
10.069	-9.894E-4	3.026E-2
10.077	-7.704E-4	3.084E-2
10.085	-4.782E-4	3.136E-2
10.094	-9.650E-5	3.176E-2
10.102	3.269E-4	3.197E-2
10.110	7.571E-4	3.196E-2
10.119	1.118E-3	3.184E-2
10.127	1.334E-3	3.153E-2
10.136	1.416E-3	3.111E-2
10.144	1.313E-3	3.069E-2
10.152	1.030E-3	3.024E-2
10.161	5.835E-4	2.986E-2
10.169	5.003E-5	2.960E-2
10.177	-5.141E-4	2.946E-2
10.186	-1.048E-3	2.945E-2
10.194	-1.455E-3	2.962E-2
10.203	-1.690E-3	2.985E-2
10.211	-1.699E-3	3.013E-2
10.219	-1.513E-3	3.041E-2
10.228	-1.096E-3	3.073E-2
10.236	-5.228E-4	3.095E-2
10.244	1.196E-4	3.109E-2
10.253	7.763E-4	3.113E-2
10.261	1.334E-3	3.116E-2
10.270	1.732E-3	3.117E-2
10.278	1.917E-3	3.106E-2
10.286	1.888E-3	3.096E-2
10.295	1.545E-3	3.084E-2
10.303	1.035E-3	3.074E-2
10.311	3.880E-4	3.064E-2
10.320	-3.111E-4	3.057E-2
10.328	-9.572E-4	3.045E-2
10.337	-1.469E-3	3.035E-2
10.345	-1.774E-3	3.024E-2
10.353	-1.793E-3	3.013E-2
10.362	-1.661E-3	3.003E-2
10.370	-1.282E-3	2.997E-2
10.378	-7.406E-4	3.000E-2
10.387	-1.004E-4	3.003E-2
10.395	5.485E-4	3.021E-2
10.404	1.115E-3	3.043E-2
10.412	1.511E-3	3.074E-2
10.420	1.729E-3	3.103E-2
10.429	1.728E-3	3.130E-2
10.437	1.484E-3	3.154E-2
10.445	1.078E-3	3.169E-2
10.454	5.659E-4	3.170E-2
10.462	-5.089E-6	3.168E-2
10.471	-5.409E-4	3.142E-2
10.479	-9.659E-4	3.106E-2
10.487	-1.259E-3	3.060E-2
10.496	-1.364E-3	3.011E-2
10.504	-1.289E-3	2.966E-2
10.512	-1.056E-3	2.932E-2
10.521	-7.223E-4	2.914E-2
10.529	-3.377E-4	2.914E-2
10.538	7.875E-5	2.935E-2
10.546	4.592E-4	2.973E-2
10.554	7.314E-4	3.029E-2
10.563	9.270E-4	3.088E-2
10.571	1.003E-3	3.148E-2
10.580	1.009E-3	3.194E-2
10.588	8.620E-4	3.224E-2
10.596	6.531E-4	3.236E-2
10.605	4.066E-4	3.223E-2
10.613	1.578E-4	3.193E-2
10.621	-7.852E-5	3.145E-2
10.630	-2.733E-4	3.083E-2
10.638	-4.112E-4	3.015E-2
10.647	-4.939E-4	2.953E-2
10.655	-5.216E-4	2.906E-2
10.663	-5.499E-4	2.878E-2
10.672	-5.588E-4	2.876E-2
10.680	-5.569E-4	2.896E-2
10.688	-4.369E-4	2.941E-2
10.697	-3.130E-4	3.001E-2
10.705	-1.558E-4	3.068E-2
10.714	2.833E-5	3.131E-2
10.722	2.221E-4	3.181E-2
10.730	4.149E-4	3.218E-2
10.739	5.964E-4	3.233E-2
10.747	7.699E-4	3.225E-2
10.755	8.704E-4	3.199E-2
10.764	8.580E-4	3.151E-2
10.772	8.284E-4	3.095E-2
10.781	6.223E-4	3.034E-2
10.789	3.501E-4	2.978E-2
10.797	1.651E-5	2.937E-2
10.806	-3.408E-4	2.912E-2
10.814	-7.072E-4	2.911E-2
10.822	-1.033E-3	2.924E-2
10.831	-1.229E-3	2.958E-2
10.839	-1.252E-3	3.003E-2
10.848	-1.189E-3	3.053E-2
10.856	-9.176E-4	3.099E-2
10.864	-4.942E-4	3.139E-2
10.873	-2.007E-6	3.166E-2
10.881	4.841E-4	3.178E-2
10.889	9.924E-4	3.175E-2
10.898	1.390E-3	3.155E-2
10.906	1.635E-3	3.130E-2
10.915	1.661E-3	3.100E-2
10.923	1.497E-3	3.064E-2
10.931	1.114E-3	3.036E-2
10.940	5.675E-4	3.011E-2
10.948	-6.317E-5	2.992E-2
10.956	-6.818E-4	2.986E-2
