#multi:
	mass A	mass B	
t	x	x	
0.000	-4.709E-3	2.981E-2
0.008	-4.706E-3	2.984E-2
0.017	-4.707E-3	2.985E-2
0.025	-4.708E-3	2.985E-2
0.034	-4.706E-3	2.986E-2
0.042	-4.705E-3	2.986E-2
0.050	-4.702E-3	2.985E-2
0.059	-4.706E-3	2.986E-2
0.067	-4.706E-3	2.985E-2
0.075	-4.705E-3	2.985E-2
0.084	-4.704E-3	2.984E-2
0.092	-4.705E-3	2.983E-2
0.101	-4.702E-3	2.981E-2
0.109	-4.705E-3	2.982E-2
0.117	-4.705E-3	2.982E-2
0.126	-4.705E-3	2.983E-2
0.134	-4.705E-3	2.983E-2
0.142	-4.705E-3	2.983E-2
0.151	-4.705E-3	2.983E-2
0.159	-4.705E-3	2.984E-2
0.168	-4.703E-3	2.984E-2
0.176	-4.699E-3	2.985E-2
0.184	-4.700E-3	2.985E-2
0.193	-4.700E-3	2.985E-2
0.201	-4.699E-3	2.985E-2
0.209	-4.700E-3	2.985E-2
0.218	-4.700E-3	2.985E-2
0.226	-4.668E-3	2.984E-2
0.235	-4.605E-3	2.984E-2
0.243	-4.518E-3	2.983E-2
0.251	-4.369E-3	2.983E-2
0.260	-4.226E-3	2.983E-2
0.268	-4.042E-3	2.983E-2
0.276	-3.801E-3	2.984E-2
0.285	-3.545E-3	2.988E-2
0.293	-3.246E-3	2.990E-2
0.302	-2.857E-3	2.999E-2
0.310	-2.328E-3	3.007E-2
0.318	-1.573E-3	3.015E-2
0.327	-6.513E-4	3.025E-2
0.335	3.659E-4	3.036E-2
0.343	1.350E-3	3.052E-2
0.352	2.084E-3	3.073E-2
0.360	2.618E-3	3.097E-2
0.369	2.791E-3	3.122E-2
0.377	2.560E-3	3.147E-2
0.385	2.037E-3	3.165E-2
0.394	1.240E-3	3.172E-2
0.402	3.147E-4	3.171E-2
0.410	-5.678E-4	3.149E-2
0.419	-1.422E-3	3.117E-2
0.427	-1.998E-3	3.074E-2
0.436	-2.280E-3	3.024E-2
0.444	-2.256E-3	2.972E-2
0.452	-1.971E-3	2.927E-2
0.461	-1.428E-3	2.895E-2
0.469	-7.914E-4	2.883E-2
0.477	1.698E-5	2.895E-2
0.486	7.851E-4	2.933E-2
0.494	1.343E-3	2.989E-2
0.503	1.743E-3	3.060E-2
0.511	1.930E-3	3.138E-2
0.519	1.869E-3	3.209E-2
0.528	1.636E-3	3.263E-2
0.536	1.235E-3	3.293E-2
0.544	7.139E-4	3.298E-2
0.553	2.184E-4	3.276E-2
0.561	-3.171E-4	3.221E-2
0.570	-7.099E-4	3.148E-2
0.578	-9.827E-4	3.058E-2
0.586	-1.154E-3	2.966E-2
0.595	-1.185E-3	2.884E-2
0.603	-1.025E-3	2.827E-2
0.611	-8.349E-4	2.801E-2
0.620	-5.555E-4	2.812E-2
0.628	-2.970E-4	2.866E-2
0.637	-7.567E-5	2.944E-2
0.645	1.748E-4	3.035E-2
0.653	3.533E-4	3.135E-2
0.662	5.347E-4	3.221E-2
0.670	7.120E-4	3.288E-2
0.678	8.210E-4	3.328E-2
0.687	8.600E-4	3.331E-2
0.695	8.644E-4	3.307E-2
0.704	8.501E-4	3.251E-2
0.712	7.412E-4	3.172E-2
0.720	5.763E-4	3.078E-2
0.729	3.040E-4	2.982E-2
0.737	1.333E-5	2.896E-2
0.746	-3.509E-4	2.837E-2
0.754	-7.551E-4	2.811E-2
0.762	-1.061E-3	2.825E-2
0.771	-1.324E-3	2.870E-2
0.779	-1.444E-3	2.939E-2
0.787	-1.417E-3	3.020E-2
0.796	-1.170E-3	3.106E-2
0.804	-7.770E-4	3.176E-2
0.813	-2.116E-4	3.239E-2
0.821	3.777E-4	3.271E-2
0.829	1.008E-3	3.282E-2
0.838	1.564E-3	3.263E-2
0.846	1.907E-3	3.220E-2
0.854	2.103E-3	3.163E-2
0.863	2.021E-3	3.099E-2
0.871	1.621E-3	3.033E-2
0.880	1.059E-3	2.975E-2
0.888	2.590E-4	2.938E-2
0.896	-5.712E-4	2.919E-2
0.905	-1.346E-3	2.918E-2
0.913	-1.973E-3	2.938E-2
0.921	-2.356E-3	2.968E-2
0.930	-2.380E-3	3.008E-2
0.938	-2.193E-3	3.049E-2
0.947	-1.661E-3	3.084E-2
0.955	-8.947E-4	3.114E-2
0.963	3.815E-5	3.134E-2
0.972	9.841E-4	3.147E-2
0.980	1.848E-3	3.146E-2
0.988	2.444E-3	3.143E-2
0.997	2.784E-3	3.129E-2
1.005	2.813E-3	3.117E-2
1.014	2.393E-3	3.104E-2
1.022	1.705E-3	3.094E-2
1.030	7.976E-4	3.080E-2
1.039	-2.181E-4	3.070E-2
1.047	-1.103E-3	3.057E-2
1.055	-1.890E-3	3.037E-2
1.064	-2.381E-3	3.020E-2
1.072	-2.536E-3	3.005E-2
1.081	-2.412E-3	2.988E-2
1.089	-1.925E-3	2.976E-2
1.097	-1.160E-3	2.976E-2
1.106	-3.130E-4	2.978E-2
1.114	6.277E-4	2.994E-2
1.122	1.437E-3	3.026E-2
1.131	2.064E-3	3.060E-2
1.139	2.402E-3	3.105E-2
1.148	2.410E-3	3.149E-2
1.156	2.137E-3	3.188E-2
1.164	1.648E-3	3.215E-2
1.173	9.205E-4	3.225E-2
1.181	1.855E-4	3.218E-2
1.189	-5.730E-4	3.191E-2
1.198	-1.218E-3	3.143E-2
1.206	-1.656E-3	3.081E-2
1.215	-1.864E-3	3.013E-2
1.223	-1.890E-3	2.945E-2
1.231	-1.572E-3	2.891E-2
1.240	-1.125E-3	2.854E-2
1.248	-5.644E-4	2.846E-2
1.256	4.986E-5	2.872E-2
1.265	5.690E-4	2.921E-2
1.273	9.773E-4	2.992E-2
1.282	1.277E-3	3.078E-2
1.290	1.361E-3	3.162E-2
1.298	1.334E-3	3.235E-2
1.307	1.169E-3	3.285E-2
1.315	9.154E-4	3.308E-2
1.323	5.960E-4	3.302E-2
1.332	2.776E-4	3.264E-2
1.340	-5.093E-5	3.198E-2
1.349	-3.028E-4	3.116E-2
1.357	-5.273E-4	3.024E-2
1.365	-6.579E-4	2.934E-2
1.374	-6.518E-4	2.857E-2
1.382	-6.715E-4	2.814E-2
1.391	-6.664E-4	2.803E-2
1.399	-6.408E-4	2.830E-2
1.407	-5.894E-4	2.891E-2
1.416	-4.160E-4	2.973E-2
1.424	-2.095E-4	3.070E-2
1.432	1.612E-5	3.159E-2
1.441	3.251E-4	3.239E-2
1.449	6.075E-4	3.290E-2
1.458	8.761E-4	3.313E-2
1.466	1.152E-3	3.309E-2
1.474	1.345E-3	3.270E-2
1.483	1.361E-3	3.213E-2
1.491	1.329E-3	3.135E-2
1.499	1.091E-3	3.053E-2
1.508	7.513E-4	2.968E-2
1.516	3.089E-4	2.900E-2
1.525	-2.811E-4	2.858E-2
1.533	-8.116E-4	2.849E-2
1.541	-1.290E-3	2.870E-2
1.550	-1.649E-3	2.914E-2
1.558	-1.777E-3	2.972E-2
1.566	-1.704E-3	3.046E-2
1.575	-1.368E-3	3.109E-2
1.583	-8.037E-4	3.169E-2
1.592	-1.337E-4	3.210E-2
1.600	5.950E-4	3.231E-2
1.608	1.343E-3	3.233E-2
1.617	1.916E-3	3.215E-2
1.625	2.288E-3	3.176E-2
1.633	2.399E-3	3.129E-2
1.642	2.187E-3	3.082E-2
1.650	1.710E-3	3.036E-2
1.659	9.766E-4	3.002E-2
1.667	1.087E-4	2.982E-2
1.675	-7.633E-4	2.969E-2
1.684	-1.577E-3	2.975E-2
1.692	-2.164E-3	2.985E-2
1.700	-2.455E-3	3.003E-2
1.709	-2.438E-3	3.021E-2
1.717	-2.105E-3	3.037E-2
1.726	-1.472E-3	3.057E-2
1.734	-6.321E-4	3.073E-2
1.742	3.088E-4	3.082E-2
1.751	1.248E-3	3.094E-2
1.759	2.006E-3	3.104E-2
1.767	2.478E-3	3.112E-2
1.776	2.676E-3	3.123E-2
1.784	2.513E-3	3.129E-2
1.793	1.999E-3	3.136E-2
1.801	1.278E-3	3.140E-2
1.809	3.740E-4	3.142E-2
1.818	-5.229E-4	3.125E-2
1.826	-1.356E-3	3.102E-2
1.834	-1.954E-3	3.072E-2
1.843	-2.294E-3	3.034E-2
1.851	-2.280E-3	2.998E-2
1.860	-2.049E-3	2.964E-2
1.868	-1.518E-3	2.941E-2
1.876	-8.182E-4	2.929E-2
1.885	-1.431E-5	2.937E-2
1.893	7.546E-4	2.963E-2
1.901	1.409E-3	3.006E-2
1.910	1.884E-3	3.060E-2
1.918	2.129E-3	3.122E-2
1.927	2.123E-3	3.175E-2
1.935	1.795E-3	3.221E-2
1.943	1.329E-3	3.251E-2
1.952	7.348E-4	3.259E-2
1.960	1.325E-4	3.243E-2
1.968	-4.320E-4	3.198E-2
1.977	-8.641E-4	3.137E-2
1.985	-1.149E-3	3.064E-2
1.994	-1.305E-3	2.988E-2
2.002	-1.282E-3	2.915E-2
2.010	-1.041E-3	2.859E-2
2.019	-7.452E-4	2.830E-2
2.027	-3.810E-4	2.831E-2
2.035	-1.383E-6	2.872E-2
2.044	3.143E-4	2.939E-2
2.052	5.842E-4	3.022E-2
2.061	7.946E-4	3.112E-2
2.069	8.852E-4	3.197E-2
2.077	8.976E-4	3.263E-2
2.086	8.756E-4	3.304E-2
2.094	8.517E-4	3.313E-2
2.103	7.279E-4	3.295E-2
2.111	5.964E-4	3.249E-2
2.119	4.144E-4	3.176E-2
2.128	2.374E-4	3.089E-2
2.136	4.865E-5	2.999E-2
2.144	-1.487E-4	2.918E-2
2.153	-3.690E-4	2.852E-2
2.161	-5.941E-4	2.821E-2
2.170	-7.752E-4	2.823E-2
2.178	-9.196E-4	2.863E-2
2.186	-9.759E-4	2.929E-2
2.195	-9.929E-4	3.011E-2
2.203	-7.810E-4	3.097E-2
2.211	-4.909E-4	3.173E-2
2.220	-8.764E-5	3.234E-2
2.228	3.736E-4	3.271E-2
2.237	8.268E-4	3.288E-2
2.245	1.255E-3	3.269E-2
2.253	1.543E-3	3.236E-2
2.262	1.677E-3	3.175E-2
2.270	1.666E-3	3.104E-2
2.278	1.347E-3	3.032E-2
2.287	8.579E-4	2.967E-2
2.295	2.359E-4	2.921E-2
2.304	-4.384E-4	2.894E-2
2.312	-1.070E-3	2.894E-2
2.320	-1.633E-3	2.916E-2
2.329	-1.989E-3	2.952E-2
2.337	-2.066E-3	3.001E-2
2.345	-1.901E-3	3.053E-2
2.354	-1.484E-3	3.099E-2
2.362	-8.377E-4	3.136E-2
2.371	-5.055E-5	3.162E-2
2.379	7.793E-4	3.174E-2
2.387	1.564E-3	3.172E-2
2.396	2.134E-3	3.155E-2
2.404	2.458E-3	3.136E-2
2.412	2.444E-3	3.115E-2
2.421	2.156E-3	3.090E-2
2.429	1.562E-3	3.071E-2
2.438	7.476E-4	3.053E-2
2.446	-1.459E-4	3.036E-2
2.454	-1.032E-3	3.027E-2
2.463	-1.762E-3	3.020E-2
2.471	-2.256E-3	3.021E-2
2.479	-2.426E-3	3.017E-2
2.488	-2.313E-3	3.018E-2
2.496	-1.904E-3	3.019E-2
2.505	-1.234E-3	3.020E-2
2.513	-3.984E-4	3.026E-2
2.521	5.189E-4	3.036E-2
2.530	1.352E-3	3.053E-2
2.538	1.973E-3	3.076E-2
2.546	2.363E-3	3.103E-2
2.555	2.439E-3	3.129E-2
2.563	2.193E-3	3.157E-2
2.572	1.690E-3	3.176E-2
2.580	9.863E-4	3.182E-2
2.588	1.820E-4	3.183E-2
2.597	-5.842E-4	3.162E-2
2.605	-1.259E-3	3.125E-2
2.613	-1.715E-3	3.078E-2
2.622	-1.952E-3	3.025E-2
2.630	-1.946E-3	2.969E-2
2.639	-1.668E-3	2.929E-2
2.647	-1.200E-3	2.899E-2
2.655	-5.993E-4	2.888E-2
2.664	4.341E-5	2.901E-2
2.672	6.461E-4	2.943E-2
2.680	1.112E-3	3.002E-2
2.689	1.437E-3	3.075E-2
2.697	1.540E-3	3.148E-2
2.706	1.509E-3	3.211E-2
2.714	1.264E-3	3.258E-2
2.722	9.401E-4	3.284E-2
2.731	5.497E-4	3.282E-2
2.739	1.406E-4	3.251E-2
2.747	-2.506E-4	3.197E-2
2.756	-5.662E-4	3.125E-2
2.764	-7.760E-4	3.037E-2
2.773	-8.518E-4	2.959E-2
2.781	-8.436E-4	2.884E-2
2.789	-8.180E-4	2.837E-2
2.798	-6.699E-4	2.822E-2
2.806	-4.953E-4	2.839E-2
2.815	-3.343E-4	2.892E-2
2.823	-1.474E-4	2.966E-2
2.831	5.150E-5	3.054E-2
2.840	2.518E-4	3.143E-2
2.848	4.513E-4	3.218E-2
2.856	6.009E-4	3.271E-2
2.865	7.646E-4	3.304E-2
2.873	8.803E-4	3.304E-2
2.882	9.202E-4	3.273E-2
2.890	9.570E-4	3.219E-2
2.898	9.122E-4	3.147E-2
2.907	7.266E-4	3.059E-2
2.915	4.576E-4	2.977E-2
2.923	1.082E-4	2.907E-2
2.932	-2.871E-4	2.862E-2
2.940	-6.927E-4	2.847E-2
2.949	-1.064E-3	2.860E-2
2.957	-1.316E-3	2.905E-2
2.965	-1.413E-3	2.967E-2
2.974	-1.411E-3	3.036E-2
2.982	-1.131E-3	3.106E-2
2.990	-7.003E-4	3.169E-2
2.999	-1.631E-4	3.214E-2
3.007	4.257E-4	3.239E-2
3.016	1.013E-3	3.239E-2
3.024	1.521E-3	3.220E-2
3.032	1.869E-3	3.184E-2
3.041	1.982E-3	3.136E-2
3.049	1.859E-3	3.082E-2
3.057	1.485E-3	3.031E-2
3.066	8.956E-4	2.987E-2
3.074	1.060E-4	2.959E-2
3.083	-6.651E-4	2.944E-2
3.091	-1.372E-3	2.943E-2
3.099	-1.913E-3	2.963E-2
3.108	-2.219E-3	2.987E-2
3.116	-2.211E-3	3.014E-2
3.124	-1.954E-3	3.044E-2
3.133	-1.426E-3	3.076E-2
3.141	-6.811E-4	3.098E-2
3.150	1.558E-4	3.112E-2
3.158	9.885E-4	3.121E-2
3.166	1.749E-3	3.122E-2
3.175	2.263E-3	3.123E-2
3.183	2.474E-3	3.122E-2
3.191	2.376E-3	3.119E-2
3.200	1.968E-3	3.115E-2
3.208	1.285E-3	3.106E-2
3.217	4.712E-4	3.099E-2
3.225	-3.863E-4	3.084E-2
3.233	-1.176E-3	3.069E-2
3.242	-1.807E-3	3.053E-2
3.250	-2.196E-3	3.031E-2
3.258	-2.287E-3	3.009E-2
3.267	-2.061E-3	2.988E-2
3.275	-1.536E-3	2.973E-2
3.284	-8.603E-4	2.968E-2
3.292	-6.117E-5	2.967E-2
3.300	7.246E-4	2.988E-2
3.309	1.416E-3	3.016E-2
3.317	1.954E-3	3.060E-2
3.325	2.189E-3	3.105E-2
3.334	2.180E-3	3.150E-2
3.342	1.897E-3	3.191E-2
3.351	1.429E-3	3.215E-2
3.359	8.068E-4	3.219E-2
3.367	1.301E-4	3.210E-2
3.376	-4.973E-4	3.175E-2
3.384	-1.014E-3	3.127E-2
3.392	-1.343E-3	3.068E-2
3.401	-1.465E-3	3.004E-2
3.409	-1.462E-3	2.942E-2
3.418	-1.172E-3	2.892E-2
3.426	-8.133E-4	2.864E-2
3.434	-3.459E-4	2.867E-2
3.443	9.476E-5	2.894E-2
3.451	5.262E-4	2.945E-2
3.459	8.568E-4	3.014E-2
3.468	1.057E-3	3.097E-2
3.476	1.085E-3	3.173E-2
3.485	1.083E-3	3.237E-2
3.493	9.829E-4	3.277E-2
3.501	8.201E-4	3.291E-2
3.510	6.029E-4	3.280E-2
3.518	3.646E-4	3.241E-2
3.527	1.255E-4	3.175E-2
3.535	-7.475E-5	3.097E-2
3.543	-2.702E-4	3.011E-2
3.552	-4.211E-4	2.931E-2
3.560	-5.265E-4	2.869E-2
3.568	-6.264E-4	2.830E-2
3.577	-6.180E-4	2.829E-2
3.585	-6.407E-4	2.857E-2
3.594	-6.202E-4	2.920E-2
3.602	-5.261E-4	2.996E-2
3.610	-3.605E-4	3.082E-2
3.619	-1.310E-4	3.159E-2
3.627	1.637E-4	3.221E-2
3.635	4.637E-4	3.264E-2
3.644	8.133E-4	3.282E-2
3.652	1.092E-3	3.267E-2
3.661	1.277E-3	3.234E-2
3.669	1.316E-3	3.175E-2
3.677	1.296E-3	3.105E-2
3.686	1.044E-3	3.031E-2
3.694	6.644E-4	2.963E-2
3.702	1.603E-4	2.911E-2
3.711	-3.895E-4	2.879E-2
3.719	-8.867E-4	2.883E-2
3.728	-1.328E-3	2.901E-2
3.736	-1.648E-3	2.944E-2
3.744	-1.715E-3	2.995E-2
3.753	-1.645E-3	3.057E-2
3.761	-1.297E-3	3.106E-2
3.769	-7.600E-4	3.150E-2
3.778	-9.266E-5	3.178E-2
3.786	6.268E-4	3.195E-2
3.795	1.269E-3	3.194E-2
3.803	1.797E-3	3.174E-2
3.811	2.103E-3	3.146E-2
3.820	2.162E-3	3.107E-2
3.828	1.947E-3	3.073E-2
3.836	1.436E-3	3.038E-2
3.845	7.354E-4	3.013E-2
3.853	-7.966E-5	2.995E-2
3.862	-8.764E-4	2.990E-2
3.870	-1.578E-3	2.989E-2
3.878	-2.044E-3	2.990E-2
3.887	-2.246E-3	2.999E-2
3.895	-2.185E-3	3.012E-2
3.903	-1.783E-3	3.024E-2
3.912	-1.171E-3	3.034E-2
3.920	-4.039E-4	3.046E-2
3.929	4.477E-4	3.058E-2
3.937	1.234E-3	3.069E-2
3.945	1.901E-3	3.082E-2
3.954	2.317E-3	3.098E-2
3.962	2.441E-3	3.113E-2
3.970	2.219E-3	3.127E-2
3.979	1.736E-3	3.139E-2
3.987	1.042E-3	3.142E-2
3.996	2.564E-4	3.143E-2
4.004	-5.183E-4	3.125E-2
4.012	-1.213E-3	3.100E-2
4.021	-1.727E-3	3.065E-2
4.029	-1.977E-3	3.029E-2
4.037	-1.971E-3	2.989E-2
4.046	-1.704E-3	2.956E-2
4.054	-1.245E-3	2.935E-2
4.063	-6.093E-4	2.925E-2
4.071	9.599E-5	2.939E-2
4.079	7.355E-4	2.967E-2
4.088	1.291E-3	3.011E-2
4.096	1.654E-3	3.069E-2
4.104	1.781E-3	3.128E-2
4.113	1.730E-3	3.183E-2
4.121	1.456E-3	3.222E-2
4.130	1.035E-3	3.245E-2
4.138	5.615E-4	3.250E-2
4.146	7.407E-5	3.232E-2
4.155	-3.825E-4	3.190E-2
4.163	-7.295E-4	3.126E-2
4.172	-9.714E-4	3.054E-2
4.180	-1.040E-3	2.981E-2
4.188	-1.037E-3	2.916E-2
4.197	-8.604E-4	2.869E-2
4.205	-6.217E-4	2.849E-2
4.213	-3.411E-4	2.859E-2
4.222	-7.570E-5	2.900E-2
4.230	1.615E-4	2.968E-2
4.239	3.694E-4	3.049E-2
4.247	5.421E-4	3.129E-2
4.255	6.710E-4	3.199E-2
4.264	7.206E-4	3.256E-2
4.272	7.609E-4	3.288E-2
4.280	7.723E-4	3.288E-2
4.289	7.779E-4	3.266E-2
4.297	6.771E-4	3.217E-2
4.306	5.329E-4	3.147E-2
4.314	3.669E-4	3.066E-2
4.322	1.606E-4	2.987E-2
4.331	-8.928E-5	2.916E-2
4.339	-3.614E-4	2.866E-2
4.347	-5.973E-4	2.846E-2
4.356	-8.247E-4	2.854E-2
4.364	-9.853E-4	2.895E-2
4.373	-1.014E-3	2.957E-2
4.381	-1.015E-3	3.030E-2
4.389	-7.865E-4	3.103E-2
4.398	-4.827E-4	3.167E-2
4.406	-8.319E-5	3.217E-2
4.414	3.808E-4	3.244E-2
4.423	8.550E-4	3.243E-2
4.431	1.248E-3	3.232E-2
4.440	1.531E-3	3.194E-2
4.448	1.632E-3	3.143E-2
4.456	1.550E-3	3.082E-2
4.465	1.238E-3	3.020E-2
4.473	7.419E-4	2.972E-2
4.481	1.259E-4	2.941E-2
4.490	-5.568E-4	2.922E-2
4.498	-1.143E-3	2.922E-2
4.507	-1.634E-3	2.942E-2
4.515	-1.951E-3	2.973E-2
4.523	-1.963E-3	3.014E-2
4.532	-1.775E-3	3.055E-2
4.540	-1.310E-3	3.090E-2
4.548	-6.490E-4	3.121E-2
4.557	1.123E-4	3.139E-2
4.565	8.792E-4	3.146E-2
4.574	1.566E-3	3.146E-2
4.582	2.045E-3	3.137E-2
4.590	2.256E-3	3.124E-2
4.599	2.226E-3	3.105E-2
4.607	1.849E-3	3.087E-2
4.615	1.258E-3	3.076E-2
4.624	5.148E-4	3.060E-2
4.632	-3.299E-4	3.051E-2
4.641	-1.088E-3	3.038E-2
4.649	-1.725E-3	3.030E-2
4.657	-2.126E-3	3.017E-2
4.666	-2.240E-3	3.013E-2
4.674	-2.056E-3	3.005E-2
4.682	-1.590E-3	3.004E-2
4.691	-9.118E-4	3.005E-2
4.699	-1.217E-4	3.005E-2
4.708	6.755E-4	3.020E-2
4.716	1.369E-3	3.042E-2
4.724	1.864E-3	3.073E-2
4.733	2.169E-3	3.104E-2
4.741	2.174E-3	3.134E-2
4.749	1.905E-3	3.165E-2
4.758	1.436E-3	3.185E-2
4.766	8.051E-4	3.192E-2
4.775	9.407E-5	3.184E-2
4.783	-5.570E-4	3.156E-2
4.791	-1.108E-3	3.122E-2
4.800	-1.471E-3	3.074E-2
4.808	-1.629E-3	3.021E-2
4.816	-1.635E-3	2.969E-2
4.825	-1.324E-3	2.925E-2
4.833	-8.946E-4	2.900E-2
4.842	-3.538E-4	2.897E-2
4.850	1.892E-4	2.917E-2
4.858	6.380E-4	2.960E-2
4.867	1.006E-3	3.017E-2
4.875	1.233E-3	3.090E-2
4.884	1.313E-3	3.156E-2
4.892	1.284E-3	3.218E-2
4.900	1.069E-3	3.258E-2
4.909	7.917E-4	3.274E-2
4.917	4.508E-4	3.267E-2
4.925	1.118E-4	3.234E-2
4.934	-1.634E-4	3.175E-2
4.942	-3.833E-4	3.105E-2
4.951	-5.607E-4	3.026E-2
4.959	-6.167E-4	2.951E-2
4.967	-6.445E-4	2.893E-2
4.976	-6.222E-4	2.851E-2
4.984	-5.719E-4	2.846E-2
4.992	-4.582E-4	2.871E-2
5.001	-3.180E-4	2.921E-2
5.009	-1.723E-4	2.990E-2
5.018	-7.177E-6	3.072E-2
5.026	1.506E-4	3.150E-2
5.034	3.494E-4	3.215E-2
5.043	5.539E-4	3.259E-2
5.051	7.473E-4	3.279E-2
5.059	9.259E-4	3.274E-2
5.068	1.028E-3	3.242E-2
5.076	1.034E-3	3.188E-2
5.085	1.022E-3	3.120E-2
5.093	8.036E-4	3.042E-2
5.101	5.240E-4	2.972E-2
5.110	1.704E-4	2.919E-2
5.118	-2.688E-4	2.884E-2
5.126	-6.916E-4	2.877E-2
5.135	-1.063E-3	2.898E-2
5.143	-1.290E-3	2.939E-2
5.152	-1.331E-3	2.992E-2
5.160	-1.268E-3	3.057E-2
5.168	-9.869E-4	3.114E-2
5.177	-5.659E-4	3.165E-2
5.185	-6.490E-7	3.199E-2
5.193	5.524E-4	3.216E-2
5.202	1.163E-3	3.215E-2
5.210	1.630E-3	3.193E-2
5.219	1.935E-3	3.157E-2
5.227	1.951E-3	3.119E-2
5.235	1.822E-3	3.074E-2
5.244	1.394E-3	3.032E-2
5.252	7.897E-4	3.001E-2
5.260	5.190E-5	2.981E-2
5.269	-6.782E-4	2.977E-2
5.277	-1.282E-3	2.978E-2
5.286	-1.752E-3	2.990E-2
5.294	-1.968E-3	3.010E-2
5.302	-1.963E-3	3.031E-2
5.311	-1.633E-3	3.054E-2
5.319	-1.087E-3	3.074E-2
5.327	-3.834E-4	3.087E-2
5.336	4.106E-4	3.102E-2
5.344	1.181E-3	3.106E-2
5.353	1.814E-3	3.105E-2
5.361	2.198E-3	3.106E-2
5.369	2.325E-3	3.106E-2
5.378	2.195E-3	3.106E-2
5.386	1.739E-3	3.105E-2
5.394	1.108E-3	3.104E-2
5.403	3.184E-4	3.101E-2
5.411	-4.572E-4	3.084E-2
5.420	-1.120E-3	3.068E-2
5.428	-1.626E-3	3.049E-2
5.436	-1.926E-3	3.025E-2
5.445	-1.936E-3	3.000E-2
5.453	-1.703E-3	2.980E-2
5.461	-1.247E-3	2.965E-2
5.470	-6.014E-4	2.961E-2
5.478	1.001E-4	2.965E-2
5.487	7.696E-4	2.988E-2
5.495	1.364E-3	3.021E-2
5.503	1.709E-3	3.066E-2
5.512	1.892E-3	3.116E-2
5.520	1.856E-3	3.162E-2
5.528	1.582E-3	3.197E-2
5.537	1.098E-3	3.217E-2
5.545	5.546E-4	3.217E-2
5.554	1.318E-5	3.203E-2
5.562	-4.892E-4	3.170E-2
5.570	-8.882E-4	3.120E-2
5.579	-1.123E-3	3.059E-2
5.587	-1.192E-3	2.992E-2
5.596	-1.115E-3	2.937E-2
5.604	-8.602E-4	2.893E-2
5.612	-5.489E-4	2.873E-2
5.621	-1.843E-4	2.875E-2
5.629	1.846E-4	2.912E-2
5.637	5.091E-4	2.966E-2
5.646	7.756E-4	3.036E-2
5.654	9.476E-4	3.109E-2
5.663	1.025E-3	3.180E-2
5.671	1.030E-3	3.238E-2
5.679	1.024E-3	3.266E-2
5.688	8.527E-4	3.275E-2
5.696	6.771E-4	3.259E-2
5.704	5.088E-4	3.217E-2
5.713	3.467E-4	3.151E-2
5.721	1.617E-4	3.078E-2
5.730	-1.751E-5	2.998E-2
5.738	-1.751E-4	2.933E-2
5.746	-3.148E-4	2.878E-2
5.755	-4.341E-4	2.855E-2
5.763	-4.887E-4	2.867E-2
5.771	-5.461E-4	2.900E-2
5.780	-5.672E-4	2.959E-2
5.788	-5.582E-4	3.029E-2
5.797	-3.347E-4	3.103E-2
5.805	-1.078E-4	3.171E-2
5.813	1.953E-4	3.219E-2
5.822	5.367E-4	3.254E-2
5.830	8.725E-4	3.262E-2
5.838	1.155E-3	3.244E-2
5.847	1.371E-3	3.209E-2
5.855	1.369E-3	3.153E-2
5.864	1.307E-3	3.091E-2
5.872	1.043E-3	3.029E-2
5.880	6.240E-4	2.969E-2
5.889	1.210E-4	2.932E-2
5.897	-4.064E-4	2.914E-2
5.905	-9.242E-4	2.915E-2
5.914	-1.378E-3	2.939E-2
5.922	-1.650E-3	2.975E-2
5.931	-1.677E-3	3.023E-2
5.939	-1.544E-3	3.073E-2
5.947	-1.166E-3	3.116E-2
5.956	-6.204E-4	3.149E-2
5.964	4.343E-5	3.171E-2
5.972	7.406E-4	3.176E-2
5.981	1.357E-3	3.173E-2
5.989	1.775E-3	3.153E-2
5.998	2.016E-3	3.128E-2
6.006	1.986E-3	3.102E-2
6.014	1.685E-3	3.076E-2
6.023	1.189E-3	3.053E-2
6.031	4.896E-4	3.033E-2
6.039	-2.545E-4	3.021E-2
6.048	-1.001E-3	3.015E-2
6.056	-1.586E-3	3.013E-2
6.065	-1.962E-3	3.012E-2
6.073	-2.109E-3	3.011E-2
6.081	-1.978E-3	3.015E-2
6.090	-1.548E-3	3.015E-2
6.098	-9.653E-4	3.032E-2
6.106	-2.194E-4	3.036E-2
6.115	5.582E-4	3.051E-2
6.123	1.265E-3	3.061E-2
6.132	1.788E-3	3.077E-2
6.140	2.105E-3	3.097E-2
6.148	2.129E-3	3.117E-2
6.157	1.905E-3	3.130E-2
6.165	1.428E-3	3.148E-2
6.173	7.971E-4	3.148E-2
6.182	1.018E-4	3.148E-2
6.190	-5.863E-4	3.126E-2
6.199	-1.146E-3	3.099E-2
6.207	-1.518E-3	3.061E-2
6.215	-1.703E-3	3.020E-2
6.224	-1.681E-3	2.984E-2
6.232	-1.363E-3	2.952E-2
6.240	-8.665E-4	2.934E-2
6.249	-3.149E-4	2.934E-2
6.257	2.831E-4	2.944E-2
6.266	8.121E-4	2.979E-2
6.274	1.240E-3	3.028E-2
6.282	1.522E-3	3.082E-2
6.291	1.570E-3	3.141E-2
6.299	1.476E-3	3.193E-2
6.308	1.238E-3	3.227E-2
6.316	8.762E-4	3.245E-2
6.324	4.410E-4	3.243E-2
6.333	2.187E-5	3.215E-2
6.341	-3.121E-4	3.168E-2
6.349	-5.864E-4	3.105E-2
6.358	-7.525E-4	3.035E-2
6.366	-8.187E-4	2.966E-2
6.375	-8.146E-4	2.911E-2
6.383	-6.726E-4	2.873E-2
6.391	-4.892E-4	2.863E-2
6.400	-2.927E-4	2.881E-2
6.408	-1.177E-4	2.931E-2
6.416	8.982E-5	2.993E-2
6.425	2.752E-4	3.074E-2
6.433	4.109E-4	3.148E-2
6.442	5.305E-4	3.212E-2
6.450	6.463E-4	3.258E-2
6.458	6.305E-4	3.281E-2
6.467	6.403E-4	3.281E-2
6.475	6.333E-4	3.249E-2
6.483	6.283E-4	3.198E-2
6.492	5.417E-4	3.129E-2
6.500	3.664E-4	3.057E-2
6.509	1.461E-4	2.985E-2
6.517	-1.041E-4	2.923E-2
6.525	-3.743E-4	2.886E-2
6.534	-6.402E-4	2.875E-2
6.542	-8.591E-4	2.893E-2
6.550	-1.017E-3	2.934E-2
6.559	-1.026E-3	2.989E-2
6.567	-1.023E-3	3.054E-2
6.576	-7.476E-4	3.118E-2
6.584	-4.002E-4	3.171E-2
6.592	4.542E-5	3.211E-2
6.601	5.361E-4	3.231E-2
6.609	1.011E-3	3.234E-2
6.617	1.347E-3	3.214E-2
6.626	1.567E-3	3.174E-2
6.634	1.561E-3	3.126E-2
6.643	1.459E-3	3.076E-2
6.651	1.116E-3	3.027E-2
6.659	5.976E-4	2.986E-2
6.668	-2.591E-5	2.963E-2
6.676	-6.478E-4	2.953E-2
6.684	-1.208E-3	2.961E-2
6.693	-1.657E-3	2.981E-2
6.701	-1.894E-3	3.008E-2
6.710	-1.904E-3	3.036E-2
6.718	-1.617E-3	3.071E-2
6.726	-1.161E-3	3.099E-2
6.735	-5.359E-4	3.121E-2
6.743	1.894E-4	3.129E-2
6.751	9.067E-4	3.128E-2
6.760	1.457E-3	3.127E-2
6.768	1.883E-3	3.123E-2
6.777	2.059E-3	3.115E-2
6.785	1.914E-3	3.106E-2
6.793	1.532E-3	3.096E-2
6.802	9.576E-4	3.082E-2
6.810	2.333E-4	3.075E-2
6.818	-4.842E-4	3.066E-2
6.827	-1.191E-3	3.057E-2
6.835	-1.722E-3	3.043E-2
6.844	-2.005E-3	3.032E-2
6.852	-1.990E-3	3.018E-2
6.860	-1.778E-3	3.011E-2
6.869	-1.320E-3	3.005E-2
6.877	-6.605E-4	3.006E-2
6.885	4.649E-5	3.010E-2
6.894	7.464E-4	3.027E-2
6.902	1.354E-3	3.052E-2
6.911	1.740E-3	3.080E-2
6.919	1.920E-3	3.115E-2
6.927	1.915E-3	3.148E-2
6.936	1.581E-3	3.173E-2
6.944	1.078E-3	3.191E-2
6.953	4.942E-4	3.192E-2
6.961	-7.537E-5	3.179E-2
6.969	-6.292E-4	3.152E-2
6.978	-1.048E-3	3.114E-2
6.986	-1.338E-3	3.064E-2
6.994	-1.380E-3	3.013E-2
7.003	-1.325E-3	2.965E-2
7.011	-1.024E-3	2.926E-2
7.020	-6.415E-4	2.912E-2
7.028	-2.072E-4	2.912E-2
7.036	2.676E-4	2.940E-2
7.045	6.517E-4	2.985E-2
7.053	9.219E-4	3.045E-2
7.061	1.103E-3	3.111E-2
7.070	1.092E-3	3.173E-2
7.078	1.072E-3	3.221E-2
7.087	8.836E-4	3.255E-2
7.095	6.332E-4	3.264E-2
7.103	3.729E-4	3.249E-2
7.112	1.315E-4	3.214E-2
7.120	-1.061E-4	3.157E-2
7.128	-2.920E-4	3.089E-2
7.137	-4.342E-4	3.016E-2
7.145	-5.143E-4	2.953E-2
7.154	-5.335E-4	2.900E-2
7.162	-5.513E-4	2.877E-2
7.170	-5.585E-4	2.875E-2
7.179	-5.594E-4	2.907E-2
7.187	-4.712E-4	2.962E-2
7.195	-3.507E-4	3.028E-2
7.204	-1.797E-4	3.102E-2
7.212	-9.976E-7	3.169E-2
7.221	2.088E-4	3.219E-2
7.229	4.089E-4	3.255E-2
7.237	6.200E-4	3.265E-2
7.246	7.928E-4	3.254E-2
7.254	8.999E-4	3.218E-2
7.262	8.838E-4	3.165E-2
7.271	8.443E-4	3.102E-2
7.279	6.136E-4	3.033E-2
7.288	3.183E-4	2.972E-2
7.296	-6.893E-5	2.933E-2
7.304	-4.873E-4	2.908E-2
7.313	-9.037E-4	2.910E-2
7.321	-1.209E-3	2.936E-2
7.329	-1.416E-3	2.972E-2
7.338	-1.450E-3	3.025E-2
7.346	-1.339E-3	3.079E-2
7.355	-1.015E-3	3.126E-2
7.363	-5.507E-4	3.167E-2
7.371	9.930E-6	3.194E-2
7.380	6.049E-4	3.200E-2
7.388	1.134E-3	3.197E-2
7.396	1.503E-3	3.174E-2
7.405	1.723E-3	3.146E-2
7.413	1.719E-3	3.107E-2
7.422	1.493E-3	3.071E-2
7.430	1.046E-3	3.036E-2
7.438	4.205E-4	3.012E-2
7.447	-2.608E-4	2.997E-2
7.455	-9.393E-4	2.998E-2
7.463	-1.510E-3	3.001E-2
7.472	-1.882E-3	3.011E-2
7.480	-2.026E-3	3.026E-2
7.489	-1.906E-3	3.038E-2
7.497	-1.544E-3	3.054E-2
7.505	-1.003E-3	3.069E-2
7.514	-2.961E-4	3.080E-2
7.522	4.331E-4	3.088E-2
7.530	1.100E-3	3.097E-2
7.539	1.615E-3	3.104E-2
7.547	1.947E-3	3.109E-2
7.556	1.956E-3	3.121E-2
7.564	1.769E-3	3.124E-2
7.572	1.317E-3	3.126E-2
7.581	7.160E-4	3.125E-2
7.589	1.959E-5	3.123E-2
7.597	-6.398E-4	3.105E-2
7.606	-1.238E-3	3.082E-2
7.614	-1.638E-3	3.057E-2
7.623	-1.843E-3	3.030E-2
7.631	-1.857E-3	3.003E-2
7.639	-1.540E-3	2.982E-2
7.648	-1.064E-3	2.967E-2
7.656	-4.922E-4	2.965E-2
7.665	1.374E-4	2.970E-2
7.673	7.121E-4	3.000E-2
7.681	1.197E-3	3.036E-2
7.690	1.496E-3	3.080E-2
7.698	1.574E-3	3.126E-2
7.706	1.457E-3	3.167E-2
7.715	1.183E-3	3.198E-2
7.723	7.947E-4	3.213E-2
7.732	3.249E-4	3.214E-2
7.740	-1.417E-4	3.191E-2
7.748	-5.471E-4	3.151E-2
7.757	-8.474E-4	3.101E-2
7.765	-1.036E-3	3.039E-2
7.773	-1.043E-3	2.984E-2
7.782	-1.010E-3	2.933E-2
7.790	-7.848E-4	2.897E-2
7.799	-5.354E-4	2.887E-2
7.807	-2.343E-4	2.898E-2
7.815	3.908E-5	2.938E-2
7.824	2.994E-4	2.991E-2
7.832	5.104E-4	3.059E-2
7.840	6.390E-4	3.126E-2
7.849	6.542E-4	3.187E-2
7.857	6.451E-4	3.232E-2
7.866	6.359E-4	3.258E-2
7.874	5.779E-4	3.259E-2
7.882	4.724E-4	3.235E-2
7.891	3.717E-4	3.190E-2
7.899	2.442E-4	3.127E-2
7.907	1.003E-4	3.057E-2
7.916	-4.921E-5	2.986E-2
7.924	-2.394E-4	2.927E-2
7.933	-4.207E-4	2.890E-2
7.941	-5.560E-4	2.875E-2
7.949	-6.733E-4	2.888E-2
7.958	-7.066E-4	2.926E-2
7.966	-7.333E-4	2.985E-2
7.974	-7.156E-4	3.051E-2
7.983	-5.158E-4	3.117E-2
7.991	-2.594E-4	3.172E-2
8.000	6.700E-5	3.214E-2
8.008	4.262E-4	3.238E-2
8.016	7.684E-4	3.238E-2
8.025	1.044E-3	3.218E-2
8.033	1.229E-3	3.176E-2
8.041	1.242E-3	3.128E-2
8.050	1.172E-3	3.074E-2
8.058	8.835E-4	3.020E-2
8.067	4.775E-4	2.978E-2
8.075	-1.850E-5	2.945E-2
8.083	-5.741E-4	2.937E-2
8.092	-1.039E-3	2.941E-2
8.100	-1.419E-3	2.964E-2
8.108	-1.626E-3	2.995E-2
8.117	-1.650E-3	3.036E-2
8.125	-1.432E-3	3.077E-2
8.134	-1.033E-3	3.111E-2
8.142	-4.555E-4	3.140E-2
8.150	2.150E-4	3.152E-2
8.159	7.959E-4	3.151E-2
8.167	1.334E-3	3.150E-2
8.175	1.709E-3	3.133E-2
8.184	1.881E-3	3.120E-2
8.192	1.811E-3	3.099E-2
8.201	1.457E-3	3.079E-2
8.209	9.326E-4	3.059E-2
8.217	2.795E-4	3.047E-2
8.226	-3.911E-4	3.036E-2
8.234	-1.070E-3	3.032E-2
8.242	-1.553E-3	3.029E-2
8.251	-1.833E-3	3.029E-2
8.259	-1.813E-3	3.028E-2
8.268	-1.647E-3	3.028E-2
8.276	-1.248E-3	3.028E-2
8.284	-6.359E-4	3.029E-2
8.293	6.297E-5	3.036E-2
8.301	7.641E-4	3.050E-2
8.309	1.332E-3	3.064E-2
8.318	1.747E-3	3.083E-2
8.326	1.939E-3	3.104E-2
8.335	1.933E-3	3.125E-2
8.343	1.616E-3	3.143E-2
8.351	1.182E-3	3.152E-2
8.360	5.836E-4	3.150E-2
8.368	-5.357E-5	3.143E-2
8.377	-6.241E-4	3.123E-2
8.385	-1.094E-3	3.092E-2
8.393	-1.394E-3	3.055E-2
8.402	-1.474E-3	3.013E-2
8.410	-1.416E-3	2.976E-2
8.418	-1.112E-3	2.946E-2
8.427	-6.818E-4	2.930E-2
8.435	-1.471E-4	2.933E-2
8.444	3.541E-4	2.955E-2
8.452	7.918E-4	2.990E-2
8.460	1.133E-3	3.036E-2
8.469	1.282E-3	3.095E-2
8.477	1.281E-3	3.148E-2
8.485	1.202E-3	3.193E-2
8.494	9.860E-4	3.220E-2
8.502	6.812E-4	3.231E-2
8.511	3.281E-4	3.220E-2
8.519	-4.964E-6	3.190E-2
8.527	-3.053E-4	3.142E-2
8.536	-5.350E-4	3.081E-2
8.544	-6.558E-4	3.014E-2
8.552	-6.368E-4	2.953E-2
8.561	-6.196E-4	2.906E-2
8.569	-5.350E-4	2.877E-2
8.578	-4.126E-4	2.875E-2
8.586	-2.514E-4	2.899E-2
8.594	-1.175E-4	2.945E-2
8.603	4.369E-5	3.009E-2
8.611	1.837E-4	3.078E-2
8.619	3.274E-4	3.144E-2
8.628	4.428E-4	3.195E-2
8.636	5.616E-4	3.232E-2
8.645	6.329E-4	3.244E-2
8.653	6.752E-4	3.235E-2
8.661	6.595E-4	3.201E-2
8.670	6.423E-4	3.153E-2
8.678	5.793E-4	3.092E-2
8.686	3.827E-4	3.027E-2
8.695	1.501E-4	2.966E-2
8.703	-1.290E-4	2.918E-2
8.712	-4.051E-4	2.892E-2
8.720	-6.887E-4	2.892E-2
8.728	-8.915E-4	2.913E-2
8.737	-1.008E-3	2.954E-2
8.745	-1.020E-3	3.008E-2
8.753	-9.667E-4	3.065E-2
8.762	-6.832E-4	3.122E-2
8.770	-3.115E-4	3.166E-2
8.779	1.308E-4	3.195E-2
8.787	5.855E-4	3.207E-2
8.795	1.015E-3	3.203E-2
8.804	1.339E-3	3.182E-2
8.812	1.513E-3	3.148E-2
8.820	1.513E-3	3.105E-2
8.829	1.321E-3	3.059E-2
8.837	9.363E-4	3.019E-2
8.846	4.353E-4	2.991E-2
8.854	-1.582E-4	2.973E-2
8.862	-7.298E-4	2.976E-2
8.871	-1.271E-3	2.979E-2
8.879	-1.603E-3	2.996E-2
8.887	-1.721E-3	3.023E-2
8.896	-1.663E-3	3.049E-2
8.904	-1.348E-3	3.075E-2
8.913	-8.347E-4	3.096E-2
8.921	-1.893E-4	3.111E-2
8.929	4.860E-4	3.124E-2
8.938	1.119E-3	3.123E-2
8.946	1.603E-3	3.123E-2
8.954	1.897E-3	3.123E-2
8.963	1.930E-3	3.119E-2
8.971	1.787E-3	3.110E-2
8.980	1.358E-3	3.106E-2
8.988	7.595E-4	3.101E-2
8.996	8.290E-5	3.090E-2
9.005	-5.934E-4	3.080E-2
9.013	-1.167E-3	3.067E-2
9.021	-1.590E-3	3.055E-2
9.030	-1.760E-3	3.035E-2
9.038	-1.746E-3	3.018E-2
9.047	-1.459E-3	3.010E-2
9.055	-1.003E-3	3.002E-2
9.063	-4.154E-4	3.003E-2
9.072	2.398E-4	3.011E-2
9.080	8.551E-4	3.030E-2
9.089	1.319E-3	3.055E-2
9.097	1.620E-3	3.087E-2
9.105	1.727E-3	3.124E-2
9.114	1.628E-3	3.153E-2
9.122	1.331E-3	3.181E-2
9.130	8.608E-4	3.196E-2
9.139	3.545E-4	3.194E-2
9.147	-1.647E-4	3.175E-2
9.156	-6.143E-4	3.145E-2
9.164	-9.648E-4	3.102E-2
9.172	-1.165E-3	3.052E-2
9.181	-1.199E-3	3.002E-2
9.189	-1.096E-3	2.960E-2
9.197	-8.326E-4	2.928E-2
9.206	-4.908E-4	2.919E-2
9.214	-1.378E-4	2.925E-2
9.223	2.405E-4	2.961E-2
9.231	5.665E-4	3.008E-2
9.239	7.890E-4	3.065E-2
9.248	8.980E-4	3.128E-2
9.256	8.721E-4	3.181E-2
9.264	8.458E-4	3.223E-2
9.273	6.876E-4	3.250E-2
9.281	5.087E-4	3.253E-2
9.290	3.364E-4	3.237E-2
9.298	1.457E-4	3.194E-2
9.306	-4.760E-5	3.136E-2
9.315	-2.063E-4	3.073E-2
9.323	-3.231E-4	3.008E-2
9.331	-3.848E-4	2.947E-2
9.340	-4.003E-4	2.911E-2
9.348	-4.365E-4	2.895E-2
9.357	-4.245E-4	2.900E-2
9.365	-4.144E-4	2.936E-2
9.373	-3.976E-4	2.988E-2
9.382	-2.846E-4	3.052E-2
9.390	-1.248E-4	3.116E-2
9.398	7.026E-5	3.173E-2
9.407	3.178E-4	3.217E-2
9.415	5.606E-4	3.240E-2
9.424	7.896E-4	3.241E-2
9.432	9.743E-4	3.220E-2
9.440	1.090E-3	3.185E-2
9.449	1.073E-3	3.135E-2
9.457	9.846E-4	3.079E-2
9.465	7.571E-4	3.020E-2
9.474	4.269E-4	2.973E-2
9.482	1.268E-5	2.941E-2
9.491	-3.695E-4	2.927E-2
9.499	-7.674E-4	2.937E-2
9.507	-1.063E-3	2.962E-2
9.516	-1.236E-3	2.995E-2
9.524	-1.244E-3	3.042E-2
9.532	-1.051E-3	3.089E-2
9.541	-7.118E-4	3.130E-2
9.549	-2.665E-4	3.159E-2
9.558	2.685E-4	3.176E-2
9.566	8.156E-4	3.174E-2
9.574	1.284E-3	3.172E-2
9.583	1.609E-3	3.149E-2
9.591	1.769E-3	3.123E-2
9.599	1.724E-3	3.094E-2
9.608	1.420E-3	3.065E-2
9.616	9.610E-4	3.042E-2
9.625	3.639E-4	3.028E-2
9.633	-2.823E-4	3.014E-2
9.641	-8.860E-4	3.013E-2
9.650	-1.358E-3	3.012E-2
9.658	-1.632E-3	3.016E-2
9.666	-1.682E-3	3.032E-2
9.675	-1.550E-3	3.038E-2
9.683	-1.163E-3	3.050E-2
9.692	-6.412E-4	3.059E-2
9.700	3.270E-5	3.069E-2
9.708	7.143E-4	3.077E-2
9.717	1.315E-3	3.083E-2
9.725	1.723E-3	3.094E-2
9.734	1.934E-3	3.104E-2
9.742	1.930E-3	3.114E-2
9.750	1.651E-3	3.123E-2
9.759	1.210E-3	3.123E-2
9.767	6.159E-4	3.123E-2
9.775	-3.789E-5	3.121E-2
9.784	-6.249E-4	3.103E-2
9.792	-1.125E-3	3.079E-2
9.801	-1.425E-3	3.052E-2
9.809	-1.512E-3	3.025E-2
9.817	-1.430E-3	2.996E-2
9.826	-1.142E-3	2.979E-2
9.834	-6.648E-4	2.966E-2
9.842	-1.301E-4	2.965E-2
9.851	3.976E-4	2.982E-2
9.859	8.618E-4	3.010E-2
9.868	1.243E-3	3.049E-2
9.876	1.432E-3	3.095E-2
9.884	1.456E-3	3.141E-2
9.893	1.341E-3	3.176E-2
9.901	1.047E-3	3.201E-2
9.909	6.724E-4	3.215E-2
9.918	2.553E-4	3.210E-2
9.926	-1.167E-4	3.179E-2
9.935	-4.636E-4	3.142E-2
9.943	-7.204E-4	3.090E-2
9.951	-8.557E-4	3.033E-2
9.960	-8.402E-4	2.979E-2
9.968	-7.509E-4	2.937E-2
9.976	-5.843E-4	2.910E-2
9.985	-3.658E-4	2.910E-2
9.993	-1.336E-4	2.927E-2
10.002	9.834E-5	2.968E-2
10.010	2.969E-4	3.026E-2
10.018	4.617E-4	3.087E-2
10.027	6.010E-4	3.151E-2
10.035	6.103E-4	3.199E-2
10.043	6.259E-4	3.236E-2
10.052	6.162E-4	3.248E-2
10.060	6.082E-4	3.243E-2
10.069	5.608E-4	3.215E-2
10.077	4.317E-4	3.166E-2
10.085	3.082E-4	3.106E-2
10.094	1.711E-4	3.037E-2
10.102	-8.614E-6	2.978E-2
10.110	-2.105E-4	2.931E-2
10.119	-3.747E-4	2.900E-2
10.127	-5.464E-4	2.898E-2
10.136	-6.706E-4	2.915E-2
10.144	-7.267E-4	2.955E-2
10.152	-7.464E-4	3.009E-2
10.161	-6.287E-4	3.067E-2
10.169	-4.107E-4	3.125E-2
10.177	-1.088E-4	3.170E-2
10.186	2.099E-4	3.200E-2
10.194	5.489E-4	3.218E-2
10.203	8.858E-4	3.215E-2
10.211	1.123E-3	3.190E-2
10.219	1.256E-3	3.151E-2
10.228	1.259E-3	3.104E-2
10.236	1.082E-3	3.055E-2
10.244	7.568E-4	3.010E-2
10.253	3.476E-4	2.976E-2
10.261	-1.469E-4	2.957E-2
10.270	-6.326E-4	2.958E-2
10.278	-1.053E-3	2.964E-2
10.286	-1.382E-3	2.985E-2
10.295	-1.507E-3	3.012E-2
10.303	-1.482E-3	3.046E-2
10.311	-1.194E-3	3.079E-2
10.320	-7.853E-4	3.105E-2
10.328	-1.989E-4	3.123E-2
10.337	3.958E-4	3.132E-2
10.345	9.687E-4	3.137E-2
10.353	1.454E-3	3.139E-2
10.362	1.740E-3	3.125E-2
10.370	1.782E-3	3.107E-2
10.378	1.648E-3	3.093E-2
10.387	1.275E-3	3.079E-2
10.395	7.397E-4	3.065E-2
10.404	1.133E-4	3.057E-2
10.412	-5.298E-4	3.052E-2
10.420	-1.100E-3	3.045E-2
10.429	-1.502E-3	3.038E-2
10.437	-1.690E-3	3.032E-2
10.446	-1.698E-3	3.030E-2
10.454	-1.448E-3	3.027E-2
10.462	-1.008E-3	3.028E-2
10.471	-4.245E-4	3.028E-2
10.479	2.442E-4	3.034E-2
10.487	8.354E-4	3.048E-2
10.496	1.316E-3	3.066E-2
10.504	1.641E-3	3.090E-2
10.513	1.754E-3	3.115E-2
10.521	1.651E-3	3.139E-2
10.529	1.342E-3	3.153E-2
10.538	8.507E-4	3.168E-2
10.546	3.087E-4	3.168E-2
10.554	-2.065E-4	3.151E-2
10.563	-7.186E-4	3.126E-2
10.571	-1.083E-3	3.093E-2
10.580	-1.292E-3	3.054E-2
10.588	-1.283E-3	3.013E-2
10.596	-1.165E-3	2.979E-2
10.605	-8.781E-4	2.955E-2
10.613	-4.689E-4	2.943E-2
10.621	-6.140E-5	2.945E-2
10.630	3.513E-4	2.969E-2
10.638	7.053E-4	3.009E-2
10.647	9.737E-4	3.058E-2
10.655	1.102E-3	3.109E-2
10.663	1.078E-3	3.163E-2
10.672	9.659E-4	3.200E-2
10.680	7.688E-4	3.222E-2
10.688	5.250E-4	3.227E-2
10.697	2.584E-4	3.216E-2
10.705	3.278E-6	3.177E-2
10.714	-1.755E-4	3.130E-2
10.722	-3.301E-4	3.071E-2
10.730	-3.825E-4	3.010E-2
10.739	-3.997E-4	2.957E-2
10.747	-3.901E-4	2.918E-2
10.755	-3.717E-4	2.898E-2
10.764	-2.706E-4	2.901E-2
10.772	-1.891E-4	2.939E-2
10.781	-5.899E-5	2.986E-2
10.789	6.920E-5	3.045E-2
10.797	1.916E-4	3.108E-2
10.806	3.345E-4	3.169E-2
10.814	4.546E-4	3.214E-2
10.822	5.770E-4	3.240E-2
10.831	6.881E-4	3.240E-2
10.839	7.472E-4	3.223E-2
10.848	7.698E-4	3.193E-2
10.856	7.788E-4	3.142E-2
10.864	6.646E-4	3.082E-2
10.873	4.776E-4	3.023E-2
10.881	2.553E-4	2.970E-2
10.889	-2.268E-5	2.939E-2
10.898	-3.549E-4	2.920E-2
10.906	-6.258E-4	2.922E-2
10.915	-8.283E-4	2.945E-2
10.923	-9.543E-4	2.985E-2
10.931	-9.765E-4	3.032E-2
10.940	-8.113E-4	3.081E-2
10.948	-5.398E-4	3.126E-2
10.956	-1.478E-4	3.161E-2
10.965	2.986E-4	
10.973	7.496E-4	
10.982	1.139E-3	
10.990	1.404E-3	
10.998	1.545E-3	
11.007	1.520E-3	
11.015	1.240E-3	
11.023	8.228E-4	
11.032	3.093E-4	
11.040	-2.604E-4	
11.049	-8.085E-4	
11.057	-1.253E-3	
11.065	-1.505E-3	
11.074	-1.544E-3	
11.082	-1.437E-3	
11.090	-1.080E-3	
11.099	-5.724E-4	
11.107	2.205E-5	
