#multi:
	mass A	mass B	
t	x	x	
0.000	-4.179E-3	4.080E-2
0.008	-4.184E-3	4.082E-2
0.017	-4.190E-3	4.082E-2
0.025	-4.191E-3	4.082E-2
0.034	-4.193E-3	4.082E-2
0.042	-4.193E-3	4.082E-2
0.050	-4.192E-3	4.082E-2
0.059	-4.192E-3	4.081E-2
0.067	-4.190E-3	4.081E-2
0.075	-4.189E-3	4.081E-2
0.084	-4.186E-3	4.081E-2
0.092	-4.167E-3	4.080E-2
0.101	-4.156E-3	4.080E-2
0.109	-4.140E-3	4.080E-2
0.117	-3.983E-3	4.080E-2
0.126	-3.869E-3	4.080E-2
0.134	-3.717E-3	4.081E-2
0.142	-3.467E-3	4.082E-2
0.151	-3.089E-3	4.082E-2
0.159	-2.567E-3	4.083E-2
0.168	-1.856E-3	4.087E-2
0.176	-9.806E-4	4.089E-2
0.184	-1.570E-5	4.092E-2
0.193	9.499E-4	4.101E-2
0.201	1.764E-3	4.102E-2
0.209	2.347E-3	4.110E-2
0.218	2.572E-3	4.118E-2
0.226	2.443E-3	4.128E-2
0.235	1.936E-3	4.132E-2
0.243	1.143E-3	4.134E-2
0.251	1.971E-4	4.132E-2
0.260	-7.707E-4	4.131E-2
0.268	-1.682E-3	4.123E-2
0.276	-2.392E-3	4.109E-2
0.285	-2.860E-3	4.097E-2
0.293	-3.071E-3	4.081E-2
0.302	-3.004E-3	4.063E-2
0.310	-2.626E-3	4.051E-2
0.318	-2.034E-3	4.040E-2
0.327	-1.220E-3	4.035E-2
0.335	-2.536E-4	4.037E-2
0.343	6.702E-4	4.049E-2
0.352	1.542E-3	4.068E-2
0.360	2.184E-3	4.086E-2
0.369	2.526E-3	4.110E-2
0.377	2.500E-3	4.133E-2
0.385	2.064E-3	4.154E-2
0.394	1.382E-3	4.171E-2
0.402	4.913E-4	4.176E-2
0.410	-4.694E-4	4.176E-2
0.419	-1.361E-3	4.162E-2
0.427	-2.116E-3	4.144E-2
0.436	-2.664E-3	4.118E-2
0.444	-2.880E-3	4.087E-2
0.452	-2.868E-3	4.054E-2
0.461	-2.626E-3	4.026E-2
0.469	-2.081E-3	4.006E-2
0.477	-1.383E-3	3.993E-2
0.486	-5.271E-4	3.991E-2
0.494	3.855E-4	4.006E-2
0.503	1.223E-3	4.034E-2
0.511	1.865E-3	4.069E-2
0.519	2.288E-3	4.110E-2
0.528	2.338E-3	4.151E-2
0.536	2.081E-3	4.191E-2
0.544	1.530E-3	4.221E-2
0.553	7.560E-4	4.238E-2
0.561	-8.363E-5	4.240E-2
0.570	-9.366E-4	4.223E-2
0.578	-1.705E-3	4.192E-2
0.586	-2.265E-3	4.151E-2
0.595	-2.614E-3	4.103E-2
0.603	-2.752E-3	4.053E-2
0.611	-2.560E-3	4.008E-2
0.620	-2.165E-3	3.972E-2
0.628	-1.576E-3	3.952E-2
0.637	-8.079E-4	3.947E-2
0.645	1.976E-5	3.963E-2
0.653	7.639E-4	3.995E-2
0.662	1.431E-3	4.041E-2
0.670	1.867E-3	4.096E-2
0.678	2.059E-3	4.155E-2
0.687	1.927E-3	4.206E-2
0.695	1.535E-3	4.245E-2
0.704	9.421E-4	4.270E-2
0.712	2.030E-4	4.274E-2
0.720	-5.505E-4	4.259E-2
0.729	-1.248E-3	4.223E-2
0.737	-1.837E-3	4.171E-2
0.746	-2.230E-3	4.113E-2
0.754	-2.394E-3	4.046E-2
0.762	-2.351E-3	3.990E-2
0.771	-2.099E-3	3.941E-2
0.779	-1.630E-3	3.914E-2
0.787	-1.049E-3	3.909E-2
0.796	-3.883E-4	3.923E-2
0.804	2.978E-4	3.961E-2
0.813	9.152E-4	4.017E-2
0.821	1.382E-3	4.082E-2
0.829	1.641E-3	4.153E-2
0.838	1.635E-3	4.219E-2
0.846	1.426E-3	4.271E-2
0.854	9.878E-4	4.305E-2
0.863	4.158E-4	4.317E-2
0.871	-2.183E-4	4.300E-2
0.880	-8.591E-4	4.260E-2
0.888	-1.410E-3	4.201E-2
0.896	-1.824E-3	4.130E-2
0.905	-2.089E-3	4.054E-2
0.913	-2.130E-3	3.984E-2
0.921	-1.959E-3	3.925E-2
0.930	-1.671E-3	3.888E-2
0.938	-1.216E-3	3.877E-2
0.947	-6.816E-4	3.891E-2
0.955	-1.065E-4	3.930E-2
0.963	4.445E-4	3.991E-2
0.972	9.205E-4	4.067E-2
0.980	1.206E-3	4.146E-2
0.988	1.362E-3	4.223E-2
0.997	1.305E-3	4.283E-2
1.005	1.066E-3	4.326E-2
1.014	6.848E-4	4.344E-2
1.022	2.081E-4	4.330E-2
1.030	-2.824E-4	4.289E-2
1.039	-7.517E-4	4.227E-2
1.047	-1.172E-3	4.149E-2
1.055	-1.459E-3	4.067E-2
1.064	-1.612E-3	3.986E-2
1.072	-1.624E-3	3.920E-2
1.081	-1.483E-3	3.874E-2
1.089	-1.203E-3	3.856E-2
1.097	-8.521E-4	3.868E-2
1.106	-4.415E-4	3.907E-2
1.114	5.266E-6	3.971E-2
1.122	4.160E-4	4.051E-2
1.131	7.272E-4	4.139E-2
1.139	9.426E-4	4.223E-2
1.148	1.002E-3	4.290E-2
1.156	9.388E-4	4.338E-2
1.164	7.171E-4	4.358E-2
1.173	4.361E-4	4.346E-2
1.181	5.293E-5	4.307E-2
1.189	-3.425E-4	4.243E-2
1.198	-6.851E-4	4.160E-2
1.206	-9.704E-4	4.073E-2
1.215	-1.209E-3	3.992E-2
1.223	-1.357E-3	3.918E-2
1.231	-1.389E-3	3.868E-2
1.240	-1.281E-3	3.847E-2
1.248	-1.115E-3	3.855E-2
1.256	-8.486E-4	3.893E-2
1.265	-5.284E-4	3.955E-2
1.273	-1.876E-4	4.038E-2
1.282	1.477E-4	4.127E-2
1.290	4.384E-4	4.214E-2
1.298	6.604E-4	4.286E-2
1.307	7.389E-4	4.339E-2
1.315	7.295E-4	4.361E-2
1.323	6.422E-4	4.356E-2
1.332	4.300E-4	4.318E-2
1.340	1.858E-4	4.255E-2
1.349	-1.614E-4	4.175E-2
1.357	-4.839E-4	4.086E-2
1.365	-7.474E-4	3.996E-2
1.374	-9.764E-4	3.922E-2
1.382	-1.169E-3	3.869E-2
1.390	-1.197E-3	3.846E-2
1.399	-1.202E-3	3.851E-2
1.407	-1.124E-3	3.887E-2
1.416	-9.158E-4	3.947E-2
1.424	-6.675E-4	4.027E-2
1.432	-3.150E-4	4.118E-2
1.441	-3.290E-6	4.207E-2
1.449	2.736E-4	4.278E-2
1.458	5.474E-4	4.335E-2
1.466	6.955E-4	4.362E-2
1.474	8.039E-4	4.358E-2
1.483	7.142E-4	4.322E-2
1.491	6.058E-4	4.263E-2
1.499	3.776E-4	4.184E-2
1.508	4.800E-5	4.094E-2
1.516	-2.888E-4	4.011E-2
1.525	-6.451E-4	3.936E-2
1.533	-9.483E-4	3.880E-2
1.541	-1.206E-3	3.850E-2
1.550	-1.369E-3	3.850E-2
1.558	-1.414E-3	3.883E-2
1.566	-1.369E-3	3.942E-2
1.575	-1.184E-3	4.017E-2
1.583	-9.078E-4	4.101E-2
1.592	-5.442E-4	4.185E-2
1.600	-1.583E-4	4.263E-2
1.608	2.145E-4	4.319E-2
1.617	5.791E-4	4.345E-2
1.625	8.685E-4	4.342E-2
1.633	9.725E-4	4.314E-2
1.642	9.645E-4	4.263E-2
1.650	8.742E-4	4.188E-2
1.659	5.843E-4	4.108E-2
1.667	2.229E-4	4.024E-2
1.675	-2.225E-4	3.952E-2
1.684	-6.804E-4	3.896E-2
1.692	-1.092E-3	3.867E-2
1.700	-1.430E-3	3.868E-2
1.709	-1.640E-3	3.894E-2
1.717	-1.674E-3	3.944E-2
1.726	-1.629E-3	4.012E-2
1.734	-1.407E-3	4.088E-2
1.742	-1.043E-3	4.169E-2
1.751	-5.866E-4	4.240E-2
1.759	-1.094E-4	4.294E-2
1.767	4.126E-4	4.324E-2
1.776	8.707E-4	4.333E-2
1.784	1.186E-3	4.312E-2
1.793	1.370E-3	4.264E-2
1.801	1.369E-3	4.199E-2
1.809	1.152E-3	4.123E-2
1.818	7.398E-4	4.047E-2
1.826	2.444E-4	3.983E-2
1.834	-3.026E-4	3.928E-2
1.843	-8.749E-4	3.897E-2
1.851	-1.384E-3	3.895E-2
1.860	-1.754E-3	3.912E-2
1.868	-1.969E-3	3.953E-2
1.876	-1.995E-3	4.015E-2
1.885	-1.873E-3	4.083E-2
1.893	-1.573E-3	4.153E-2
1.901	-1.114E-3	4.218E-2
1.910	-5.198E-4	4.269E-2
1.918	8.374E-5	4.297E-2
1.927	6.735E-4	4.301E-2
1.935	1.174E-3	4.290E-2
1.943	1.543E-3	4.251E-2
1.952	1.642E-3	4.195E-2
1.960	1.555E-3	4.130E-2
1.968	1.192E-3	4.064E-2
1.977	6.671E-4	4.004E-2
1.985	1.032E-5	3.959E-2
1.994	-6.748E-4	3.930E-2
2.002	-1.328E-3	3.925E-2
2.010	-1.867E-3	3.937E-2
2.019	-2.176E-3	3.971E-2
2.027	-2.326E-3	4.017E-2
2.035	-2.284E-3	4.073E-2
2.044	-2.003E-3	4.133E-2
2.052	-1.575E-3	4.188E-2
2.061	-9.470E-4	4.233E-2
2.069	-2.443E-4	4.264E-2
2.077	4.609E-4	4.270E-2
2.086	1.123E-3	4.261E-2
2.094	1.609E-3	4.232E-2
2.102	1.862E-3	4.192E-2
2.111	1.858E-3	4.141E-2
2.119	1.579E-3	4.089E-2
2.128	1.055E-3	4.038E-2
2.136	3.707E-4	3.996E-2
2.144	-3.906E-4	3.970E-2
2.153	-1.151E-3	3.961E-2
2.161	-1.809E-3	3.969E-2
2.170	-2.296E-3	3.991E-2
2.178	-2.551E-3	4.029E-2
2.186	-2.564E-3	4.073E-2
2.195	-2.344E-3	4.120E-2
2.203	-1.903E-3	4.163E-2
2.211	-1.305E-3	4.199E-2
2.220	-5.481E-4	4.222E-2
2.228	2.560E-4	4.228E-2
2.237	1.005E-3	4.221E-2
2.245	1.602E-3	4.201E-2
2.253	2.015E-3	4.172E-2
2.262	2.105E-3	4.134E-2
2.270	1.872E-3	4.094E-2
2.278	1.381E-3	4.060E-2
2.287	6.763E-4	4.032E-2
2.295	-1.597E-4	4.011E-2
2.304	-9.673E-4	4.005E-2
2.312	-1.716E-3	4.007E-2
2.320	-2.298E-3	4.024E-2
2.329	-2.619E-3	4.050E-2
2.337	-2.761E-3	4.080E-2
2.345	-2.581E-3	4.108E-2
2.354	-2.197E-3	4.137E-2
2.362	-1.595E-3	4.159E-2
2.371	-8.317E-4	4.175E-2
2.379	7.580E-6	4.180E-2
2.387	8.231E-4	4.177E-2
2.396	1.564E-3	4.169E-2
2.404	2.059E-3	4.151E-2
2.412	2.280E-3	4.129E-2
2.421	2.137E-3	4.106E-2
2.429	1.674E-3	4.083E-2
2.438	9.887E-4	4.065E-2
2.446	1.422E-4	4.053E-2
2.454	-7.066E-4	4.044E-2
2.463	-1.540E-3	4.041E-2
2.471	-2.196E-3	4.042E-2
2.479	-2.613E-3	4.056E-2
2.488	-2.806E-3	4.069E-2
2.496	-2.758E-3	4.086E-2
2.505	-2.401E-3	4.100E-2
2.513	-1.842E-3	4.112E-2
2.521	-1.111E-3	4.124E-2
2.530	-2.486E-4	4.129E-2
2.538	6.254E-4	4.129E-2
2.546	1.406E-3	4.129E-2
2.555	1.994E-3	4.125E-2
2.563	2.309E-3	4.121E-2
2.572	2.301E-3	4.112E-2
2.580	1.898E-3	4.105E-2
2.588	1.270E-3	4.101E-2
2.597	4.275E-4	4.098E-2
2.605	-4.522E-4	4.094E-2
2.613	-1.326E-3	4.092E-2
2.622	-2.055E-3	4.096E-2
2.630	-2.560E-3	4.090E-2
2.639	-2.827E-3	4.085E-2
2.647	-2.820E-3	4.083E-2
2.655	-2.560E-3	4.082E-2
2.664	-2.078E-3	4.081E-2
2.672	-1.385E-3	4.081E-2
2.680	-5.262E-4	4.082E-2
2.689	3.492E-4	4.086E-2
2.697	1.176E-3	4.094E-2
2.706	1.823E-3	4.104E-2
2.714	2.237E-3	4.110E-2
2.722	2.303E-3	4.123E-2
2.731	2.044E-3	4.131E-2
2.739	1.456E-3	4.136E-2
2.747	6.944E-4	4.137E-2
2.756	-1.787E-4	4.134E-2
2.764	-1.051E-3	4.128E-2
2.773	-1.825E-3	4.120E-2
2.781	-2.376E-3	4.106E-2
2.789	-2.712E-3	4.089E-2
2.798	-2.809E-3	4.072E-2
2.806	-2.596E-3	4.057E-2
2.815	-2.176E-3	4.042E-2
2.823	-1.562E-3	4.035E-2
2.831	-7.732E-4	4.034E-2
2.840	6.856E-5	4.037E-2
2.848	8.913E-4	4.051E-2
2.856	1.573E-3	4.072E-2
2.865	2.036E-3	4.098E-2
2.873	2.209E-3	4.125E-2
2.882	2.065E-3	4.150E-2
2.890	1.614E-3	4.172E-2
2.898	9.358E-4	4.181E-2
2.907	1.156E-4	4.184E-2
2.915	-7.117E-4	4.176E-2
2.923	-1.462E-3	4.159E-2
2.932	-2.072E-3	4.133E-2
2.940	-2.453E-3	4.102E-2
2.949	-2.605E-3	4.072E-2
2.957	-2.539E-3	4.040E-2
2.965	-2.216E-3	4.013E-2
2.974	-1.695E-3	3.994E-2
2.982	-9.851E-4	3.989E-2
2.990	-2.216E-4	3.993E-2
2.999	5.359E-4	4.011E-2
3.007	1.216E-3	4.039E-2
3.016	1.697E-3	4.076E-2
3.024	1.920E-3	4.118E-2
3.032	1.870E-3	4.159E-2
3.041	1.527E-3	4.192E-2
3.049	9.792E-4	4.216E-2
3.057	2.664E-4	4.224E-2
3.066	-4.761E-4	4.220E-2
3.074	-1.186E-3	4.199E-2
3.083	-1.800E-3	4.168E-2
3.091	-2.218E-3	4.126E-2
3.099	-2.431E-3	4.079E-2
3.108	-2.391E-3	4.035E-2
3.116	-2.166E-3	3.994E-2
3.124	-1.736E-3	3.966E-2
3.133	-1.145E-3	3.954E-2
3.141	-4.611E-4	3.961E-2
3.150	2.365E-4	3.985E-2
3.158	8.944E-4	4.020E-2
3.166	1.385E-3	4.065E-2
3.175	1.671E-3	4.117E-2
3.183	1.726E-3	4.171E-2
3.191	1.529E-3	4.219E-2
3.200	1.115E-3	4.248E-2
3.208	5.204E-4	4.264E-2
3.217	-1.142E-4	4.262E-2
3.225	-7.314E-4	4.240E-2
3.233	-1.334E-3	4.200E-2
3.242	-1.785E-3	4.147E-2
3.250	-2.072E-3	4.089E-2
3.258	-2.127E-3	4.031E-2
3.267	-2.015E-3	3.984E-2
3.275	-1.720E-3	3.945E-2
3.284	-1.259E-3	3.926E-2
3.292	-6.855E-4	3.923E-2
3.300	-8.302E-5	3.949E-2
3.309	4.883E-4	3.989E-2
3.317	9.664E-4	4.043E-2
3.325	1.318E-3	4.106E-2
3.334	1.435E-3	4.169E-2
3.342	1.375E-3	4.226E-2
3.351	1.116E-3	4.267E-2
3.359	6.885E-4	4.288E-2
3.367	1.878E-4	4.289E-2
3.376	-3.591E-4	4.265E-2
3.384	-9.040E-4	4.223E-2
3.392	-1.364E-3	4.164E-2
3.401	-1.653E-3	4.095E-2
3.409	-1.816E-3	4.031E-2
3.418	-1.817E-3	3.973E-2
3.426	-1.649E-3	3.926E-2
3.434	-1.321E-3	3.900E-2
3.443	-9.326E-4	3.899E-2
3.451	-4.617E-4	3.921E-2
3.459	2.155E-5	3.967E-2
3.468	4.609E-4	4.027E-2
3.476	8.566E-4	4.097E-2
3.485	1.074E-3	4.170E-2
3.493	1.134E-3	4.236E-2
3.501	1.021E-3	4.287E-2
3.510	7.095E-4	4.314E-2
3.518	3.713E-4	4.316E-2
3.527	-2.749E-5	4.292E-2
3.535	-4.742E-4	4.246E-2
3.543	-8.809E-4	4.182E-2
3.552	-1.209E-3	4.106E-2
3.560	-1.400E-3	4.031E-2
3.568	-1.457E-3	3.966E-2
3.577	-1.412E-3	3.916E-2
3.585	-1.247E-3	3.886E-2
3.594	-9.586E-4	3.888E-2
3.602	-6.504E-4	3.908E-2
3.610	-2.703E-4	3.958E-2
3.619	7.239E-5	4.022E-2
3.627	4.227E-4	4.096E-2
3.635	6.734E-4	4.173E-2
3.644	8.546E-4	4.244E-2
3.652	8.857E-4	4.299E-2
3.661	7.616E-4	4.328E-2
3.669	5.618E-4	4.335E-2
3.677	2.523E-4	4.313E-2
3.686	-4.176E-5	4.267E-2
3.694	-3.890E-4	4.201E-2
3.702	-7.155E-4	4.122E-2
3.711	-9.477E-4	4.041E-2
3.719	-1.154E-3	3.969E-2
3.728	-1.212E-3	3.914E-2
3.736	-1.199E-3	3.880E-2
3.744	-1.115E-3	3.871E-2
3.753	-9.242E-4	3.893E-2
3.761	-6.888E-4	3.939E-2
3.769	-4.062E-4	4.004E-2
3.778	-8.099E-5	4.080E-2
3.786	2.028E-4	4.159E-2
3.795	4.343E-4	4.231E-2
3.803	6.284E-4	4.292E-2
3.811	6.879E-4	4.328E-2
3.820	6.775E-4	4.338E-2
3.828	5.570E-4	4.318E-2
3.836	3.267E-4	4.274E-2
3.845	3.985E-5	4.210E-2
3.853	-2.459E-4	4.133E-2
3.862	-5.178E-4	4.049E-2
3.870	-7.407E-4	3.975E-2
3.878	-9.457E-4	3.916E-2
3.887	-1.118E-3	3.879E-2
3.895	-1.175E-3	3.868E-2
3.903	-1.159E-3	3.887E-2
3.912	-9.791E-4	3.930E-2
3.920	-8.037E-4	3.996E-2
3.929	-5.285E-4	4.069E-2
3.937	-2.445E-4	4.149E-2
3.945	2.654E-5	4.223E-2
3.954	2.880E-4	4.283E-2
3.962	5.005E-4	4.321E-2
3.970	6.696E-4	4.333E-2
3.979	6.976E-4	4.318E-2
3.987	6.619E-4	4.277E-2
3.996	4.906E-4	4.215E-2
4.004	2.495E-4	4.139E-2
4.012	-2.557E-5	4.062E-2
4.021	-3.354E-4	3.987E-2
4.029	-6.652E-4	3.926E-2
4.037	-9.319E-4	3.890E-2
4.046	-1.166E-3	3.876E-2
4.054	-1.261E-3	3.890E-2
4.063	-1.246E-3	3.929E-2
4.071	-1.182E-3	3.987E-2
4.079	-9.676E-4	4.058E-2
4.088	-6.975E-4	4.133E-2
4.096	-3.889E-4	4.205E-2
4.104	-2.544E-5	4.264E-2
4.113	3.111E-4	4.306E-2
4.121	6.286E-4	4.321E-2
4.130	8.716E-4	4.309E-2
4.138	9.526E-4	4.272E-2
4.146	9.310E-4	4.218E-2
4.155	7.255E-4	4.148E-2
4.163	4.514E-4	4.074E-2
4.171	6.924E-5	4.004E-2
4.180	-3.268E-4	3.947E-2
4.188	-7.204E-4	3.908E-2
4.197	-1.110E-3	3.894E-2
4.205	-1.398E-3	3.903E-2
4.213	-1.565E-3	3.937E-2
4.222	-1.590E-3	3.990E-2
4.230	-1.465E-3	4.055E-2
4.239	-1.211E-3	4.126E-2
4.247	-8.750E-4	4.191E-2
4.255	-4.500E-4	4.248E-2
4.264	5.370E-6	4.287E-2
4.272	4.579E-4	4.304E-2
4.280	8.776E-4	4.298E-2
4.289	1.130E-3	4.267E-2
4.297	1.210E-3	4.218E-2
4.306	1.143E-3	4.158E-2
4.314	9.036E-4	4.087E-2
4.322	4.817E-4	4.022E-2
4.331	4.004E-6	3.967E-2
4.339	-5.043E-4	3.931E-2
4.347	-9.733E-4	3.917E-2
4.356	-1.411E-3	3.922E-2
4.364	-1.685E-3	3.947E-2
4.373	-1.844E-3	3.991E-2
4.381	-1.845E-3	4.046E-2
4.389	-1.626E-3	4.111E-2
4.398	-1.270E-3	4.169E-2
4.406	-7.794E-4	4.221E-2
4.414	-2.243E-4	4.259E-2
4.423	3.267E-4	4.276E-2
4.431	8.390E-4	4.269E-2
4.440	1.238E-3	4.245E-2
4.448	1.448E-3	4.205E-2
4.456	1.460E-3	4.153E-2
4.465	1.268E-3	4.095E-2
4.473	8.647E-4	4.042E-2
4.481	3.330E-4	3.992E-2
4.490	-2.799E-4	3.960E-2
4.498	-8.908E-4	3.944E-2
4.507	-1.432E-3	3.944E-2
4.515	-1.858E-3	3.964E-2
4.523	-2.098E-3	4.001E-2
4.532	-2.110E-3	4.050E-2
4.540	-1.999E-3	4.102E-2
4.548	-1.690E-3	4.152E-2
4.557	-1.208E-3	4.194E-2
4.565	-6.076E-4	4.225E-2
4.574	1.900E-5	4.242E-2
4.582	6.651E-4	4.242E-2
4.590	1.191E-3	4.223E-2
4.599	1.571E-3	4.194E-2
4.607	1.694E-3	4.153E-2
4.615	1.580E-3	4.106E-2
4.624	1.208E-3	4.061E-2
4.632	6.567E-4	4.023E-2
4.641	2.341E-6	3.996E-2
4.649	-6.902E-4	3.981E-2
4.657	-1.348E-3	3.984E-2
4.666	-1.884E-3	3.995E-2
4.674	-2.204E-3	4.018E-2
4.682	-2.333E-3	4.055E-2
4.691	-2.279E-3	4.093E-2
4.699	-1.982E-3	4.132E-2
4.708	-1.562E-3	4.166E-2
4.716	-9.362E-4	4.192E-2
4.724	-2.399E-4	4.206E-2
4.733	4.708E-4	4.203E-2
4.741	1.131E-3	4.194E-2
4.749	1.598E-3	4.175E-2
4.758	1.843E-3	4.148E-2
4.766	1.828E-3	4.114E-2
4.775	1.541E-3	4.082E-2
4.783	9.909E-4	4.054E-2
4.791	2.749E-4	4.033E-2
4.800	-4.736E-4	4.019E-2
4.808	-1.184E-3	4.015E-2
4.816	-1.814E-3	4.021E-2
4.825	-2.264E-3	4.036E-2
4.833	-2.508E-3	4.058E-2
4.842	-2.523E-3	4.082E-2
4.850	-2.303E-3	4.105E-2
4.858	-1.864E-3	4.129E-2
4.867	-1.225E-3	4.148E-2
4.875	-4.907E-4	4.157E-2
4.883	2.670E-4	4.156E-2
4.892	9.799E-4	4.154E-2
4.900	1.551E-3	4.145E-2
4.909	1.880E-3	4.129E-2
4.917	1.942E-3	4.109E-2
4.925	1.671E-3	4.091E-2
4.934	1.165E-3	4.075E-2
4.942	4.617E-4	4.063E-2
4.951	-2.846E-4	4.054E-2
4.959	-1.027E-3	4.053E-2
4.967	-1.690E-3	4.055E-2
4.976	-2.200E-3	4.060E-2
4.984	-2.502E-3	4.068E-2
4.992	-2.556E-3	4.078E-2
5.001	-2.386E-3	4.089E-2
5.009	-2.001E-3	4.099E-2
5.018	-1.438E-3	4.106E-2
5.026	-6.973E-4	4.112E-2
5.034	7.691E-5	4.111E-2
5.043	8.418E-4	4.113E-2
5.051	1.469E-3	4.112E-2
5.059	1.861E-3	4.108E-2
5.068	2.025E-3	4.104E-2
5.076	1.859E-3	4.102E-2
5.085	1.411E-3	4.102E-2
5.093	7.509E-4	4.100E-2
5.101	-7.775E-6	4.097E-2
5.110	-7.872E-4	4.096E-2
5.118	-1.485E-3	4.094E-2
5.126	-2.063E-3	4.092E-2
5.135	-2.414E-3	4.091E-2
5.143	-2.555E-3	4.085E-2
5.152	-2.450E-3	4.080E-2
5.160	-2.136E-3	4.079E-2
5.168	-1.609E-3	4.079E-2
5.177	-9.221E-4	4.079E-2
5.185	-1.698E-4	4.081E-2
5.193	6.104E-4	4.082E-2
5.202	1.308E-3	4.095E-2
5.210	1.804E-3	4.106E-2
5.219	2.042E-3	4.114E-2
5.227	1.944E-3	4.126E-2
5.235	1.592E-3	4.132E-2
5.244	1.010E-3	4.137E-2
5.252	2.511E-4	4.136E-2
5.260	-5.070E-4	4.134E-2
5.269	-1.240E-3	4.128E-2
5.277	-1.847E-3	4.117E-2
5.286	-2.276E-3	4.102E-2
5.294	-2.493E-3	4.084E-2
5.302	-2.506E-3	4.066E-2
5.311	-2.227E-3	4.050E-2
5.319	-1.789E-3	4.038E-2
5.327	-1.187E-3	4.034E-2
5.336	-4.517E-4	4.034E-2
5.344	2.891E-4	4.042E-2
5.353	9.671E-4	4.058E-2
5.361	1.511E-3	4.079E-2
5.369	1.818E-3	4.103E-2
5.378	1.831E-3	4.127E-2
5.386	1.591E-3	4.151E-2
5.394	1.112E-3	4.170E-2
5.403	4.562E-4	4.177E-2
5.411	-2.611E-4	4.176E-2
5.420	-9.549E-4	4.168E-2
5.428	-1.589E-3	4.151E-2
5.436	-2.057E-3	4.125E-2
5.445	-2.317E-3	4.097E-2
5.453	-2.330E-3	4.063E-2
5.461	-2.158E-3	4.034E-2
5.470	-1.806E-3	4.012E-2
5.478	-1.268E-3	4.001E-2
5.487	-5.882E-4	4.003E-2
5.495	7.139E-5	4.013E-2
5.503	7.130E-4	4.035E-2
5.512	1.274E-3	4.064E-2
5.520	1.572E-3	4.102E-2
5.528	1.672E-3	4.138E-2
5.537	1.542E-3	4.175E-2
5.545	1.155E-3	4.200E-2
5.554	6.164E-4	4.218E-2
5.562	-1.990E-5	4.220E-2
5.570	-6.753E-4	4.209E-2
5.579	-1.259E-3	4.188E-2
5.587	-1.706E-3	4.154E-2
5.595	-2.013E-3	4.110E-2
5.604	-2.123E-3	4.065E-2
5.612	-2.048E-3	4.024E-2
5.621	-1.778E-3	3.993E-2
5.629	-1.370E-3	3.973E-2
5.637	-7.879E-4	3.966E-2
5.646	-1.851E-4	3.977E-2
5.654	4.162E-4	4.008E-2
5.663	9.410E-4	4.046E-2
5.671	1.331E-3	4.095E-2
5.679	1.509E-3	4.145E-2
5.688	1.447E-3	4.191E-2
5.696	1.175E-3	4.228E-2
5.704	7.288E-4	4.248E-2
5.713	2.076E-4	4.252E-2
5.721	-3.655E-4	4.241E-2
5.730	-9.279E-4	4.214E-2
5.738	-1.397E-3	4.173E-2
5.746	-1.696E-3	4.121E-2
5.755	-1.865E-3	4.068E-2
5.763	-1.863E-3	4.014E-2
5.771	-1.664E-3	3.972E-2
5.780	-1.366E-3	3.945E-2
5.788	-9.168E-4	3.937E-2
5.797	-4.240E-4	3.948E-2
5.805	8.650E-5	3.977E-2
5.813	5.460E-4	4.026E-2
5.822	9.087E-4	4.083E-2
5.830	1.140E-3	4.138E-2
5.838	1.177E-3	4.195E-2
5.847	1.070E-3	4.242E-2
5.855	7.584E-4	4.269E-2
5.864	3.544E-4	4.279E-2
5.872	-7.692E-5	4.270E-2
5.880	-5.295E-4	4.241E-2
5.889	-9.408E-4	4.194E-2
5.897	-1.296E-3	4.137E-2
5.905	-1.517E-3	4.072E-2
5.914	-1.604E-3	4.013E-2
5.922	-1.568E-3	3.963E-2
5.931	-1.388E-3	3.931E-2
5.939	-1.028E-3	3.921E-2
5.947	-6.531E-4	3.930E-2
5.956	-2.477E-4	3.963E-2
5.964	1.821E-4	4.012E-2
5.972	5.279E-4	4.072E-2
5.981	7.768E-4	4.139E-2
5.989	8.869E-4	4.201E-2
5.998	8.924E-4	4.251E-2
6.006	7.170E-4	4.286E-2
6.014	4.505E-4	4.299E-2
6.023	1.421E-4	4.289E-2
6.031	-2.290E-4	4.259E-2
6.039	-5.675E-4	4.211E-2
6.048	-8.962E-4	4.150E-2
6.056	-1.150E-3	4.081E-2
6.065	-1.261E-3	4.015E-2
6.073	-1.249E-3	3.959E-2
6.081	-1.192E-3	3.920E-2
6.090	-1.004E-3	3.903E-2
6.098	-7.457E-4	3.911E-2
6.106	-4.536E-4	3.942E-2
6.115	-1.321E-4	3.992E-2
6.123	1.676E-4	4.057E-2
6.132	4.396E-4	4.128E-2
6.140	6.391E-4	4.193E-2
6.148	7.133E-4	4.249E-2
6.157	7.029E-4	4.289E-2
6.165	6.038E-4	4.308E-2
6.173	4.233E-4	4.303E-2
6.182	1.775E-4	4.274E-2
6.190	-1.068E-4	4.221E-2
6.199	-3.942E-4	4.158E-2
6.207	-6.626E-4	4.086E-2
6.215	-8.963E-4	4.015E-2
6.224	-9.831E-4	3.955E-2
6.232	-1.048E-3	3.916E-2
6.240	-1.022E-3	3.896E-2
6.249	-9.171E-4	3.899E-2
6.257	-7.328E-4	3.930E-2
6.266	-5.002E-4	3.983E-2
6.274	-2.484E-4	4.047E-2
6.282	3.064E-6	4.121E-2
6.291	2.336E-4	4.191E-2
6.299	4.301E-4	4.250E-2
6.307	5.324E-4	4.291E-2
6.316	5.938E-4	4.313E-2
6.324	5.768E-4	4.311E-2
6.333	4.233E-4	4.281E-2
6.341	2.268E-4	4.232E-2
6.349	-4.912E-7	4.171E-2
6.358	-2.478E-4	4.100E-2
6.366	-4.903E-4	4.031E-2
6.375	-7.117E-4	3.969E-2
6.383	-9.101E-4	3.921E-2
6.391	-9.730E-4	3.898E-2
6.400	-1.008E-3	3.899E-2
6.408	-9.489E-4	3.924E-2
6.416	-8.757E-4	3.971E-2
6.425	-6.991E-4	4.035E-2
6.433	-4.553E-4	4.107E-2
6.442	-2.035E-4	4.176E-2
6.450	5.026E-5	4.235E-2
6.458	2.747E-4	4.282E-2
6.467	4.463E-4	4.308E-2
6.475	6.138E-4	4.309E-2
6.483	6.403E-4	4.285E-2
6.492	5.820E-4	4.238E-2
6.500	4.214E-4	4.178E-2
6.509	2.056E-4	4.109E-2
6.517	-6.976E-5	4.038E-2
6.525	-3.703E-4	3.975E-2
6.534	-6.820E-4	3.927E-2
6.542	-9.219E-4	3.902E-2
6.550	-1.123E-3	3.900E-2
6.559	-1.190E-3	3.921E-2
6.567	-1.184E-3	3.965E-2
6.576	-1.073E-3	4.023E-2
6.584	-9.038E-4	4.095E-2
6.592	-6.312E-4	4.164E-2
6.601	-2.898E-4	4.223E-2
6.609	1.887E-5	4.266E-2
6.617	3.588E-4	4.291E-2
6.626	6.480E-4	4.292E-2
6.634	8.209E-4	4.271E-2
6.643	9.064E-4	4.230E-2
6.651	8.034E-4	4.173E-2
6.659	6.027E-4	4.109E-2
6.668	2.995E-4	4.044E-2
6.676	-4.773E-5	3.984E-2
6.684	-4.524E-4	3.941E-2
6.693	-8.074E-4	3.917E-2
6.701	-1.125E-3	3.915E-2
6.710	-1.356E-3	3.935E-2
6.718	-1.434E-3	3.972E-2
6.726	-1.417E-3	4.026E-2
6.735	-1.257E-3	4.088E-2
6.743	-9.627E-4	4.151E-2
6.751	-6.299E-4	4.205E-2
6.760	-2.351E-4	4.245E-2
6.768	2.012E-4	4.269E-2
6.777	6.097E-4	4.272E-2
6.785	9.340E-4	4.257E-2
6.793	1.121E-3	4.222E-2
6.802	1.148E-3	4.175E-2
6.810	9.773E-4	4.118E-2
6.818	6.922E-4	4.062E-2
6.827	2.741E-4	4.007E-2
6.835	-2.033E-4	3.966E-2
6.844	-6.739E-4	3.942E-2
6.852	-1.118E-3	3.939E-2
6.860	-1.448E-3	3.951E-2
6.869	-1.647E-3	3.981E-2
6.877	-1.689E-3	4.029E-2
6.885	-1.623E-3	4.082E-2
6.894	-1.391E-3	4.135E-2
6.902	-9.770E-4	4.183E-2
6.911	-5.210E-4	4.220E-2
6.919	-6.491E-6	4.244E-2
6.927	4.703E-4	4.250E-2
6.936	9.231E-4	4.239E-2
6.944	1.213E-3	4.211E-2
6.952	1.365E-3	4.172E-2
6.961	1.307E-3	4.125E-2
6.969	1.061E-3	4.076E-2
6.978	6.554E-4	4.031E-2
6.986	1.336E-4	3.993E-2
6.994	-4.244E-4	3.969E-2
7.003	-9.528E-4	3.963E-2
7.011	-1.412E-3	3.972E-2
7.020	-1.741E-3	3.994E-2
7.028	-1.867E-3	4.031E-2
7.036	-1.852E-3	4.076E-2
7.045	-1.646E-3	4.123E-2
7.053	-1.309E-3	4.165E-2
7.061	-8.210E-4	4.198E-2
7.070	-2.544E-4	4.219E-2
7.078	3.081E-4	4.225E-2
7.087	8.579E-4	4.218E-2
7.095	1.294E-3	4.196E-2
7.103	1.552E-3	4.166E-2
7.112	1.578E-3	4.129E-2
7.120	1.376E-3	4.087E-2
7.128	9.563E-4	4.053E-2
7.137	4.092E-4	4.023E-2
7.145	-2.212E-4	4.008E-2
7.154	-8.517E-4	4.001E-2
7.162	-1.406E-3	4.010E-2
7.170	-1.839E-3	4.026E-2
7.179	-2.084E-3	4.052E-2
7.187	-2.113E-3	4.085E-2
7.195	-1.939E-3	4.118E-2
7.204	-1.612E-3	4.150E-2
7.212	-1.121E-3	4.176E-2
7.221	-4.998E-4	4.193E-2
7.229	1.411E-4	4.199E-2
7.237	7.625E-4	4.197E-2
7.246	1.283E-3	4.182E-2
7.254	1.623E-3	4.157E-2
7.262	1.712E-3	4.131E-2
7.271	1.577E-3	4.103E-2
7.279	1.185E-3	4.079E-2
7.288	6.412E-4	4.056E-2
7.296	-1.203E-5	4.041E-2
7.304	-6.979E-4	4.035E-2
7.313	-1.342E-3	4.035E-2
7.321	-1.843E-3	4.044E-2
7.329	-2.139E-3	4.058E-2
7.338	-2.258E-3	4.079E-2
7.346	-2.152E-3	4.101E-2
7.355	-1.855E-3	4.122E-2
7.363	-1.388E-3	4.138E-2
7.371	-7.434E-4	4.149E-2
7.380	-5.689E-5	4.152E-2
7.388	6.145E-4	4.153E-2
7.396	1.199E-3	4.147E-2
7.405	1.614E-3	4.135E-2
7.413	1.822E-3	4.123E-2
7.422	1.737E-3	4.106E-2
7.430	1.382E-3	4.094E-2
7.438	8.637E-4	4.083E-2
7.447	2.023E-4	4.077E-2
7.455	-4.966E-4	4.074E-2
7.463	-1.177E-3	4.074E-2
7.472	-1.729E-3	4.077E-2
7.480	-2.094E-3	4.082E-2
7.489	-2.291E-3	4.086E-2
7.497	-2.263E-3	4.095E-2
7.505	-2.030E-3	4.104E-2
7.514	-1.600E-3	4.110E-2
7.522	-9.793E-4	4.114E-2
7.530	-2.888E-4	4.115E-2
7.539	4.127E-4	4.124E-2
7.547	1.052E-3	4.124E-2
7.556	1.565E-3	4.125E-2
7.564	1.834E-3	4.123E-2
7.572	1.835E-3	4.123E-2
7.581	1.577E-3	4.122E-2
7.589	1.096E-3	4.122E-2
7.597	4.407E-4	4.122E-2
7.606	-2.498E-4	4.122E-2
7.614	-9.485E-4	4.122E-2
7.623	-1.556E-3	4.115E-2
7.631	-2.005E-3	4.106E-2
7.639	-2.268E-3	4.102E-2
7.648	-2.309E-3	4.097E-2
7.656	-2.117E-3	4.098E-2
7.664	-1.715E-3	4.094E-2
7.673	-1.169E-3	4.089E-2
7.681	-4.771E-4	4.087E-2
7.690	2.147E-4	4.090E-2
7.698	8.678E-4	4.094E-2
7.706	1.391E-3	4.106E-2
7.715	1.703E-3	4.114E-2
7.723	1.789E-3	4.125E-2
7.732	1.605E-3	4.134E-2
7.740	1.174E-3	4.142E-2
7.748	6.010E-4	4.150E-2
7.757	-6.099E-5	4.150E-2
7.765	-7.403E-4	4.150E-2
7.773	-1.361E-3	4.137E-2
7.782	-1.846E-3	4.122E-2
7.790	-2.123E-3	4.105E-2
7.799	-2.203E-3	4.086E-2
7.807	-2.077E-3	4.068E-2
7.815	-1.767E-3	4.058E-2
7.824	-1.295E-3	4.049E-2
7.832	-6.816E-4	4.049E-2
7.840	-2.487E-5	4.055E-2
7.849	6.245E-4	4.064E-2
7.857	1.165E-3	4.082E-2
7.866	1.560E-3	4.104E-2
7.874	1.671E-3	4.127E-2
7.882	1.595E-3	4.150E-2
7.891	1.238E-3	4.170E-2
7.899	6.996E-4	4.181E-2
7.907	8.928E-5	4.184E-2
7.916	-5.571E-4	4.180E-2
7.924	-1.153E-3	4.163E-2
7.933	-1.643E-3	4.145E-2
7.941	-1.934E-3	4.119E-2
7.949	-2.093E-3	4.089E-2
7.958	-2.043E-3	4.059E-2
7.966	-1.815E-3	4.035E-2
7.974	-1.409E-3	4.016E-2
7.983	-8.650E-4	4.010E-2
7.991	-2.676E-4	4.013E-2
8.000	3.393E-4	4.030E-2
8.008	8.742E-4	4.055E-2
8.016	1.286E-3	4.085E-2
8.025	1.511E-3	4.122E-2
8.033	1.527E-3	4.155E-2
8.041	1.283E-3	4.182E-2
8.050	8.765E-4	4.201E-2
8.058	3.420E-4	4.211E-2
8.067	-2.530E-4	4.214E-2
8.075	-8.166E-4	4.196E-2
8.083	-1.349E-3	4.168E-2
8.092	-1.672E-3	4.131E-2
8.100	-1.864E-3	4.090E-2
8.108	-1.869E-3	4.051E-2
8.117	-1.695E-3	4.016E-2
8.125	-1.392E-3	3.991E-2
8.134	-9.327E-4	3.980E-2
8.142	-4.317E-4	3.986E-2
8.150	1.007E-4	4.002E-2
8.159	5.881E-4	4.034E-2
8.167	9.916E-4	4.075E-2
8.175	1.224E-3	4.121E-2
8.184	1.282E-3	4.166E-2
8.192	1.155E-3	4.204E-2
8.201	8.743E-4	4.229E-2
8.209	4.344E-4	4.242E-2
8.217	-3.931E-5	4.242E-2
8.226	-5.325E-4	4.223E-2
8.234	-9.617E-4	4.189E-2
8.242	-1.362E-3	4.148E-2
8.251	-1.582E-3	4.100E-2
8.259	-1.645E-3	4.051E-2
8.268	-1.598E-3	4.008E-2
8.276	-1.385E-3	3.977E-2
8.284	-1.009E-3	3.963E-2
8.293	-5.977E-4	3.964E-2
8.301	-1.745E-4	3.983E-2
8.309	2.434E-4	4.016E-2
8.318	6.491E-4	4.061E-2
8.326	9.143E-4	4.113E-2
8.335	1.051E-3	4.164E-2
8.343	1.015E-3	4.213E-2
8.351	8.422E-4	4.248E-2
8.360	5.109E-4	4.266E-2
8.368	1.472E-4	4.266E-2
8.376	-2.582E-4	4.246E-2
8.385	-6.711E-4	4.209E-2
8.393	-9.844E-4	4.161E-2
8.402	-1.224E-3	4.104E-2
8.410	-1.381E-3	4.047E-2
8.418	-1.387E-3	4.000E-2
8.427	-1.262E-3	3.965E-2
8.435	-1.014E-3	3.943E-2
8.444	-6.951E-4	3.942E-2
8.452	-3.457E-4	3.961E-2
8.460	2.744E-5	3.996E-2
8.469	3.543E-4	4.043E-2
8.477	6.467E-4	4.101E-2
8.485	7.908E-4	4.160E-2
8.494	8.510E-4	4.214E-2
8.502	7.646E-4	4.253E-2
8.511	5.920E-4	4.273E-2
8.519	3.471E-4	4.272E-2
8.527	1.031E-5	4.255E-2
8.536	-3.089E-4	4.221E-2
8.544	-6.220E-4	4.168E-2
8.552	-8.929E-4	4.109E-2
8.561	-1.052E-3	4.048E-2
8.569	-1.186E-3	3.994E-2
8.578	-1.175E-3	3.949E-2
8.586	-1.036E-3	3.922E-2
8.594	-8.640E-4	3.918E-2
8.603	-6.409E-4	3.938E-2
8.611	-3.710E-4	3.974E-2
8.619	-7.667E-5	4.025E-2
8.628	1.813E-4	4.089E-2
8.636	4.088E-4	4.151E-2
8.645	5.269E-4	4.209E-2
8.653	5.946E-4	4.255E-2
8.661	5.383E-4	4.284E-2
8.670	4.182E-4	4.290E-2
8.678	2.205E-4	4.272E-2
8.686	-9.934E-6	4.236E-2
8.695	-2.533E-4	4.182E-2
8.703	-4.866E-4	4.118E-2
8.712	-7.010E-4	4.057E-2
8.720	-8.864E-4	3.997E-2
8.728	-9.483E-4	3.948E-2
8.737	-9.514E-4	3.919E-2
8.745	-9.428E-4	3.916E-2
8.753	-7.591E-4	3.931E-2
8.762	-6.382E-4	3.968E-2
8.770	-4.385E-4	4.020E-2
8.779	-2.231E-4	4.082E-2
8.787	1.442E-6	4.147E-2
8.795	2.061E-4	4.206E-2
8.804	3.797E-4	4.251E-2
8.812	4.486E-4	4.281E-2
8.820	4.672E-4	4.290E-2
8.829	4.306E-4	4.275E-2
8.837	3.058E-4	4.239E-2
8.846	1.320E-4	4.186E-2
8.854	-7.392E-5	4.127E-2
8.862	-2.967E-4	4.062E-2
8.871	-5.081E-4	4.002E-2
8.879	-6.931E-4	3.956E-2
8.887	-8.711E-4	3.925E-2
8.896	-9.042E-4	3.916E-2
8.904	-9.204E-4	3.928E-2
8.913	-9.145E-4	3.963E-2
8.921	-7.429E-4	4.013E-2
8.929	-5.680E-4	4.071E-2
8.938	-3.238E-4	4.138E-2
8.946	-6.776E-5	4.196E-2
8.954	1.713E-4	4.245E-2
8.963	3.788E-4	4.273E-2
8.971	5.197E-4	4.284E-2
8.980	6.110E-4	4.272E-2
8.988	6.070E-4	4.240E-2
8.996	5.068E-4	4.192E-2
9.005	3.144E-4	4.133E-2
9.013	5.914E-5	4.068E-2
9.021	-2.173E-4	4.009E-2
9.030	-4.757E-4	3.963E-2
9.038	-7.159E-4	3.931E-2
9.047	-9.265E-4	3.922E-2
9.055	-1.068E-3	3.934E-2
9.063	-1.159E-3	3.966E-2
9.072	-1.108E-3	4.011E-2
9.080	-9.572E-4	4.066E-2
9.088	-7.335E-4	4.126E-2
9.097	-4.629E-4	4.184E-2
9.105	-1.869E-4	4.228E-2
9.114	1.459E-4	4.261E-2
9.122	4.302E-4	4.271E-2
9.130	6.584E-4	4.264E-2
9.139	7.210E-4	4.237E-2
9.147	7.155E-4	4.194E-2
9.156	6.481E-4	4.139E-2
9.164	4.296E-4	4.082E-2
9.172	1.372E-4	4.026E-2
9.181	-2.114E-4	3.982E-2
9.189	-5.512E-4	3.951E-2
9.197	-8.794E-4	3.939E-2
9.206	-1.161E-3	3.944E-2
9.214	-1.300E-3	3.971E-2
9.223	-1.379E-3	4.011E-2
9.231	-1.315E-3	4.062E-2
9.239	-1.147E-3	4.117E-2
9.248	-8.677E-4	4.172E-2
9.256	-5.012E-4	4.217E-2
9.264	-7.710E-5	4.246E-2
9.273	2.764E-4	4.260E-2
9.281	6.345E-4	4.255E-2
9.290	8.910E-4	4.234E-2
9.298	9.577E-4	4.196E-2
9.306	9.452E-4	4.149E-2
9.315	7.118E-4	4.096E-2
9.323	4.265E-4	4.045E-2
9.331	1.846E-5	4.003E-2
9.340	-4.177E-4	3.975E-2
9.348	-8.559E-4	3.961E-2
9.357	-1.215E-3	3.963E-2
9.365	-1.460E-3	3.988E-2
9.373	-1.608E-3	4.020E-2
9.382	-1.609E-3	4.062E-2
9.390	-1.437E-3	4.108E-2
9.398	-1.167E-3	4.154E-2
9.407	-7.496E-4	4.195E-2
9.415	-2.901E-4	4.222E-2
9.424	1.837E-4	4.236E-2
9.432	6.300E-4	4.235E-2
9.440	9.664E-4	4.219E-2
9.449	1.169E-3	4.187E-2
9.457	1.188E-3	4.148E-2
9.465	1.069E-3	4.105E-2
9.474	7.410E-4	4.061E-2
9.482	3.071E-4	4.023E-2
9.491	-2.092E-4	4.001E-2
9.499	-7.086E-4	3.990E-2
9.507	-1.174E-3	3.990E-2
9.516	-1.530E-3	4.008E-2
9.524	-1.740E-3	4.035E-2
9.532	-1.814E-3	4.069E-2
9.541	-1.685E-3	4.109E-2
9.549	-1.426E-3	4.147E-2
9.558	-1.016E-3	4.179E-2
9.566	-5.080E-4	4.201E-2
9.574	1.242E-5	4.213E-2
9.583	5.184E-4	4.215E-2
9.591	9.573E-4	4.202E-2
9.599	1.268E-3	4.177E-2
9.608	1.366E-3	4.147E-2
9.616	1.300E-3	4.110E-2
9.625	1.019E-3	4.077E-2
9.633	5.414E-4	4.049E-2
9.641	-2.560E-6	4.030E-2
9.650	-5.505E-4	4.018E-2
9.658	-1.091E-3	4.015E-2
9.666	-1.559E-3	4.027E-2
9.675	-1.872E-3	4.045E-2
9.683	-1.950E-3	4.071E-2
9.692	-1.896E-3	4.101E-2
9.700	-1.665E-3	4.129E-2
9.708	-1.307E-3	4.152E-2
9.717	-7.926E-4	4.172E-2
9.725	-2.138E-4	4.180E-2
9.733	3.864E-4	4.178E-2
9.742	9.217E-4	4.172E-2
9.750	1.321E-3	4.155E-2
9.759	1.538E-3	4.133E-2
9.767	1.546E-3	4.108E-2
9.775	1.315E-3	4.084E-2
9.784	8.796E-4	4.064E-2
9.792	3.211E-4	4.049E-2
9.800	-3.023E-4	4.040E-2
9.809	-8.897E-4	4.038E-2
9.817	-1.413E-3	4.040E-2
9.826	-1.812E-3	4.053E-2
9.834	-2.016E-3	4.069E-2
9.842	-2.042E-3	4.087E-2
9.851	-1.869E-3	4.104E-2
9.859	-1.494E-3	4.122E-2
9.868	-9.608E-4	4.132E-2
9.876	-3.903E-4	4.138E-2
9.884	2.327E-4	4.138E-2
9.893	8.107E-4	4.137E-2
9.901	1.238E-3	4.129E-2
9.909	1.527E-3	4.121E-2
9.918	1.596E-3	4.107E-2
9.926	1.391E-3	4.097E-2
9.935	9.918E-4	4.086E-2
9.943	4.396E-4	4.079E-2
9.951	-2.005E-4	4.078E-2
9.960	-8.230E-4	4.074E-2
9.968	-1.405E-3	4.076E-2
9.976	-1.838E-3	4.078E-2
9.985	-2.095E-3	4.084E-2
9.993	-2.134E-3	4.088E-2
10.002	-1.982E-3	4.096E-2
10.010	-1.690E-3	4.103E-2
10.018	-1.208E-3	4.106E-2
10.027	-6.192E-4	4.106E-2
10.035	-3.065E-6	4.109E-2
10.043	6.269E-4	4.109E-2
10.052	1.140E-3	4.108E-2
10.060	1.481E-3	4.107E-2
10.069	1.591E-3	4.106E-2
10.077	1.456E-3	4.106E-2
10.085	1.118E-3	4.106E-2
10.094	6.108E-4	4.105E-2
10.102	7.022E-6	4.104E-2
10.110	-6.380E-4	4.103E-2
10.119	-1.215E-3	4.102E-2
10.127	-1.675E-3	4.101E-2
10.136	-1.965E-3	4.093E-2
10.144	-2.081E-3	4.087E-2
10.152	-2.015E-3	4.081E-2
10.161	-1.768E-3	4.077E-2
10.169	-1.372E-3	4.077E-2
10.177	-7.821E-4	4.078E-2
10.186	-1.666E-4	4.079E-2
10.194	4.407E-4	4.083E-2
10.203	9.735E-4	4.089E-2
10.211	1.351E-3	4.100E-2
10.219	1.565E-3	4.108E-2
10.228	1.521E-3	4.123E-2
10.236	1.239E-3	4.132E-2
10.244	7.438E-4	4.136E-2
10.253	1.865E-4	4.138E-2
10.261	-4.359E-4	4.134E-2
10.270	-1.003E-3	4.128E-2
10.278	-1.488E-3	4.119E-2
10.286	-1.844E-3	4.104E-2
10.295	-1.991E-3	4.086E-2
10.303	-1.994E-3	4.071E-2
10.311	-1.834E-3	4.060E-2
10.320	-1.448E-3	4.045E-2
10.328	-9.300E-4	4.037E-2
10.337	-3.597E-4	4.036E-2
10.345	2.109E-4	4.043E-2
10.353	7.412E-4	4.058E-2
10.362	1.151E-3	4.077E-2
10.370	1.377E-3	4.100E-2
10.378	1.388E-3	4.125E-2
10.387	1.185E-3	4.146E-2
10.395	8.298E-4	4.160E-2
10.404	3.118E-4	4.170E-2
10.412	-2.632E-4	4.171E-2
10.420	-8.123E-4	4.161E-2
10.429	-1.293E-3	4.148E-2
10.437	-1.670E-3	4.126E-2
10.445	-1.875E-3	4.100E-2
10.454	-1.886E-3	4.074E-2
10.462	-1.760E-3	4.051E-2
10.471	-1.460E-3	4.033E-2
10.479	-1.010E-3	4.019E-2
10.487	-4.898E-4	4.016E-2
10.496	3.707E-5	4.024E-2
10.504	5.366E-4	4.044E-2
10.512	9.420E-4	4.071E-2
10.521	1.198E-3	4.104E-2
10.529	1.302E-3	4.135E-2
10.538	1.176E-3	4.165E-2
10.546	8.890E-4	4.190E-2
10.554	4.462E-4	4.203E-2
10.563	-3.140E-5	4.204E-2
10.571	-5.325E-4	4.195E-2
10.580	-9.802E-4	4.174E-2
10.588	-1.386E-3	4.144E-2
10.596	-1.623E-3	4.108E-2
10.605	-1.684E-3	4.071E-2
10.613	-1.626E-3	4.037E-2
10.621	-1.402E-3	4.011E-2
10.630	-1.067E-3	3.993E-2
10.638	-6.510E-4	3.991E-2
10.647	-1.973E-4	3.995E-2
10.655	2.594E-4	4.017E-2
10.663	6.715E-4	4.052E-2
10.672	9.473E-4	4.089E-2
10.680	1.117E-3	4.130E-2
10.688	1.088E-3	4.170E-2
10.697	8.970E-4	4.200E-2
10.705	5.381E-4	4.219E-2
10.714	1.255E-4	4.224E-2
10.722	-2.874E-4	4.216E-2
10.730	-7.126E-4	4.193E-2
10.739	-1.089E-3	4.157E-2
10.747	-1.375E-3	4.113E-2
10.755	-1.481E-3	4.065E-2
10.764	-1.462E-3	4.023E-2
10.772	-1.351E-3	3.990E-2
10.781	-1.091E-3	3.968E-2
10.789	-7.442E-4	3.963E-2
10.797	-3.407E-4	3.973E-2
10.806	5.406E-5	3.995E-2
10.814	4.129E-4	4.032E-2
10.822	6.990E-4	4.080E-2
10.831	9.055E-4	4.127E-2
10.839	9.253E-4	4.173E-2
10.848	8.219E-4	4.213E-2
10.856	6.149E-4	4.238E-2
10.864	3.000E-4	4.246E-2
10.873	-4.330E-5	4.237E-2
10.881	-4.231E-4	4.215E-2
10.889	-7.392E-4	4.175E-2
10.898	-1.003E-3	4.127E-2
10.906	-1.172E-3	4.075E-2
10.915	-1.219E-3	4.027E-2
10.923	-1.168E-3	3.989E-2
10.931	-1.013E-3	3.962E-2
10.940	-7.771E-4	3.951E-2
10.948	-4.756E-4	3.959E-2
10.956	-1.828E-4	3.987E-2
10.965	1.431E-4	4.029E-2
10.973	4.272E-4	4.080E-2
10.982	6.171E-4	4.131E-2
10.990	7.291E-4	4.180E-2
10.998	7.121E-4	4.222E-2
11.007	6.021E-4	4.250E-2
11.015	4.263E-4	4.262E-2
11.023	1.742E-4	4.252E-2
11.032	-1.106E-4	4.224E-2
11.040	-3.792E-4	4.182E-2
11.049	-6.499E-4	4.130E-2
11.057	-8.740E-4	4.073E-2
11.065	-9.533E-4	4.021E-2
11.074	-9.849E-4	3.975E-2
11.082	-9.374E-4	3.944E-2
11.090	-8.680E-4	3.933E-2
11.099	-6.973E-4	3.941E-2
11.107	-4.615E-4	3.967E-2
11.116	-2.246E-4	4.008E-2
11.124	5.449E-6	4.062E-2
11.132	2.263E-4	4.119E-2
11.141	3.978E-4	4.175E-2
11.149	4.579E-4	4.221E-2
11.157	4.670E-4	4.252E-2
11.166	4.466E-4	4.265E-2
11.174	2.645E-4	4.261E-2
11.183	6.598E-5	4.237E-2
11.191	-1.529E-4	4.196E-2
11.199	-3.846E-4	4.145E-2
11.208	-5.799E-4	4.086E-2
11.216	-7.332E-4	4.027E-2
11.225	-8.571E-4	3.982E-2
11.233	-9.272E-4	3.949E-2
11.241	-9.282E-4	3.933E-2
11.250	-8.573E-4	3.941E-2
11.258	-7.422E-4	3.965E-2
11.266	-5.354E-4	4.007E-2
11.275	-3.225E-4	4.060E-2
11.283	-1.062E-4	4.117E-2
11.292	7.256E-5	4.174E-2
11.300	2.238E-4	4.223E-2
11.308	3.503E-4	4.257E-2
11.317	4.206E-4	4.274E-2
11.325	4.230E-4	4.268E-2
11.333	3.391E-4	4.244E-2
11.342	1.976E-4	4.204E-2
11.350	8.994E-6	4.151E-2
11.359	-2.106E-4	4.092E-2
11.367	-4.152E-4	4.036E-2
11.375	-6.059E-4	3.988E-2
11.384	-7.462E-4	3.952E-2
11.392	-8.894E-4	3.940E-2
11.400	-9.359E-4	3.943E-2
11.409	-9.246E-4	3.965E-2
11.417	-8.125E-4	4.005E-2
11.426	-6.788E-4	4.057E-2
11.434	-4.798E-4	4.112E-2
11.442	-2.591E-4	4.166E-2
11.451	-2.607E-5	4.216E-2
11.459	1.826E-4	4.250E-2
11.467	3.557E-4	4.268E-2
11.476	4.655E-4	4.266E-2
11.484	4.885E-4	4.245E-2
11.493	4.569E-4	4.206E-2
11.501	3.535E-4	4.155E-2
11.509	1.847E-4	4.099E-2
11.518	-3.920E-5	4.044E-2
11.526	-2.750E-4	3.993E-2
11.534	-5.180E-4	3.960E-2
11.543	-7.274E-4	3.942E-2
11.551	-8.913E-4	3.942E-2
11.560	-9.684E-4	3.962E-2
11.568	-9.698E-4	3.997E-2
11.576	-9.372E-4	4.044E-2
11.585	-7.525E-4	4.097E-2
11.593	-5.297E-4	4.152E-2
11.601	-2.521E-4	4.197E-2
11.610	2.082E-5	4.234E-2
11.618	2.611E-4	4.254E-2
11.627	4.800E-4	4.250E-2
11.635	6.647E-4	4.232E-2
11.643	6.984E-4	4.200E-2
11.652	6.690E-4	4.155E-2
11.660	4.822E-4	4.104E-2
11.668	2.430E-4	4.053E-2
11.677	-2.715E-5	4.008E-2
11.685	-3.681E-4	3.973E-2
11.694	-6.936E-4	3.954E-2
11.702	-9.436E-4	3.957E-2
11.710	-1.165E-3	3.972E-2
11.719	-1.233E-3	4.003E-2
11.727	-1.218E-3	4.047E-2
11.735	-1.121E-3	4.098E-2
11.744	-9.029E-4	4.149E-2
11.752	-6.088E-4	4.191E-2
11.761	-2.671E-4	4.224E-2
11.769	7.406E-5	4.243E-2
11.777	4.169E-4	4.243E-2
11.786	6.708E-4	4.230E-2
11.794	8.793E-4	4.199E-2
11.802	9.122E-4	4.158E-2
11.811	7.654E-4	4.112E-2
11.819	5.090E-4	4.064E-2
11.828	1.975E-4	4.023E-2
11.836	-1.964E-4	3.992E-2
11.844	-6.007E-4	3.974E-2
11.853	-9.627E-4	3.969E-2
11.861	-1.238E-3	3.982E-2
11.869	-1.422E-3	4.009E-2
11.878	-1.447E-3	4.044E-2
11.886	-1.410E-3	4.084E-2
11.895	-1.178E-3	4.127E-2
11.903	-8.872E-4	4.167E-2
11.911	-4.888E-4	4.196E-2
11.920	-4.217E-5	4.216E-2
11.928	3.717E-4	4.218E-2
11.937	7.174E-4	4.209E-2
11.945	9.659E-4	4.189E-2
11.953	1.104E-3	4.156E-2
11.962	1.049E-3	4.119E-2
11.970	8.676E-4	4.082E-2
11.978	5.023E-4	4.045E-2
11.987	5.854E-5	4.018E-2
11.995	-4.217E-4	4.001E-2
12.004	-8.753E-4	3.999E-2
12.012	-1.238E-3	4.011E-2
12.020	-1.497E-3	4.032E-2
12.029	-1.618E-3	4.059E-2
12.037	-1.620E-3	4.093E-2
12.045	-1.422E-3	4.129E-2
12.054	-1.139E-3	4.158E-2
12.062	-7.124E-4	4.180E-2
12.071	-2.435E-4	4.197E-2
12.079	2.372E-4	4.199E-2
12.087	6.843E-4	4.195E-2
12.096	1.039E-3	4.176E-2
12.104	1.190E-3	4.151E-2
12.112	1.193E-3	4.123E-2
12.121	1.024E-3	4.092E-2
12.129	6.664E-4	4.061E-2
12.138	2.181E-4	4.038E-2
12.146	-2.833E-4	4.026E-2
12.154	-7.747E-4	4.021E-2
12.163	-1.210E-3	4.025E-2
12.171	-1.576E-3	4.039E-2
12.179	-1.776E-3	4.060E-2
12.188	-1.811E-3	4.083E-2
12.196	-1.683E-3	4.107E-2
12.205	-1.404E-3	4.130E-2
12.213	-9.603E-4	4.149E-2
12.221	-4.696E-4	4.161E-2
12.230	4.618E-5	4.165E-2
12.238	5.558E-4	4.168E-2
12.246	9.503E-4	4.154E-2
12.255	1.203E-3	4.135E-2
12.263	1.322E-3	4.116E-2
12.272	1.181E-3	4.100E-2
12.280	8.892E-4	4.081E-2
12.288	4.256E-4	4.063E-2
12.297	-8.073E-5	4.053E-2
12.305	-6.452E-4	4.051E-2
12.313	-1.168E-3	4.055E-2
12.322	-1.576E-3	4.060E-2
12.330	-1.846E-3	4.074E-2
12.339	-1.910E-3	4.086E-2
12.347	-1.847E-3	4.104E-2
12.355	-1.585E-3	4.115E-2
12.364	-1.185E-3	4.130E-2
12.372	-6.743E-4	4.136E-2
12.380	-9.072E-5	4.138E-2
12.389	4.450E-4	4.134E-2
12.397	9.295E-4	4.130E-2
12.406	1.266E-3	4.122E-2
12.414	1.373E-3	4.111E-2
12.422	1.337E-3	4.102E-2
12.431	1.083E-3	4.092E-2
12.439	6.624E-4	4.084E-2
12.447	9.771E-5	4.080E-2
12.456	-4.892E-4	4.076E-2
12.464	-1.004E-3	4.077E-2
12.473	-1.445E-3	4.078E-2
12.481	-1.775E-3	4.082E-2
12.489	-1.902E-3	4.084E-2
12.498	-1.885E-3	4.085E-2
12.506	-1.643E-3	4.093E-2
12.514	-1.303E-3	4.101E-2
12.523	-8.068E-4	4.103E-2
12.531	-2.338E-4	4.105E-2
12.540	3.272E-4	4.106E-2
12.548	8.371E-4	4.106E-2
12.556	1.209E-3	4.106E-2
12.565	1.395E-3	4.106E-2
12.573	1.386E-3	4.106E-2
12.581	1.160E-3	4.106E-2
12.590	7.504E-4	4.106E-2
12.598	2.224E-4	4.106E-2
12.607	-3.170E-4	4.105E-2
12.615	-8.807E-4	4.103E-2
12.623	-1.373E-3	4.101E-2
12.632	-1.694E-3	4.098E-2
12.640	-1.883E-3	4.092E-2
12.649	-1.878E-3	4.091E-2
12.657	-1.704E-3	4.081E-2
12.665	-1.389E-3	4.077E-2
12.674	-9.242E-4	4.077E-2
12.682	-4.082E-4	4.078E-2
12.690	1.593E-4	4.081E-2
12.699	6.814E-4	4.082E-2
12.707	1.112E-3	4.096E-2
12.716	1.363E-3	4.106E-2
12.724	1.405E-3	4.117E-2
12.732	1.220E-3	4.130E-2
12.741	8.951E-4	4.137E-2
12.749	4.234E-4	4.140E-2
12.757	-1.132E-4	4.144E-2
12.766	-6.547E-4	4.143E-2
12.774	-1.161E-3	4.134E-2
12.783	-1.547E-3	4.122E-2
12.791	-1.791E-3	4.107E-2
12.799	-1.862E-3	4.088E-2
12.808	-1.726E-3	4.075E-2
12.816	-1.441E-3	4.062E-2
12.824	-1.024E-3	4.053E-2
12.833	-5.079E-4	4.054E-2
12.841	9.308E-6	4.056E-2
12.850	4.988E-4	4.066E-2
12.858	9.271E-4	4.081E-2
12.866	1.193E-3	4.102E-2
12.875	1.313E-3	4.123E-2
12.883	1.211E-3	4.144E-2
12.891	9.330E-4	4.161E-2
12.900	4.980E-4	4.172E-2
12.908	6.469E-6	4.173E-2
12.917	-4.988E-4	4.173E-2
12.925	-9.574E-4	4.158E-2
12.933	-1.369E-3	4.138E-2
12.942	-1.632E-3	4.117E-2
12.950	-1.705E-3	4.092E-2
12.958	-1.669E-3	4.070E-2
12.967	-1.427E-3	4.051E-2
12.975	-1.109E-3	4.037E-2
12.984	-6.750E-4	4.031E-2
12.992	-2.134E-4	4.035E-2
13.000	2.520E-4	4.048E-2
13.009	6.803E-4	4.072E-2
13.017	9.679E-4	4.101E-2
13.025	1.136E-3	4.129E-2
13.034	1.128E-3	4.157E-2
13.042	9.331E-4	4.179E-2
13.051	5.831E-4	4.197E-2
13.059	1.881E-4	4.201E-2
13.067	-2.705E-4	4.200E-2
13.076	-7.127E-4	4.181E-2
13.084	-1.114E-3	4.155E-2
13.092	-1.395E-3	4.126E-2
13.101	-1.550E-3	4.089E-2
13.109	-1.567E-3	4.055E-2
13.118	-1.422E-3	4.027E-2
13.126	-1.158E-3	4.009E-2
13.134	-7.696E-4	4.001E-2
13.143	-3.525E-4	4.006E-2
13.151	2.420E-5	4.022E-2
13.159	4.285E-4	4.046E-2
13.168	7.173E-4	4.083E-2
13.176	9.130E-4	4.120E-2
13.185	9.325E-4	4.156E-2
13.193	8.690E-4	4.187E-2
13.201	6.231E-4	4.212E-2
13.210	2.619E-4	4.224E-2
13.218	-1.037E-4	4.222E-2
13.226	-4.917E-4	4.202E-2
13.235	-8.563E-4	4.174E-2
13.243	-1.152E-3	4.137E-2
13.252	-1.328E-3	4.093E-2
13.260	-1.395E-3	4.055E-2
13.268	-1.329E-3	4.018E-2
13.277	-1.168E-3	3.992E-2
13.285	-8.942E-4	3.981E-2
13.293	-5.371E-4	3.985E-2
13.302	-1.983E-4	4.001E-2
13.310	1.618E-4	4.033E-2
13.319	4.516E-4	4.073E-2
13.327	6.584E-4	4.118E-2
13.335	7.327E-4	4.163E-2
13.344	6.920E-4	4.201E-2
13.352	5.921E-4	4.226E-2
13.361	3.539E-4	4.241E-2
13.369	4.736E-5	4.242E-2
13.377	-2.594E-4	4.222E-2
13.386	-5.566E-4	4.191E-2
13.394	-8.211E-4	4.151E-2
13.402	-9.953E-4	4.104E-2
13.411	-1.139E-3	4.057E-2
13.419	-1.151E-3	4.015E-2
13.428	-1.017E-3	3.986E-2
13.436	-8.583E-4	3.969E-2
13.444	-6.456E-4	3.968E-2
13.453	-3.624E-4	3.986E-2
13.461	-7.817E-5	4.015E-2
13.469	1.839E-4	4.059E-2
13.478	4.057E-4	4.106E-2
13.486	5.098E-4	4.154E-2
13.495	5.775E-4	4.197E-2
13.503	4.737E-4	4.227E-2
13.511	3.729E-4	4.244E-2
13.520	2.009E-4	4.244E-2
13.528	-3.058E-5	4.226E-2
13.536	-2.749E-4	4.195E-2
13.545	-5.033E-4	4.150E-2
13.553	-7.049E-4	4.103E-2
13.562	-8.821E-4	4.053E-2
13.570	-9.311E-4	4.008E-2
13.578	-9.328E-4	3.973E-2
13.587	-8.879E-4	3.954E-2
13.595	-7.194E-4	3.957E-2
13.603	-5.256E-4	3.973E-2
13.612	-3.129E-4	4.005E-2
13.620	-7.308E-5	4.049E-2
13.629	1.036E-4	4.102E-2
13.637	2.401E-4	4.153E-2
13.645	3.704E-4	4.198E-2
13.654	4.302E-4	4.234E-2
13.662	4.034E-4	4.254E-2
13.670	3.032E-4	4.254E-2
13.679	1.719E-4	4.237E-2
13.687	-3.025E-6	4.204E-2
13.696	-2.093E-4	4.158E-2
13.704	-4.104E-4	4.107E-2
13.712	-5.685E-4	4.055E-2
13.721	-6.867E-4	4.009E-2
13.729	-7.546E-4	3.971E-2
13.737	-7.576E-4	3.948E-2
13.746	-7.390E-4	3.944E-2
13.754	-6.695E-4	3.960E-2
13.763	-5.405E-4	3.990E-2
13.771	-3.855E-4	4.036E-2
13.779	-2.312E-4	4.087E-2
13.788	-2.757E-5	4.139E-2
13.796	1.321E-4	4.190E-2
13.804	2.478E-4	4.226E-2
13.813	3.358E-4	4.247E-2
13.821	3.476E-4	4.251E-2
13.830	2.687E-4	4.238E-2
13.838	1.967E-4	4.207E-2
13.846	2.455E-5	4.160E-2
13.855	-9.390E-5	4.109E-2
13.863	-2.681E-4	4.057E-2
13.871	-4.637E-4	4.010E-2
13.880	-6.400E-4	3.972E-2
13.888	-7.335E-4	3.947E-2
13.897	-8.200E-4	3.942E-2
13.905	-8.752E-4	3.955E-2
13.913	-8.087E-4	3.986E-2
13.922	-7.064E-4	4.029E-2
13.930	-5.386E-4	4.081E-2
13.938	-3.592E-4	4.133E-2
13.947	-2.007E-4	4.179E-2
13.955	-4.547E-6	4.218E-2
13.964	1.926E-4	4.241E-2
13.972	3.154E-4	4.247E-2
13.980	3.995E-4	4.236E-2
13.989	4.130E-4	4.209E-2
13.997	3.654E-4	4.171E-2
14.005	2.263E-4	4.123E-2
14.014	1.706E-5	4.074E-2
14.022	-2.166E-4	4.028E-2
14.031	-4.473E-4	3.991E-2
14.039	-6.694E-4	3.966E-2
14.047	-8.509E-4	3.961E-2
14.056	-9.545E-4	3.970E-2
14.064	-9.680E-4	3.995E-2
14.073	-9.510E-4	4.033E-2
14.081	-8.753E-4	4.080E-2
14.089	-7.003E-4	4.129E-2
14.098	-4.679E-4	4.175E-2
14.106	-2.194E-4	4.212E-2
14.114	2.232E-5	4.237E-2
14.123	2.474E-4	4.244E-2
14.131	4.336E-4	4.238E-2
14.140	5.508E-4	4.213E-2
14.148	5.222E-4	4.176E-2
14.156	4.218E-4	4.130E-2
14.165	2.436E-4	4.083E-2
14.173	-2.058E-7	4.038E-2
14.181	-2.757E-4	4.003E-2
14.190	-5.478E-4	3.983E-2
14.198	-7.949E-4	3.975E-2
14.207	-9.690E-4	3.980E-2
14.215	-1.153E-3	4.005E-2
14.223	-1.174E-3	4.039E-2
14.232	-1.136E-3	4.079E-2
14.240	-9.488E-4	4.125E-2
14.248	-7.141E-4	4.167E-2
14.257	-4.304E-4	4.201E-2
14.265	-6.908E-5	4.222E-2
14.274	2.308E-4	4.229E-2
14.282	4.898E-4	4.221E-2
14.290	6.834E-4	4.200E-2
14.299	7.665E-4	4.169E-2
14.307	7.082E-4	4.130E-2
14.315	5.857E-4	4.087E-2
14.324	3.198E-4	4.049E-2
14.332	-2.472E-5	4.016E-2
14.341	-3.894E-4	3.993E-2
14.349	-7.377E-4	3.985E-2
14.357	-1.011E-3	3.991E-2
14.366	-1.224E-3	4.009E-2
14.374	-1.348E-3	4.037E-2
14.382	-1.363E-3	4.074E-2
14.391	-1.215E-3	4.111E-2
14.399	-9.490E-4	4.149E-2
14.408	-6.575E-4	4.177E-2
14.416	-2.592E-4	4.197E-2
14.424	1.445E-4	4.203E-2
14.433	4.868E-4	4.198E-2
14.441	7.575E-4	4.183E-2
14.449	9.228E-4	4.156E-2
14.458	9.273E-4	4.123E-2
14.466	8.561E-4	4.088E-2
14.475	5.852E-4	4.056E-2
14.483	2.373E-4	4.029E-2
14.491	-1.949E-4	4.012E-2
14.500	-6.255E-4	4.003E-2
14.508	-9.831E-4	4.007E-2
14.516	-1.313E-3	4.023E-2
14.525	-1.476E-3	4.048E-2
14.533	-1.519E-3	4.079E-2
14.542	-1.437E-3	4.108E-2
14.550	-1.200E-3	4.136E-2
14.558	-8.692E-4	4.159E-2
14.567	-4.644E-4	4.175E-2
14.575	-9.810E-6	4.181E-2
14.583	4.237E-4	4.178E-2
14.592	7.758E-4	4.169E-2
14.600	9.913E-4	4.150E-2
14.609	1.105E-3	4.126E-2
14.617	9.935E-4	4.100E-2
14.625	7.409E-4	4.076E-2
14.634	3.912E-4	4.055E-2
14.642	-4.119E-5	4.038E-2
14.650	-5.070E-4	4.032E-2
14.659	-9.416E-4	4.033E-2
14.667	-1.343E-3	4.041E-2
14.676	-1.597E-3	4.057E-2
14.684	-1.662E-3	4.078E-2
14.692	-1.624E-3	4.101E-2
14.701	-1.417E-3	4.124E-2
14.709	-1.079E-3	4.142E-2
14.717	-6.747E-4	4.155E-2
14.726	-2.048E-4	4.162E-2
14.734	2.601E-4	4.166E-2
14.743	6.844E-4	4.159E-2
14.751	9.846E-4	4.146E-2
14.759	1.140E-3	4.129E-2
14.768	1.142E-3	4.110E-2
14.776	9.120E-4	4.092E-2
14.785	5.423E-4	4.081E-2
14.793	6.053E-5	4.069E-2
14.801	-4.522E-4	4.064E-2
14.810	-9.361E-4	4.062E-2
14.818	-1.367E-3	4.063E-2
14.826	-1.664E-3	4.075E-2
14.835	-1.807E-3	4.085E-2
14.843	-1.828E-3	4.099E-2
14.852	-1.657E-3	4.109E-2
14.860	-1.346E-3	4.122E-2
14.868	-9.213E-4	4.130E-2
14.877	-4.354E-4	4.133E-2
14.885	6.296E-5	4.132E-2
14.893	4.999E-4	4.130E-2
14.902	8.754E-4	4.125E-2
14.910	1.101E-3	4.118E-2
14.919	1.119E-3	4.109E-2
14.927	9.613E-4	4.103E-2
14.935	6.341E-4	4.097E-2
14.944	1.911E-4	4.090E-2
14.952	-2.974E-4	4.084E-2
14.960	-7.815E-4	4.083E-2
14.969	-1.220E-3	4.082E-2
14.977	-1.571E-3	4.083E-2
14.986	-1.757E-3	4.085E-2
14.994	-1.842E-3	4.085E-2
15.002	-1.694E-3	4.090E-2
15.011	-1.415E-3	4.091E-2
15.019	-9.817E-4	4.088E-2
15.027	-4.948E-4	4.093E-2
15.036	1.831E-5	4.098E-2
15.044	4.875E-4	4.101E-2
15.053	9.055E-4	4.103E-2
15.061	1.156E-3	4.104E-2
15.069	1.230E-3	4.104E-2
15.078	1.118E-3	4.106E-2
15.086	8.494E-4	4.106E-2
15.094	4.228E-4	4.106E-2
15.103	-4.860E-5	4.106E-2
15.111	-5.667E-4	4.105E-2
15.120	-1.016E-3	4.105E-2
15.128	-1.398E-3	4.100E-2
15.136	-1.625E-3	4.095E-2
15.145	-1.705E-3	4.089E-2
15.153	-1.625E-3	4.082E-2
15.161	-1.400E-3	4.077E-2
15.170	-1.026E-3	4.078E-2
15.178	-5.428E-4	4.076E-2
15.187	-2.257E-5	4.078E-2
15.195	4.572E-4	4.082E-2
15.203	8.876E-4	4.087E-2
15.212	1.168E-3	4.099E-2
15.220	1.287E-3	4.108E-2
15.228	1.248E-3	4.121E-2
15.237	9.648E-4	4.130E-2
15.245	5.653E-4	4.134E-2
15.254	6.328E-5	4.134E-2
15.262	-4.445E-4	4.132E-2
15.270	-9.132E-4	4.128E-2
15.279	-1.326E-3	4.118E-2
15.287	-1.607E-3	4.105E-2
15.295	-1.690E-3	4.088E-2
15.304	-1.657E-3	4.075E-2
15.312	-1.448E-3	4.061E-2
15.321	-1.157E-3	4.051E-2
15.329	-7.206E-4	4.050E-2
15.337	-2.486E-4	4.052E-2
15.346	2.245E-4	4.058E-2
15.354	6.597E-4	4.071E-2
15.362	9.562E-4	4.088E-2
15.371	1.137E-3	4.107E-2
15.379	1.139E-3	4.127E-2
15.388	9.503E-4	4.145E-2
15.396	6.299E-4	4.157E-2
15.404	2.157E-4	4.163E-2
15.413	-2.476E-4	4.167E-2
15.421	-6.992E-4	4.159E-2
15.430	-1.108E-3	4.142E-2
15.438	-1.399E-3	4.125E-2
15.446	-1.561E-3	4.102E-2
15.455	-1.591E-3	4.079E-2
15.463	-1.438E-3	4.057E-2
15.471	-1.188E-3	4.040E-2
15.480	-8.025E-4	4.031E-2
15.488	-3.893E-4	4.032E-2
15.497	3.273E-5	4.039E-2
15.505	4.426E-4	4.057E-2
15.513	7.426E-4	4.080E-2
15.522	9.359E-4	4.107E-2
15.530	9.422E-4	4.133E-2
15.538	9.140E-4	4.156E-2
15.547	6.351E-4	4.175E-2
15.555	2.650E-4	4.186E-2
15.564	-1.158E-4	4.191E-2
15.572	-5.058E-4	4.181E-2
15.580	-8.961E-4	4.161E-2
15.589	-1.185E-3	4.130E-2
15.597	-1.380E-3	4.101E-2
15.605	-1.418E-3	4.071E-2
15.614	-1.367E-3	4.042E-2
15.622	-1.179E-3	4.017E-2
15.631	-8.916E-4	4.007E-2
15.639	-5.069E-4	4.008E-2
15.647	-1.135E-4	4.014E-2
15.656	2.404E-4	4.035E-2
15.664	5.336E-4	4.062E-2
15.672	7.218E-4	4.097E-2
15.681	8.653E-4	4.131E-2
15.689	8.361E-4	4.163E-2
15.698	6.636E-4	4.191E-2
15.706	3.940E-4	4.205E-2
15.714	4.353E-5	4.204E-2
15.723	-2.914E-4	4.196E-2
15.731	-6.426E-4	4.175E-2
15.739	-9.194E-4	4.145E-2
15.748	-1.154E-3	4.107E-2
15.756	-1.209E-3	4.069E-2
15.765	-1.194E-3	4.036E-2
15.773	-1.101E-3	4.009E-2
15.781	-9.008E-4	3.991E-2
15.790	-6.254E-4	3.989E-2
15.798	-2.959E-4	3.995E-2
15.806	5.913E-7	4.016E-2
15.815	2.701E-4	4.050E-2
15.823	4.765E-4	4.088E-2
15.832	6.350E-4	4.128E-2
15.840	6.489E-4	4.168E-2
15.848	6.027E-4	4.198E-2
15.857	4.198E-4	4.218E-2
15.865	1.876E-4	4.222E-2
15.873	-9.276E-5	4.214E-2
15.882	-3.831E-4	4.192E-2
15.890	-6.664E-4	4.157E-2
15.899	-8.852E-4	4.114E-2
15.907	-9.636E-4	4.071E-2
15.915	-1.001E-3	4.033E-2
15.924	-9.778E-4	4.002E-2
15.932	-8.657E-4	3.984E-2
15.940	-6.887E-4	3.983E-2
15.949	-4.581E-4	3.988E-2
15.957	-2.199E-4	4.012E-2
15.966	1.662E-5	4.045E-2
15.974	2.242E-4	4.085E-2
15.982	4.022E-4	4.130E-2
15.991	4.611E-4	4.172E-2
15.999	4.599E-4	4.206E-2
16.007	3.945E-4	4.225E-2
16.016	2.339E-4	4.230E-2
16.024	2.488E-5	4.221E-2
16.033	-2.091E-4	4.197E-2
16.041	-4.328E-4	4.162E-2
16.049	-6.222E-4	4.122E-2
16.058	-7.492E-4	4.076E-2
16.066	-8.737E-4	4.033E-2
16.074	-9.143E-4	3.996E-2
16.083	-8.888E-4	3.972E-2
16.091	-7.520E-4	3.963E-2
16.100	-6.352E-4	3.970E-2
16.108	-4.725E-4	3.992E-2
16.116	-2.655E-4	4.030E-2
16.125	-4.771E-5	4.074E-2
16.133	1.130E-4	4.123E-2
16.142	1.991E-4	4.170E-2
16.150	2.528E-4	4.206E-2
16.158	2.496E-4	4.227E-2
16.167	2.169E-4	4.237E-2
16.175	1.470E-4	4.230E-2
16.183	-6.959E-6	4.204E-2
16.192	-1.778E-4	4.169E-2
16.200	-3.393E-4	4.124E-2
16.209	-4.823E-4	4.078E-2
16.217	-6.323E-4	4.033E-2
16.225	-7.168E-4	3.995E-2
16.234	-7.394E-4	3.969E-2
16.242	-7.313E-4	3.959E-2
16.250	-7.094E-4	3.965E-2
16.259	-6.131E-4	3.988E-2
16.267	-4.847E-4	4.025E-2
16.276	-3.084E-4	4.071E-2
16.284	-1.658E-4	4.121E-2
16.292	-1.130E-5	4.168E-2
16.301	1.289E-4	4.206E-2
16.309	2.295E-4	4.229E-2
16.317	2.629E-4	4.239E-2
16.326	2.511E-4	4.235E-2
16.334	2.100E-4	4.216E-2
16.343	1.100E-4	4.180E-2
16.351	-3.485E-5	4.134E-2
16.359	-2.194E-4	4.085E-2
16.368	-3.778E-4	4.038E-2
16.376	-5.250E-4	4.001E-2
16.384	-6.838E-4	3.977E-2
16.393	-7.361E-4	3.967E-2
16.401	-7.699E-4	3.970E-2
16.410	-7.552E-4	3.990E-2
16.418	-6.972E-4	4.025E-2
16.426	-5.731E-4	4.068E-2
16.435	-4.301E-4	4.111E-2
16.443	-2.466E-4	4.156E-2
16.451	-4.225E-5	4.195E-2
16.460	1.204E-4	4.223E-2
16.468	2.596E-4	4.234E-2
16.477	3.660E-4	4.232E-2
16.485	4.164E-4	4.217E-2
16.493	3.859E-4	4.183E-2
16.502	2.831E-4	4.140E-2
16.510	1.358E-4	4.094E-2
16.518	-3.323E-5	4.052E-2
16.527	-2.481E-4	4.015E-2
16.535	-4.589E-4	3.989E-2
16.544	-6.574E-4	3.975E-2
16.552	-8.023E-4	3.974E-2
16.560	-8.769E-4	3.990E-2
16.569	-8.951E-4	4.022E-2
16.577	-8.531E-4	4.060E-2
16.585	-7.040E-4	4.104E-2
16.594	-5.075E-4	4.147E-2
16.602	-2.737E-4	4.183E-2
16.611	-2.789E-5	4.210E-2
16.619	2.017E-4	4.223E-2
16.627	3.903E-4	4.221E-2
16.636	4.987E-4	4.203E-2
16.644	5.463E-4	4.174E-2
16.652	4.743E-4	4.136E-2
16.661	3.738E-4	4.093E-2
16.669	1.928E-4	4.054E-2
16.678	-4.554E-5	4.017E-2
16.686	-3.265E-4	3.991E-2
16.694	-5.902E-4	3.980E-2
16.703	-8.510E-4	3.983E-2
16.711	-9.749E-4	3.998E-2
16.719	-1.095E-3	4.024E-2
16.728	-1.110E-3	4.061E-2
16.736	-9.823E-4	4.101E-2
16.745	-7.638E-4	4.137E-2
16.753	-5.061E-4	4.172E-2
16.761	-2.318E-4	4.196E-2
16.770	5.109E-5	4.210E-2
16.778	3.338E-4	4.213E-2
16.786	5.216E-4	4.200E-2
16.795	6.515E-4	4.175E-2
16.803	6.699E-4	4.142E-2
16.812	6.060E-4	4.106E-2
16.820	4.168E-4	4.067E-2
16.828	1.381E-4	4.036E-2
16.837	-1.961E-4	4.011E-2
16.845	-5.044E-4	3.998E-2
16.854	-8.013E-4	3.994E-2
16.862	-1.028E-3	4.007E-2
16.870	-1.184E-3	4.031E-2
16.879	-1.184E-3	4.060E-2
16.887	-1.147E-3	4.096E-2
16.895	-9.520E-4	4.130E-2
16.904	-6.949E-4	4.157E-2
16.912	-3.460E-4	4.178E-2
16.921	3.071E-6	4.192E-2
16.929	3.326E-4	4.194E-2
16.937	6.133E-4	4.181E-2
16.946	8.281E-4	4.162E-2
16.954	9.340E-4	4.136E-2
16.962	8.731E-4	4.105E-2
16.971	6.891E-4	4.076E-2
16.979	3.877E-4	4.048E-2
16.988	3.071E-5	4.032E-2
16.996	-3.787E-4	4.018E-2
17.004	-7.457E-4	4.015E-2
17.013	-1.074E-3	4.022E-2
17.021	-1.315E-3	4.037E-2
17.029	-1.417E-3	4.060E-2
17.038	-1.400E-3	4.087E-2
17.046	-1.210E-3	4.113E-2
17.055	-9.260E-4	4.134E-2
17.063	-5.918E-4	4.152E-2
17.071	-2.255E-4	4.165E-2
17.080	1.985E-4	4.168E-2
17.088	5.516E-4	4.164E-2
17.096	8.460E-4	4.152E-2
17.105	9.545E-4	4.130E-2
17.113	9.420E-4	4.106E-2
17.122	8.047E-4	4.082E-2
17.130	4.625E-4	4.060E-2
17.138	8.646E-5	4.042E-2
17.147	-3.394E-4	4.034E-2
17.155	-7.375E-4	4.034E-2
17.163	-1.113E-3	4.037E-2
17.172	-1.403E-3	4.049E-2
17.180	-1.556E-3	4.066E-2
17.189	-1.576E-3	4.084E-2
17.197	-1.451E-3	4.103E-2
17.205	-1.192E-3	4.123E-2
17.214	-7.874E-4	4.134E-2
17.222	-3.670E-4	4.145E-2
17.230	4.569E-5	4.146E-2
17.239	4.524E-4	4.147E-2
17.247	8.197E-4	4.135E-2
17.256	1.010E-3	4.124E-2
17.264	1.065E-3	4.107E-2
17.272	9.334E-4	4.091E-2
17.281	6.694E-4	4.078E-2
17.289	2.700E-4	4.066E-2
17.297	-1.956E-4	4.058E-2
17.306	-6.540E-4	4.056E-2
17.314	-1.036E-3	4.058E-2
17.323	-1.379E-3	4.063E-2
17.331	-1.586E-3	4.075E-2
17.339	-1.615E-3	4.084E-2
17.348	-1.557E-3	4.097E-2
17.356	-1.349E-3	4.106E-2
17.364	-9.832E-4	4.113E-2
17.373	-5.338E-4	4.120E-2
17.381	-5.321E-5	4.123E-2
17.390	4.129E-4	4.124E-2
17.398	7.770E-4	4.123E-2
17.406	1.004E-3	4.117E-2
17.415	1.109E-3	4.110E-2
17.423	1.021E-3	4.103E-2
17.431	7.485E-4	4.100E-2
17.440	3.819E-4	4.096E-2
17.448	-5.052E-5	4.090E-2
17.457	-5.062E-4	4.086E-2
17.465	-9.390E-4	4.084E-2
17.473	-1.313E-3	4.084E-2
17.482	-1.570E-3	4.084E-2
17.490	-1.667E-3	4.084E-2
17.498	-1.620E-3	4.088E-2
17.507	-1.415E-3	4.090E-2
17.515	-1.077E-3	4.088E-2
17.524	-6.894E-4	4.090E-2
17.532	-2.319E-4	4.089E-2
17.540	2.281E-4	4.088E-2
17.549	6.489E-4	4.088E-2
17.557	9.346E-4	4.088E-2
17.566	1.113E-3	4.088E-2
17.574	1.094E-3	4.089E-2
17.582	8.998E-4	4.088E-2
17.591	5.304E-4	4.087E-2
17.599	8.871E-5	4.087E-2
17.607	-4.034E-4	4.086E-2
17.616	-8.713E-4	4.084E-2
17.624	-1.251E-3	4.082E-2
17.633	-1.488E-3	4.079E-2
17.641	-1.624E-3	4.076E-2
17.649	-1.622E-3	4.068E-2
17.658	-1.440E-3	4.061E-2
17.666	-1.155E-3	4.058E-2
17.674	-7.418E-4	4.058E-2
17.683	-2.838E-4	4.058E-2
17.691	1.856E-4	4.059E-2
17.700	5.986E-4	4.066E-2
17.708	9.268E-4	4.077E-2
17.716	1.120E-3	4.086E-2
17.725	1.126E-3	4.096E-2
17.733	9.557E-4	4.109E-2
17.741	6.691E-4	4.115E-2
17.750	2.477E-4	4.122E-2
17.758	-2.093E-4	4.126E-2
17.767	-6.523E-4	4.125E-2
17.775	-1.020E-3	4.119E-2
17.783	-1.333E-3	4.106E-2
17.792	-1.494E-3	4.095E-2
17.800	-1.484E-3	4.081E-2
17.808	-1.388E-3	4.068E-2
17.817	-1.156E-3	4.055E-2
17.825	-8.045E-4	4.050E-2
17.834	-3.859E-4	4.050E-2
17.842	2.497E-5	4.056E-2
17.850	4.423E-4	4.065E-2
17.859	7.470E-4	4.079E-2
17.867	9.442E-4	4.099E-2
17.875	9.826E-4	4.115E-2
17.884	9.070E-4	4.134E-2
17.892	6.657E-4	4.149E-2
17.901	3.158E-4	4.157E-2
17.909	-8.660E-5	4.155E-2
17.917	-4.926E-4	4.152E-2
17.926	-8.928E-4	4.142E-2
17.934	-1.184E-3	4.127E-2
17.942	-1.395E-3	4.105E-2
17.951	-1.429E-3	4.082E-2
17.959	-1.389E-3	4.060E-2
17.968	-1.187E-3	4.042E-2
17.976	-9.048E-4	4.032E-2
17.984	-5.175E-4	4.030E-2
17.993	-1.253E-4	4.035E-2
18.001	2.208E-4	4.045E-2
18.009	5.489E-4	4.064E-2
18.018	7.548E-4	4.085E-2
18.026	8.787E-4	4.110E-2
18.035	8.595E-4	4.133E-2
18.043	6.639E-4	4.154E-2
18.051	4.014E-4	4.168E-2
18.060	2.981E-5	4.172E-2
18.068	-3.223E-4	4.171E-2
18.076	-6.785E-4	4.156E-2
18.085	-9.522E-4	4.132E-2
18.093	-1.181E-3	4.105E-2
18.102	-1.267E-3	4.077E-2
18.110	-1.241E-3	4.051E-2
18.118	-1.125E-3	4.029E-2
18.127	-8.931E-4	4.013E-2
18.135	-6.070E-4	4.009E-2
18.143	-2.744E-4	4.013E-2
18.152	5.372E-5	4.030E-2
18.160	3.705E-4	4.054E-2
18.169	6.221E-4	4.083E-2
18.177	7.267E-4	4.116E-2
18.185	7.195E-4	4.149E-2
18.194	6.509E-4	4.174E-2
18.202	4.331E-4	4.193E-2
18.210	1.623E-4	4.198E-2
18.219	-1.548E-4	4.197E-2
18.227	-4.748E-4	4.179E-2
18.236	-7.328E-4	4.154E-2
18.244	-9.360E-4	4.124E-2
18.252	-1.109E-3	4.087E-2
18.261	-1.130E-3	4.053E-2
18.269	-1.068E-3	4.025E-2
18.278	-9.309E-4	4.009E-2
18.286	-7.033E-4	3.999E-2
18.294	-4.485E-4	4.008E-2
18.303	-1.619E-4	4.025E-2
18.311	1.211E-4	4.052E-2
18.319	3.769E-4	4.086E-2
18.328	4.900E-4	4.122E-2
18.336	5.687E-4	4.158E-2
18.345	4.737E-4	4.186E-2
18.353	3.708E-4	4.210E-2
18.361	1.973E-4	4.222E-2
18.370	-2.814E-5	4.218E-2
18.378	-2.740E-4	4.201E-2
18.386	-5.096E-4	4.173E-2
18.395	-7.112E-4	4.137E-2
18.403	-8.890E-4	4.096E-2
18.412	-9.331E-4	4.060E-2
18.420	-9.344E-4	4.025E-2
18.428	-8.866E-4	4.004E-2
18.437	-7.104E-4	3.993E-2
18.445	-5.049E-4	3.994E-2
18.453	-2.774E-4	4.011E-2
18.462	-4.177E-5	4.038E-2
18.470	1.460E-4	4.075E-2
18.479	2.848E-4	4.116E-2
18.487	4.019E-4	4.157E-2
18.495	4.355E-4	4.190E-2
18.504	3.898E-4	4.216E-2
18.512	2.649E-4	4.228E-2
18.520	1.056E-4	4.225E-2
18.529	-7.776E-5	4.204E-2
18.537	-2.634E-4	4.175E-2
18.546	-4.563E-4	4.138E-2
18.554	-6.279E-4	4.095E-2
18.562	-7.141E-4	4.055E-2
18.571	-7.247E-4	4.017E-2
18.579	-7.298E-4	3.991E-2
18.587	-6.933E-4	3.979E-2
18.596	-6.086E-4	3.983E-2
18.604	-4.718E-4	3.998E-2
18.613	-2.823E-4	4.027E-2
18.621	-1.002E-4	4.065E-2
18.629	2.967E-5	4.106E-2
18.638	1.740E-4	4.149E-2
18.646	2.435E-4	4.184E-2
18.654	2.582E-4	4.210E-2
18.663	2.398E-4	4.225E-2
18.671	1.996E-4	4.224E-2
18.680	4.935E-5	4.205E-2
18.688	-5.416E-5	4.176E-2
18.696	-2.310E-4	4.140E-2
18.705	-3.784E-4	4.099E-2
18.713	-5.065E-4	4.057E-2
18.721	-6.348E-4	4.016E-2
18.730	-6.994E-4	3.989E-2
18.738	-7.118E-4	3.974E-2
18.747	-7.011E-4	3.971E-2
18.755	-6.706E-4	3.986E-2
18.763	-5.130E-4	4.013E-2
18.772	-4.017E-4	4.053E-2
18.780	-2.649E-4	4.097E-2
18.788	-8.316E-5	4.143E-2
18.797	2.014E-5	4.179E-2
18.805	1.493E-4	4.206E-2
18.814	2.132E-4	4.222E-2
18.822	2.297E-4	4.221E-2
18.830	2.270E-4	4.205E-2
18.839	1.532E-4	4.177E-2
18.847	2.885E-5	4.142E-2
18.855	-8.556E-5	4.102E-2
18.864	-2.410E-4	4.058E-2
18.872	-4.170E-4	4.020E-2
18.881	-5.324E-4	3.989E-2
18.889	-6.475E-4	3.972E-2
18.897	-7.108E-4	3.970E-2
18.906	-7.064E-4	3.984E-2
18.914	-6.897E-4	4.011E-2
18.922	-6.323E-4	4.048E-2
18.931	-4.880E-4	4.091E-2
18.939	-3.253E-4	4.131E-2
18.948	-1.777E-4	4.170E-2
18.956	-3.660E-6	4.198E-2
18.964	1.549E-4	4.217E-2
18.973	2.446E-4	4.219E-2
18.981	3.021E-4	4.206E-2
18.990	2.848E-4	4.179E-2
18.998	2.178E-4	4.145E-2
19.006	1.303E-4	4.105E-2
19.015	-1.245E-5	4.063E-2
19.023	-2.115E-4	4.027E-2
19.031	-4.263E-4	3.998E-2
19.040	-6.082E-4	3.981E-2
19.048	-7.409E-4	3.981E-2
19.057	-8.669E-4	3.991E-2
19.065	-9.205E-4	4.014E-2
19.073	-9.021E-4	4.049E-2
19.082	-7.554E-4	4.088E-2
19.090	-6.322E-4	4.128E-2
19.098	-4.496E-4	4.165E-2
19.107	-2.312E-4	4.195E-2
19.115	-1.542E-5	4.211E-2
19.124	1.917E-4	4.218E-2
19.132	3.637E-4	4.206E-2
19.140	4.377E-4	4.181E-2
19.149	4.455E-4	4.150E-2
19.157	3.897E-4	4.112E-2
19.165	2.251E-4	4.076E-2
19.174	2.291E-6	4.039E-2
19.182	-2.404E-4	4.011E-2
19.191	-4.770E-4	3.993E-2
19.199	-7.049E-4	3.989E-2
19.207	-9.034E-4	3.999E-2
19.216	-9.579E-4	4.015E-2
19.224	-9.779E-4	4.044E-2
19.232	-9.328E-4	4.079E-2
19.241	-7.987E-4	4.117E-2
19.249	-5.573E-4	4.151E-2
19.258	-3.044E-4	4.176E-2
19.266	-9.425E-6	4.193E-2
19.274	2.389E-4	4.198E-2
19.283	4.611E-4	4.193E-2
19.291	6.045E-4	4.174E-2
19.299	6.902E-4	4.147E-2
19.308	6.410E-4	4.113E-2
19.316	4.838E-4	4.080E-2
19.325	2.444E-4	4.051E-2
19.333	-2.698E-5	4.028E-2
19.341	-3.326E-4	4.012E-2
19.350	-6.298E-4	4.009E-2
19.358	-8.969E-4	4.014E-2
19.366	-1.083E-3	4.032E-2
19.375	-1.180E-3	4.056E-2
19.383	-1.167E-3	4.084E-2
19.392	-9.921E-4	4.115E-2
19.400	-7.868E-4	4.144E-2
19.408	-4.918E-4	4.169E-2
19.417	-1.936E-4	4.181E-2
19.425	1.513E-4	4.184E-2
19.433	4.441E-4	4.176E-2
19.442	6.777E-4	4.164E-2
19.450	7.649E-4	4.144E-2
19.459	7.434E-4	4.118E-2
19.467	6.618E-4	4.091E-2
19.475	4.288E-4	4.064E-2
19.484	1.226E-4	4.040E-2
19.492	-2.226E-4	4.029E-2
19.500	-5.701E-4	4.026E-2
19.509	-8.792E-4	4.031E-2
19.517	-1.136E-3	4.041E-2
19.526	-1.247E-3	4.059E-2
19.534	-1.255E-3	4.082E-2
19.542	-1.159E-3	4.106E-2
19.551	-9.334E-4	4.129E-2
19.559	-6.677E-4	4.149E-2
19.567	-3.129E-4	4.160E-2
19.576	4.380E-5	4.165E-2
19.584	4.054E-4	4.162E-2
19.593	6.928E-4	4.154E-2
19.601	8.950E-4	4.135E-2
19.609	9.387E-4	4.114E-2
19.618	8.408E-4	4.094E-2
19.626	6.255E-4	4.076E-2
19.634	2.900E-4	4.059E-2
19.643	-7.251E-5	4.049E-2
19.651	-4.700E-4	4.051E-2
19.660	-8.392E-4	4.052E-2
19.668	-1.151E-3	4.059E-2
19.676	-1.347E-3	4.074E-2
19.685	-1.407E-3	4.090E-2
19.693	-1.364E-3	4.106E-2
19.702	-1.170E-3	4.124E-2
19.710	-8.838E-4	4.135E-2
19.718	-4.956E-4	4.145E-2
19.727	-7.364E-5	4.150E-2
19.735	2.887E-4	4.150E-2
19.743	6.381E-4	4.144E-2
19.752	9.015E-4	4.133E-2
19.760	9.616E-4	4.120E-2
19.769	9.216E-4	4.107E-2
19.777	6.990E-4	4.092E-2
19.785	4.111E-4	4.084E-2
19.794	7.792E-6	4.079E-2
19.802	-4.203E-4	4.078E-2
19.810	-8.091E-4	4.078E-2
19.819	-1.144E-3	4.080E-2
19.827	-1.376E-3	4.085E-2
19.836	-1.460E-3	4.094E-2
19.844	-1.418E-3	4.106E-2
19.852	-1.252E-3	4.114E-2
19.861	-9.491E-4	4.120E-2
19.869	-5.936E-4	4.127E-2
19.877	-2.118E-4	4.130E-2
19.886	2.101E-4	4.129E-2
19.894	5.892E-4	4.128E-2
19.903	8.988E-4	4.126E-2
19.911	1.006E-3	4.117E-2
19.919	9.725E-4	4.112E-2
19.928	8.354E-4	4.105E-2
19.936	5.197E-4	4.101E-2
19.944	1.453E-4	4.099E-2
19.953	-2.647E-4	4.099E-2
19.961	-6.938E-4	4.100E-2
19.970	-1.041E-3	4.100E-2
19.978	-1.318E-3	4.101E-2
19.986	-1.446E-3	4.102E-2
19.995	-1.446E-3	4.105E-2
20.003	-1.342E-3	4.106E-2
20.011	-1.062E-3	4.105E-2
20.020	-7.355E-4	4.107E-2
20.028	-3.113E-4	4.106E-2
20.037	1.175E-4	4.106E-2
20.045	5.069E-4	4.106E-2
20.053	8.280E-4	4.107E-2
20.062	9.996E-4	4.106E-2
20.070	9.817E-4	4.108E-2
20.078	9.063E-4	4.109E-2
20.087	6.427E-4	4.108E-2
20.095	2.712E-4	4.108E-2
20.104	-1.437E-4	4.107E-2
20.112	-5.979E-4	4.106E-2
20.120	-9.726E-4	4.104E-2
20.129	-1.257E-3	4.101E-2
20.137	-1.421E-3	4.097E-2
20.145	-1.449E-3	4.090E-2
20.154	-1.382E-3	4.083E-2
20.162	-1.157E-3	4.082E-2
20.171	-8.310E-4	4.077E-2
20.179	-4.598E-4	4.077E-2
20.187	-2.847E-5	4.079E-2
20.196	3.758E-4	4.082E-2
20.204	6.902E-4	4.088E-2
20.212	9.232E-4	4.099E-2
20.221	9.422E-4	4.107E-2
20.229	9.126E-4	4.118E-2
20.238	6.782E-4	4.128E-2
20.246	3.554E-4	4.131E-2
20.254	-1.520E-5	4.131E-2
20.263	-4.403E-4	4.130E-2
20.271	-8.159E-4	4.126E-2
20.279	-1.153E-3	4.113E-2
20.288	-1.360E-3	4.102E-2
20.296	-1.421E-3	4.088E-2
20.305	-1.384E-3	4.076E-2
20.313	-1.195E-3	4.063E-2
20.321	-9.127E-4	4.056E-2
20.330	-5.389E-4	4.053E-2
20.338	-1.574E-4	4.055E-2
20.347	2.106E-4	4.060E-2
20.355	5.311E-4	4.074E-2
20.363	7.418E-4	4.090E-2
20.372	8.834E-4	4.105E-2
20.380	8.930E-4	4.124E-2
20.388	6.708E-4	4.137E-2
20.397	4.132E-4	4.147E-2
20.405	3.519E-5	4.152E-2
20.414	-3.176E-4	4.151E-2
20.422	-6.854E-4	4.143E-2
20.430	-9.639E-4	4.130E-2
20.439	-1.189E-3	4.108E-2
20.447	-1.295E-3	4.089E-2
20.455	-1.314E-3	4.069E-2
20.464	-1.194E-3	4.054E-2
20.472	-9.471E-4	4.040E-2
20.481	-6.543E-4	4.034E-2
20.489	-2.899E-4	4.035E-2
20.497	4.601E-5	4.042E-2
20.506	3.917E-4	4.058E-2
20.514	6.424E-4	4.079E-2
20.522	7.538E-4	4.102E-2
20.531	7.297E-4	4.127E-2
20.539	6.557E-4	4.149E-2
20.548	4.325E-4	4.165E-2
20.556	1.520E-4	4.173E-2
20.564	-1.951E-4	4.173E-2
20.573	-5.063E-4	4.163E-2
20.581	-7.892E-4	4.149E-2
20.589	-9.798E-4	4.126E-2
20.598	-1.144E-3	4.101E-2
20.606	-1.163E-3	4.075E-2
20.615	-1.113E-3	4.052E-2
20.623	-9.233E-4	4.035E-2
20.631	-6.898E-4	4.025E-2
20.640	-4.032E-4	4.028E-2
20.648	-7.012E-5	4.038E-2
20.656	2.146E-4	4.057E-2
20.665	4.463E-4	4.082E-2
20.673	6.207E-4	4.110E-2
20.682	6.631E-4	4.138E-2
20.690	6.570E-4	4.169E-2
20.698	4.638E-4	4.187E-2
20.707	2.279E-4	4.200E-2
20.715	-2.869E-5	4.198E-2
20.723	-3.072E-4	4.187E-2
20.732	-5.862E-4	4.170E-2
20.740	-8.170E-4	4.142E-2
20.749	-9.524E-4	4.111E-2
20.757	-9.962E-4	4.079E-2
20.765	-9.593E-4	4.051E-2
20.774	-8.982E-4	4.030E-2
20.782	-7.057E-4	4.017E-2
20.790	-4.770E-4	4.015E-2
20.799	-2.338E-4	4.026E-2
20.807	1.030E-5	4.049E-2
20.816	2.318E-4	4.078E-2
20.824	4.112E-4	4.110E-2
20.832	4.639E-4	4.145E-2
20.841	4.620E-4	4.175E-2
20.849	4.121E-4	4.198E-2
20.857	2.418E-4	4.209E-2
20.866	2.597E-5	4.214E-2
20.874	-2.121E-4	4.203E-2
20.883	-4.420E-4	4.179E-2
20.891	-6.499E-4	4.149E-2
20.899	-7.639E-4	4.112E-2
20.908	-8.836E-4	4.076E-2
20.916	-9.158E-4	4.043E-2
20.924	-8.816E-4	4.017E-2
20.933	-7.356E-4	4.002E-2
20.941	-5.694E-4	4.004E-2
20.950	-3.856E-4	4.012E-2
20.958	-2.119E-4	4.035E-2
20.966	-1.743E-5	4.062E-2
20.975	1.706E-4	4.100E-2
20.983	2.498E-4	4.138E-2
20.991	2.910E-4	4.175E-2
21.000	2.685E-4	4.199E-2
21.008	1.979E-4	4.215E-2
21.017	6.927E-5	4.218E-2
21.025	-6.685E-5	4.209E-2
21.033	-2.530E-4	4.188E-2
21.042	-4.311E-4	4.158E-2
21.050	-5.482E-4	4.118E-2
21.059	-6.808E-4	4.081E-2
21.067	-7.196E-4	4.046E-2
21.075	-7.248E-4	4.019E-2
21.084	-7.061E-4	4.001E-2
21.092	-6.479E-4	4.003E-2
21.100	-4.973E-4	4.010E-2
21.109	-3.569E-4	4.032E-2
21.117	-2.450E-4	4.063E-2
21.126	-5.355E-5	4.100E-2
21.134	3.156E-5	4.139E-2
21.142	1.478E-4	4.177E-2
21.151	1.819E-4	4.204E-2
21.159	2.143E-4	4.220E-2
21.167	1.851E-4	4.224E-2
21.176	7.541E-5	4.214E-2
21.184	-3.842E-5	4.195E-2
21.193	-1.790E-4	4.160E-2
21.201	-2.847E-4	4.121E-2
21.209	-4.408E-4	4.082E-2
21.218	-5.185E-4	4.044E-2
21.226	-6.253E-4	4.013E-2
21.234	-6.811E-4	3.994E-2
21.243	-6.832E-4	3.991E-2
21.251	-6.774E-4	3.993E-2
21.260	-5.429E-4	4.015E-2
21.268	-4.469E-4	4.047E-2
21.276	-2.965E-4	4.084E-2
21.285	-1.920E-4	4.125E-2
21.293	-3.662E-5	4.162E-2
21.301	3.360E-5	4.194E-2
21.310	1.451E-4	4.213E-2
21.318	1.959E-4	4.221E-2
21.327	2.016E-4	4.214E-2
21.335	1.559E-4	4.194E-2
21.343	5.429E-5	4.163E-2
21.352	-2.992E-5	4.127E-2
21.360	-2.032E-4	4.086E-2
21.368	-3.204E-4	4.048E-2
21.377	-4.518E-4	4.020E-2
21.385	-5.500E-4	3.999E-2
21.394	-6.367E-4	3.990E-2
21.402	-6.654E-4	3.994E-2
21.410	-6.771E-4	4.014E-2
21.419	-6.469E-4	4.043E-2
21.427	-5.189E-4	4.080E-2
21.435	-4.193E-4	4.120E-2
21.444	-2.570E-4	4.155E-2
21.452	-7.440E-5	4.183E-2
21.461	3.452E-5	4.200E-2
21.469	1.781E-4	4.206E-2
21.477	2.385E-4	4.199E-2
21.486	2.541E-4	4.179E-2
21.494	2.305E-4	4.151E-2
21.502	1.731E-4	4.115E-2
21.511	3.172E-5	4.080E-2
21.519	-1.451E-4	4.043E-2
21.528	-3.176E-4	4.014E-2
21.536	-4.829E-4	3.994E-2
21.544	-6.597E-4	3.987E-2
21.553	-7.288E-4	3.988E-2
21.561	-7.556E-4	4.011E-2
21.569	-7.747E-4	4.038E-2
21.578	-7.074E-4	4.073E-2
21.586	-5.972E-4	4.108E-2
21.595	-4.628E-4	4.144E-2
21.603	-2.591E-4	4.173E-2
21.611	-2.657E-5	4.193E-2
21.620	1.515E-4	4.200E-2
21.628	2.838E-4	4.196E-2
21.636	3.998E-4	4.178E-2
21.645	4.353E-4	4.153E-2
21.653	3.969E-4	4.121E-2
21.662	2.650E-4	4.086E-2
21.670	7.209E-5	4.053E-2
21.678	-1.574E-4	4.029E-2
21.687	-3.997E-4	4.011E-2
21.695	-6.411E-4	4.004E-2
21.703	-7.914E-4	4.010E-2
21.712	-9.319E-4	4.025E-2
21.720	-9.411E-4	4.052E-2
21.729	-9.406E-4	4.082E-2
21.737	-8.604E-4	4.112E-2
21.745	-6.973E-4	4.143E-2
21.754	-4.764E-4	4.173E-2
21.762	-2.353E-4	4.191E-2
21.771	1.206E-5	4.199E-2
21.779	2.402E-4	4.196E-2
21.787	4.250E-4	4.181E-2
21.796	5.054E-4	4.156E-2
21.804	4.906E-4	4.128E-2
21.812	4.080E-4	4.099E-2
21.821	2.299E-4	4.069E-2
21.829	-1.169E-5	4.046E-2
21.838	-2.739E-4	4.032E-2
21.846	-5.252E-4	4.025E-2
21.854	-7.608E-4	4.029E-2
21.863	-9.393E-4	4.040E-2
21.871	-1.048E-3	4.060E-2
21.879	-1.103E-3	4.084E-2
21.888	-9.934E-4	4.110E-2
21.896	-8.772E-4	4.134E-2
21.905	-6.569E-4	4.156E-2
21.913	-3.688E-4	4.173E-2
21.921	-5.489E-5	4.177E-2
21.930	2.124E-4	4.176E-2
21.938	4.465E-4	4.168E-2
21.946	6.343E-4	4.151E-2
21.955	6.688E-4	4.128E-2
21.963	6.354E-4	4.103E-2
21.972	4.486E-4	4.080E-2
21.980	2.048E-4	4.057E-2
21.988	-9.391E-5	4.041E-2
21.997	-4.305E-4	4.034E-2
22.005	-7.183E-4	4.035E-2
22.013	-9.493E-4	4.041E-2
22.022	-1.143E-3	4.057E-2
22.030	-1.189E-3	4.078E-2
22.039	-1.154E-3	4.101E-2
22.047	-9.674E-4	4.124E-2
22.055	-7.366E-4	4.140E-2
22.064	-4.538E-4	4.155E-2
22.072	-8.842E-5	4.158E-2
22.080	2.377E-4	4.158E-2
22.089	5.022E-4	4.151E-2
22.097	7.027E-4	4.135E-2
22.106	7.974E-4	4.121E-2
22.114	7.176E-4	4.102E-2
22.122	6.031E-4	4.083E-2
22.131	3.266E-4	4.067E-2
22.139	-1.175E-5	4.055E-2
22.147	-3.593E-4	4.050E-2
22.156	-7.239E-4	4.052E-2
22.164	-9.853E-4	4.058E-2
22.173	-1.202E-3	4.068E-2
22.181	-1.305E-3	4.080E-2
22.189	-1.311E-3	4.098E-2
22.198	-1.196E-3	4.110E-2
22.206	-9.432E-4	4.125E-2
22.214	-6.445E-4	4.133E-2
22.223	-2.799E-4	4.132E-2
22.231	8.327E-5	4.133E-2
22.240	4.152E-4	4.130E-2
22.248	6.648E-4	4.125E-2
22.256	8.586E-4	4.111E-2
22.265	8.752E-4	4.101E-2
22.273	7.184E-4	4.088E-2
22.281	4.506E-4	4.078E-2
22.290	1.423E-4	4.071E-2
22.298	-2.359E-4	4.068E-2
22.307	-6.120E-4	4.065E-2
22.315	-9.411E-4	4.065E-2
22.323	-1.199E-3	4.067E-2
22.332	-1.345E-3	4.077E-2
22.340	-1.366E-3	4.086E-2
22.348	-1.244E-3	4.094E-2
22.357	-1.000E-3	4.103E-2
22.365	-7.064E-4	4.108E-2
22.374	-3.316E-4	4.111E-2
22.382	4.485E-5	4.110E-2
22.390	4.128E-4	4.109E-2
22.399	6.964E-4	4.105E-2
22.407	9.013E-4	4.102E-2
22.415	9.347E-4	4.099E-2
22.424	8.280E-4	4.095E-2
22.432	6.101E-4	4.097E-2
22.441	2.750E-4	4.092E-2
22.449	-9.647E-5	4.091E-2
22.457	-4.704E-4	4.088E-2
22.466	-8.344E-4	4.086E-2
22.474	-1.144E-3	4.085E-2
22.483	-1.323E-3	4.084E-2
22.491	-1.376E-3	4.085E-2
22.499	-1.326E-3	4.087E-2
22.508	-1.155E-3	4.086E-2
22.516	-8.640E-4	4.086E-2
22.524	-5.030E-4	4.086E-2
22.533	-8.121E-5	4.085E-2
22.541	2.632E-4	4.086E-2
22.550	6.039E-4	4.087E-2
22.558	8.373E-4	4.087E-2
22.566	9.254E-4	4.088E-2
22.575	8.776E-4	4.088E-2
22.583	6.745E-4	4.087E-2
22.591	3.694E-4	4.087E-2
22.600	1.188E-5	4.089E-2
22.608	-3.936E-4	4.087E-2
22.617	-7.426E-4	4.085E-2
22.625	-1.035E-3	4.082E-2
22.633	-1.222E-3	4.082E-2
22.642	-1.331E-3	4.074E-2
22.650	-1.293E-3	4.069E-2
22.658	-1.157E-3	4.067E-2
22.667	-8.999E-4	4.062E-2
22.675	-5.428E-4	4.061E-2
22.684	-1.933E-4	4.061E-2
22.692	1.929E-4	4.061E-2
22.700	4.980E-4	4.068E-2
22.709	7.171E-4	4.081E-2
22.717	8.808E-4	4.088E-2
22.725	8.621E-4	4.098E-2
22.734	6.860E-4	4.109E-2
22.742	4.347E-4	4.113E-2
22.751	8.304E-5	4.118E-2
22.759	-2.864E-4	4.121E-2
22.767	-6.574E-4	4.121E-2
22.776	-9.466E-4	4.113E-2
22.784	-1.178E-3	4.100E-2
22.792	-1.275E-3	4.089E-2
22.801	-1.255E-3	4.077E-2
22.809	-1.144E-3	4.065E-2
22.818	-9.112E-4	4.056E-2
22.826	-6.345E-4	4.052E-2
22.834	-2.775E-4	4.053E-2
22.843	5.944E-5	4.055E-2
22.851	3.977E-4	4.067E-2
22.859	6.550E-4	4.079E-2
22.868	7.617E-4	4.097E-2
22.876	7.526E-4	4.113E-2
22.885	6.570E-4	4.127E-2
22.893	4.347E-4	4.137E-2
22.901	1.639E-4	4.144E-2
22.910	-1.865E-4	4.146E-2
22.918	-5.078E-4	4.143E-2
22.926	-7.969E-4	4.131E-2
22.935	-1.000E-3	4.115E-2
22.943	-1.157E-3	4.101E-2
22.952	-1.163E-3	4.082E-2
22.960	-1.126E-3	4.063E-2
22.968	-9.261E-4	4.051E-2
22.977	-6.876E-4	4.041E-2
22.985	-3.912E-4	4.038E-2
22.993	-4.891E-5	4.041E-2
23.002	2.303E-4	4.056E-2
23.010	4.634E-4	4.075E-2
23.019	6.565E-4	4.097E-2
23.027	6.850E-4	4.122E-2
23.035	6.539E-4	4.141E-2
23.044	4.648E-4	4.158E-2
23.052	2.255E-4	4.169E-2
23.060	-4.758E-5	4.172E-2
23.069	-3.653E-4	4.167E-2
23.077	-6.727E-4	4.154E-2
23.086	-9.123E-4	4.133E-2
23.094	-1.011E-3	4.108E-2
23.102	-1.072E-3	4.083E-2
23.111	-1.039E-3	4.059E-2
23.119	-9.218E-4	4.039E-2
23.127	-7.094E-4	4.030E-2
23.136	-4.679E-4	4.027E-2
23.144	-1.913E-4	4.035E-2
23.153	5.472E-5	4.051E-2
23.161	2.690E-4	4.075E-2
23.169	4.373E-4	4.100E-2
23.178	5.030E-4	4.128E-2
23.186	4.813E-4	4.151E-2
23.195	3.953E-4	4.173E-2
23.203	2.173E-4	4.184E-2
23.211	-1.665E-5	4.182E-2
23.220	-2.607E-4	4.176E-2
23.228	-4.909E-4	4.160E-2
23.236	-7.087E-4	4.134E-2
23.245	-8.924E-4	4.106E-2
23.253	-9.413E-4	4.078E-2
23.262	-9.406E-4	4.051E-2
23.270	-9.053E-4	4.031E-2
23.278	-7.277E-4	4.015E-2
23.287	-5.286E-4	4.011E-2
23.295	-2.928E-4	4.015E-2
23.303	-4.722E-5	4.033E-2
23.312	1.543E-4	4.057E-2
23.320	3.014E-4	4.086E-2
23.329	4.146E-4	4.117E-2
23.337	4.308E-4	4.149E-2
23.345	3.979E-4	4.173E-2
23.354	2.659E-4	4.190E-2
23.362	7.934E-5	4.193E-2
23.370	-1.005E-4	4.192E-2
23.379	-2.885E-4	4.175E-2
23.387	-4.734E-4	4.151E-2
23.396	-6.530E-4	4.121E-2
23.404	-7.313E-4	4.086E-2
23.412	-7.418E-4	4.056E-2
23.421	-7.394E-4	4.031E-2
23.429	-6.811E-4	4.013E-2
23.437	-5.537E-4	4.009E-2
23.446	-3.943E-4	4.013E-2
23.454	-2.356E-4	4.031E-2
23.463	-3.296E-5	4.057E-2
23.471	9.747E-5	4.087E-2
23.479	2.063E-4	4.121E-2
23.488	2.498E-4	4.153E-2
23.496	2.479E-4	4.179E-2
23.504	2.110E-4	4.197E-2
23.513	1.240E-4	4.200E-2
23.521	6.910E-6	4.197E-2
23.530	-1.712E-4	4.179E-2
23.538	-2.998E-4	4.153E-2
23.546	-4.568E-4	4.122E-2
23.555	-5.571E-4	4.085E-2
23.563	-6.390E-4	4.052E-2
23.571	-6.659E-4	4.025E-2
23.580	-6.820E-4	4.009E-2
23.588	-6.358E-4	4.002E-2
23.597	-5.188E-4	4.009E-2
23.605	-4.213E-4	4.026E-2
23.613	-2.702E-4	4.054E-2
23.622	-1.423E-4	4.087E-2
23.630	-3.828E-5	4.121E-2
23.638	3.608E-5	4.155E-2
23.647	6.992E-5	4.181E-2
23.655	1.278E-4	4.200E-2
23.664	1.271E-4	4.206E-2
23.672	1.143E-4	4.202E-2
23.680	-2.893E-5	4.183E-2
23.689	-1.396E-4	4.155E-2
23.697	-2.748E-4	4.124E-2
23.705	-4.033E-4	4.087E-2
23.714	-4.993E-4	4.052E-2
23.722	-5.495E-4	4.023E-2
23.731	-6.217E-4	4.006E-2
23.739	-6.514E-4	3.997E-2
23.747	-6.485E-4	3.996E-2
23.756	-5.572E-4	4.012E-2
23.764	-4.813E-4	4.037E-2
23.772	-3.444E-4	4.073E-2
23.781	-2.347E-4	4.108E-2
23.789	-8.712E-5	4.144E-2
23.798	1.172E-5	4.174E-2
23.806	6.369E-5	4.196E-2
23.814	1.287E-4	4.202E-2
23.823	1.533E-4	4.200E-2
23.831	1.642E-4	4.182E-2
23.839	7.390E-5	4.156E-2
23.848	-8.496E-6	4.124E-2
23.856	-1.382E-4	4.089E-2
23.865	-2.670E-4	4.054E-2
23.873	-4.089E-4	4.025E-2
23.881	-4.978E-4	4.006E-2
23.890	-6.039E-4	3.996E-2
23.898	-6.779E-4	3.995E-2
23.907	-6.898E-4	4.010E-2
23.915	-6.703E-4	4.034E-2
23.923	-5.657E-4	4.067E-2
23.932	-4.652E-4	4.101E-2
23.940	-3.043E-4	4.135E-2
23.948	-1.872E-4	4.164E-2
23.957	-3.399E-5	4.187E-2
23.965	6.733E-5	4.198E-2
23.974	1.710E-4	4.198E-2
23.982	1.947E-4	4.181E-2
23.990	2.127E-4	4.157E-2
23.999	1.772E-4	4.127E-2
24.007	4.551E-5	4.093E-2
24.015	-5.678E-5	4.061E-2
24.024	-2.412E-4	4.033E-2
24.032	-4.097E-4	4.011E-2
24.041	-5.338E-4	4.002E-2
24.049	-6.654E-4	4.006E-2
24.057	-7.170E-4	4.017E-2
24.066	-7.288E-4	4.038E-2
24.074	-7.044E-4	4.066E-2
24.082	-6.533E-4	4.101E-2
24.091	-4.936E-4	4.132E-2
24.099	-3.085E-4	4.158E-2
24.108	-1.311E-4	4.176E-2
24.116	1.142E-5	4.188E-2
24.124	1.934E-4	4.191E-2
24.133	2.820E-4	4.178E-2
24.141	3.446E-4	4.156E-2
24.149	2.871E-4	4.128E-2
24.158	2.037E-4	4.100E-2
24.166	5.623E-5	4.069E-2
24.175	-1.145E-4	4.042E-2
24.183	-2.973E-4	4.021E-2
24.191	-4.954E-4	4.009E-2
24.200	-6.773E-4	4.010E-2
24.208	-8.100E-4	4.019E-2
24.216	-8.968E-4	4.037E-2
24.225	-9.116E-4	4.063E-2
24.233	-8.808E-4	4.091E-2
24.242	-7.115E-4	4.120E-2
24.250	-5.064E-4	4.147E-2
24.258	-2.707E-4	4.167E-2
24.267	-2.904E-5	4.177E-2
24.275	1.924E-4	4.176E-2
24.283	3.661E-4	4.169E-2
24.292	4.744E-4	4.151E-2
24.300	4.823E-4	4.128E-2
24.309	4.468E-4	4.102E-2
24.317	2.842E-4	4.077E-2
24.325	7.895E-5	4.053E-2
24.334	-1.866E-4	4.035E-2
24.342	-4.482E-4	4.025E-2
24.350	-6.928E-4	4.028E-2
24.359	-8.999E-4	4.036E-2
24.367	-9.771E-4	4.053E-2
24.376	-1.003E-3	4.077E-2
24.384	-9.575E-4	4.102E-2
24.392	-8.843E-4	4.126E-2
24.401	-6.911E-4	4.149E-2
24.409	-4.489E-4	4.166E-2
24.417	-1.709E-4	4.176E-2
24.426	8.363E-5	4.176E-2
24.434	2.886E-4	4.173E-2
24.443	4.473E-4	4.154E-2
24.451	5.348E-4	4.133E-2
24.459	4.737E-4	4.109E-2
24.468	3.783E-4	4.085E-2
24.476	1.761E-4	4.065E-2
24.484	-5.300E-5	4.050E-2
24.493	-3.364E-4	4.042E-2
24.501	-6.297E-4	4.038E-2
24.510	-8.974E-4	4.041E-2
24.518	-1.023E-3	4.054E-2
24.526	-1.163E-3	4.072E-2
24.535	-1.159E-3	4.092E-2
24.543	-9.881E-4	4.109E-2
24.552	-8.114E-4	4.127E-2
24.560	-5.226E-4	4.141E-2
24.568	-2.312E-4	4.151E-2
24.577	5.828E-5	4.152E-2
24.585	3.484E-4	4.148E-2
24.593	5.962E-4	4.137E-2
24.602	7.120E-4	4.123E-2
24.610	7.092E-4	4.105E-2
24.619	6.291E-4	4.088E-2
24.627	4.253E-4	4.075E-2
24.635	1.443E-4	4.062E-2
24.644	-1.906E-4	4.057E-2
24.652	-4.973E-4	4.055E-2
24.660	-7.834E-4	4.057E-2
24.669	-9.860E-4	4.064E-2
24.677	-1.135E-3	4.077E-2
24.686	-1.155E-3	4.088E-2
24.694	-1.110E-3	4.102E-2
24.702	-9.129E-4	4.115E-2
24.711	-6.646E-4	4.125E-2
24.719	-3.171E-4	4.129E-2
24.727	1.012E-5	4.129E-2
24.736	2.923E-4	4.128E-2
24.744	5.392E-4	4.125E-2
24.753	6.891E-4	4.113E-2
24.761	7.225E-4	4.102E-2
24.769	6.667E-4	4.092E-2
24.778	4.664E-4	4.083E-2
24.786	2.008E-4	4.078E-2
24.794	-1.323E-4	4.078E-2
24.803	-4.998E-4	4.077E-2
24.811	-7.826E-4	4.077E-2
24.820	-1.007E-3	4.081E-2
24.828	-1.183E-3	4.084E-2
24.836	-1.232E-3	4.092E-2
24.845	-1.173E-3	4.103E-2
24.853	-9.855E-4	4.106E-2
24.861	-7.292E-4	4.112E-2
24.870	-4.357E-4	4.115E-2
24.878	-7.217E-5	4.113E-2
24.887	2.543E-4	4.110E-2
24.895	5.258E-4	4.107E-2
24.903	7.094E-4	4.105E-2
24.912	8.205E-4	4.101E-2
24.920	7.537E-4	4.099E-2
24.928	6.027E-4	4.096E-2
24.937	3.362E-4	4.095E-2
24.945	-1.177E-5	4.095E-2
24.954	-3.647E-4	4.098E-2
24.962	-7.179E-4	4.099E-2
24.970	-9.657E-4	4.101E-2
24.979	-1.186E-3	4.101E-2
24.987	-1.250E-3	4.102E-2
24.995	-1.210E-3	4.103E-2
25.004	-1.094E-3	4.104E-2
25.012	-8.678E-4	4.104E-2
25.021	-5.395E-4	4.105E-2
25.029	-2.097E-4	4.105E-2
25.037	1.547E-4	4.105E-2
25.046	4.467E-4	4.105E-2
25.054	6.852E-4	4.105E-2
25.062	8.052E-4	4.105E-2
25.071	7.570E-4	4.109E-2
25.079	6.389E-4	4.109E-2
25.088	4.020E-4	4.109E-2
25.096	6.654E-5	4.108E-2
25.104	-2.820E-4	4.107E-2
25.113	-6.250E-4	4.107E-2
25.121	-9.281E-4	4.104E-2
25.129	-1.158E-3	4.101E-2
25.138	-1.235E-3	4.098E-2
25.146	-1.225E-3	4.092E-2
25.155	-1.152E-3	4.088E-2
25.163	-9.247E-4	4.084E-2
25.171	-6.434E-4	4.080E-2
25.180	-2.894E-4	4.080E-2
25.188	2.611E-5	4.080E-2
25.196	3.540E-4	4.085E-2
25.205	6.194E-4	4.091E-2
25.213	7.318E-4	4.098E-2
25.222	7.205E-4	4.106E-2
25.230	6.674E-4	4.116E-2
25.238	4.485E-4	4.126E-2
25.247	1.771E-4	4.129E-2
25.255	-1.755E-4	4.129E-2
25.264	-4.986E-4	4.128E-2
25.272	-7.744E-4	4.123E-2
25.280	-9.830E-4	4.111E-2
25.289	-1.151E-3	4.102E-2
25.297	-1.167E-3	4.088E-2
25.305	-1.130E-3	4.078E-2
25.314	-9.311E-4	4.068E-2
25.322	-6.870E-4	4.060E-2
25.331	-3.976E-4	4.058E-2
25.339	-5.122E-5	4.059E-2
25.347	2.286E-4	4.065E-2
25.356	4.604E-4	4.077E-2
25.364	6.541E-4	4.090E-2
25.372	6.751E-4	4.103E-2
25.381	6.686E-4	4.120E-2
25.389	4.670E-4	4.131E-2
25.398	2.259E-4	4.137E-2
25.406	-4.996E-5	4.140E-2
25.414	-3.794E-4	4.143E-2
25.423	-6.857E-4	4.132E-2
25.431	-9.218E-4	4.120E-2
25.439	-1.037E-3	4.104E-2
25.448	-1.134E-3	4.086E-2
25.456	-1.084E-3	4.069E-2
25.465	-9.456E-4	4.058E-2
25.473	-7.228E-4	4.047E-2
25.481	-4.573E-4	4.046E-2
25.490	-2.030E-4	4.053E-2
25.498	7.804E-5	4.062E-2
25.506	2.907E-4	4.078E-2
25.515	4.541E-4	4.097E-2
25.523	5.262E-4	4.117E-2
25.532	5.093E-4	4.139E-2
25.540	3.953E-4	4.156E-2
25.548	1.901E-4	4.167E-2
25.557	-3.436E-5	4.173E-2
25.565	-2.976E-4	4.171E-2
25.573	-5.351E-4	4.159E-2
25.582	-7.454E-4	4.141E-2
25.590	-9.214E-4	4.122E-2
25.599	-9.640E-4	4.101E-2
25.607	-9.575E-4	4.079E-2
25.615	-9.106E-4	4.060E-2
25.624	-7.264E-4	4.047E-2
25.632	-4.969E-4	4.043E-2
25.640	-2.541E-4	4.043E-2
25.649	-8.788E-6	4.054E-2
25.657	2.174E-4	4.071E-2
25.666	3.946E-4	4.095E-2
25.674	4.783E-4	4.122E-2
25.682	4.715E-4	4.147E-2
25.691	4.310E-4	4.168E-2
25.699	2.595E-4	4.181E-2
25.707	5.445E-5	4.186E-2
25.716	-1.889E-4	4.185E-2
25.724	-4.295E-4	4.176E-2
25.733	-6.435E-4	4.155E-2
25.741	-7.631E-4	4.130E-2
25.749	-8.885E-4	4.102E-2
25.758	-9.289E-4	4.077E-2
25.766	-8.984E-4	4.055E-2
25.774	-7.485E-4	4.038E-2
25.783	-5.813E-4	4.031E-2
25.791	-4.383E-4	4.033E-2
25.800	-2.325E-4	4.044E-2
25.808	-3.069E-5	4.060E-2
25.816	1.631E-4	4.086E-2
25.825	2.537E-4	4.113E-2
25.833	2.682E-4	4.140E-2
25.841	2.580E-4	4.167E-2
25.850	1.909E-4	4.183E-2
25.858	4.478E-5	4.190E-2
25.867	-1.148E-4	4.191E-2
25.875	-2.755E-4	4.179E-2
25.883	-4.578E-4	4.155E-2
25.892	-6.138E-4	4.129E-2
25.900	-7.338E-4	4.100E-2
25.908	-7.468E-4	4.071E-2
25.917	-7.368E-4	4.047E-2
25.925	-6.994E-4	4.031E-2
25.934	-6.070E-4	4.021E-2
25.942	-4.801E-4	4.019E-2
25.950	-2.926E-4	4.032E-2
25.959	-1.416E-4	4.053E-2
25.967	-1.400E-5	4.081E-2
25.976	1.103E-4	4.110E-2
25.984	1.538E-4	4.139E-2
25.992	1.880E-4	4.171E-2
26.001	1.988E-4	4.190E-2
26.009	1.290E-4	4.200E-2
26.017	1.518E-5	4.198E-2
26.026	-9.319E-5	4.186E-2
26.034	-2.318E-4	4.167E-2
26.043	-3.782E-4	4.138E-2
26.051	-5.047E-4	4.109E-2
26.059	-5.746E-4	4.076E-2
26.068	-6.084E-4	4.050E-2
26.076	-6.397E-4	4.031E-2
26.084	-6.133E-4	4.018E-2
26.093	-5.260E-4	4.016E-2
26.101	-4.296E-4	4.028E-2
26.110	-2.994E-4	4.052E-2
26.118	-2.046E-4	4.080E-2
26.126	-5.720E-5	4.111E-2
26.135	9.388E-6	4.142E-2
26.143	3.407E-5	4.172E-2
26.151	9.249E-5	4.193E-2
26.160	5.362E-5	4.204E-2
26.168	2.932E-6	4.202E-2
26.177	-3.964E-5	4.191E-2
26.185	-1.113E-4	4.171E-2
26.193	-2.273E-4	4.143E-2
26.202	-3.144E-4	4.110E-2
26.210	-4.303E-4	4.077E-2
26.218	-4.907E-4	4.049E-2
26.227	-5.336E-4	4.029E-2
26.235	-5.597E-4	4.016E-2
26.244	-5.449E-4	4.015E-2
26.252	-4.811E-4	4.025E-2
26.260	-4.341E-4	4.046E-2
26.269	-3.389E-4	4.077E-2
26.277	-2.261E-4	4.108E-2
26.285	-1.262E-4	4.141E-2
26.294	-4.284E-5	4.172E-2
26.302	2.689E-5	4.194E-2
26.311	7.303E-5	4.205E-2
26.319	8.263E-5	4.203E-2
26.327	5.354E-5	4.194E-2
26.336	-2.545E-6	4.174E-2
26.344	-4.386E-5	4.146E-2
26.352	-1.171E-4	4.112E-2
26.361	-2.728E-4	4.081E-2
26.369	-3.808E-4	4.052E-2
26.378	-4.977E-4	4.030E-2
26.386	-5.496E-4	4.017E-2
26.394	-6.218E-4	4.015E-2
26.403	-6.486E-4	4.021E-2
26.411	-6.680E-4	4.039E-2
26.419	-6.008E-4	4.064E-2
26.428	-5.269E-4	4.095E-2
26.436	-4.228E-4	4.129E-2
26.445	-2.888E-4	4.156E-2
26.453	-1.282E-4	4.177E-2
26.461	-4.194E-5	4.191E-2
26.470	3.333E-5	4.194E-2
26.478	1.182E-4	4.186E-2
26.486	1.571E-4	4.171E-2
26.495	1.493E-4	4.145E-2
26.503	1.105E-4	4.113E-2
26.512	-4.795E-5	4.081E-2
26.520	-2.208E-4	4.054E-2
26.528	-3.297E-4	4.033E-2
26.537	-4.726E-4	4.019E-2
26.545	-6.037E-4	4.014E-2
26.553	-6.785E-4	4.019E-2
26.562	-7.194E-4	4.037E-2
26.570	-7.128E-4	4.061E-2
26.579	-6.686E-4	4.089E-2
26.587	-5.250E-4	4.119E-2
26.595	-4.002E-4	4.149E-2
26.604	-2.463E-4	4.171E-2
26.612	-4.547E-5	4.181E-2
26.620	8.637E-5	4.180E-2
26.629	2.065E-4	4.175E-2
26.637	2.574E-4	4.157E-2
26.646	2.564E-4	4.132E-2
26.654	2.061E-4	4.104E-2
26.662	1.168E-4	4.077E-2
26.671	-1.594E-5	4.053E-2
26.679	-2.246E-4	4.033E-2
26.688	-4.230E-4	4.019E-2
26.696	-6.000E-4	4.014E-2
26.704	-7.376E-4	4.018E-2
26.713	-8.406E-4	4.035E-2
26.721	-9.015E-4	4.058E-2
26.729	-8.645E-4	4.082E-2
26.738	-7.528E-4	4.108E-2
26.746	-5.764E-4	4.132E-2
26.755	-3.774E-4	4.151E-2
26.763	-1.925E-4	4.165E-2
26.771	-9.792E-7	4.171E-2
26.780	1.936E-4	4.167E-2
26.788	3.199E-4	4.154E-2
26.796	3.765E-4	4.131E-2
26.805	3.824E-4	4.107E-2
26.813	2.618E-4	4.082E-2
26.822	1.177E-4	4.059E-2
26.830	-5.702E-5	4.039E-2
26.838	-2.863E-4	4.030E-2
26.847	-5.124E-4	4.028E-2
26.855	-7.098E-4	4.033E-2
26.863	-8.785E-4	4.044E-2
26.872	-9.363E-4	4.061E-2
26.880	-9.292E-4	4.082E-2
26.889	-8.765E-4	4.105E-2
26.897	-7.058E-4	4.127E-2
26.905	-4.847E-4	4.145E-2
26.914	-2.479E-4	4.155E-2
26.922	3.107E-6	4.158E-2
26.930	2.303E-4	4.153E-2
26.939	4.229E-4	4.143E-2
26.947	4.985E-4	4.128E-2
26.956	4.949E-4	4.106E-2
26.964	4.324E-4	4.086E-2
26.972	2.507E-4	4.067E-2
26.981	1.234E-5	4.051E-2
26.989	-2.438E-4	4.040E-2
26.997	-4.940E-4	4.036E-2
27.006	-7.218E-4	4.039E-2
27.014	-9.300E-4	4.050E-2
27.023	-9.808E-4	4.064E-2
27.031	-1.007E-3	4.080E-2
27.039	-9.394E-4	4.100E-2
27.048	-8.064E-4	4.119E-2
27.056	-5.725E-4	4.131E-2
27.064	-2.817E-4	4.141E-2
27.073	5.607E-6	4.145E-2
27.081	2.517E-4	4.147E-2
27.090	4.673E-4	4.139E-2
27.098	6.250E-4	4.129E-2
27.106	6.792E-4	4.113E-2
27.115	6.242E-4	4.099E-2
27.123	4.525E-4	4.083E-2
27.131	2.189E-4	4.073E-2
27.140	-6.013E-5	4.065E-2
27.148	-3.711E-4	4.060E-2
27.157	-6.711E-4	4.061E-2
27.165	-9.100E-4	4.066E-2
27.173	-1.038E-3	4.076E-2
27.182	-1.116E-3	4.087E-2
27.190	-1.054E-3	4.100E-2
27.198	-9.385E-4	4.109E-2
27.207	-7.137E-4	4.122E-2
27.215	-4.446E-4	4.128E-2
27.224	-1.562E-4	4.128E-2
27.232	1.544E-4	4.129E-2
27.240	4.188E-4	4.125E-2
27.249	6.220E-4	4.120E-2
27.257	6.816E-4	4.109E-2
27.265	6.777E-4	4.101E-2
27.274	4.985E-4	4.091E-2
27.282	2.593E-4	4.082E-2
27.291	-1.192E-5	4.078E-2
27.299	-3.115E-4	4.078E-2
27.307	-6.324E-4	4.078E-2
27.316	-9.087E-4	4.080E-2
27.324	-1.091E-3	4.081E-2
27.332	-1.192E-3	4.091E-2
27.341	-1.177E-3	4.098E-2
27.349	-9.962E-4	4.104E-2
27.358	-8.065E-4	4.107E-2
27.366	-5.121E-4	4.110E-2
27.374	-2.169E-4	4.108E-2
27.383	1.001E-4	4.108E-2
27.391	3.769E-4	4.107E-2
27.400	6.123E-4	4.105E-2
27.408	7.126E-4	4.102E-2
27.416	7.037E-4	4.101E-2
27.425	6.044E-4	4.101E-2
27.433	3.925E-4	4.098E-2
27.441	1.047E-4	4.096E-2
27.450	-2.292E-4	4.097E-2
27.458	-5.319E-4	4.098E-2
27.467	-8.181E-4	4.100E-2
27.475	-1.017E-3	4.101E-2
27.483	-1.146E-3	4.102E-2
27.492	-1.160E-3	4.103E-2
27.500	-1.063E-3	4.104E-2
27.508	-9.079E-4	4.104E-2
27.517	-6.585E-4	4.104E-2
27.525	-3.193E-4	4.104E-2
27.534	-7.106E-6	4.104E-2
27.542	2.749E-4	4.105E-2
27.550	4.948E-4	4.106E-2
27.559	6.558E-4	4.105E-2
27.567	6.794E-4	4.108E-2
27.575	6.278E-4	4.108E-2
27.584	4.433E-4	4.107E-2
27.592	1.728E-4	4.109E-2
27.601	-1.528E-4	4.108E-2
27.609	-4.806E-4	4.107E-2
27.617	-7.482E-4	4.105E-2
27.626	-9.491E-4	4.102E-2
27.634	-1.137E-3	4.102E-2
27.642	-1.149E-3	4.095E-2
27.651	-1.112E-3	4.089E-2
27.659	-9.360E-4	4.083E-2
27.668	-7.032E-4	4.081E-2
27.676	-4.271E-4	4.080E-2
27.684	-7.584E-5	4.080E-2
27.693	2.135E-4	4.083E-2
27.701	4.506E-4	4.088E-2
27.709	6.478E-4	4.097E-2
27.718	6.710E-4	4.105E-2
27.726	6.509E-4	4.110E-2
27.735	4.652E-4	4.118E-2
27.743	2.294E-4	4.126E-2
27.751	-4.160E-5	4.128E-2
27.760	-3.514E-4	4.127E-2
27.768	-6.757E-4	4.124E-2
27.776	-9.171E-4	4.115E-2
27.785	-1.035E-3	4.104E-2
27.793	-1.114E-3	4.094E-2
27.802	-1.083E-3	4.083E-2
27.810	-9.512E-4	4.075E-2
27.818	-7.281E-4	4.070E-2
27.827	-4.758E-4	4.068E-2
27.835	-2.022E-4	4.073E-2
27.843	7.914E-5	4.079E-2
27.852	3.040E-4	4.088E-2
27.860	4.630E-4	4.099E-2
27.869	5.828E-4	4.111E-2
27.877	5.816E-4	4.125E-2
27.885	4.576E-4	4.135E-2
27.894	2.388E-4	4.144E-2
27.902	-3.836E-6	4.150E-2
27.910	-2.748E-4	4.150E-2
27.919	-5.342E-4	4.144E-2
27.927	-7.506E-4	4.132E-2
27.936	-9.173E-4	4.117E-2
27.944	-9.551E-4	4.104E-2
27.952	-9.537E-4	4.085E-2
27.961	-9.081E-4	4.074E-2
27.969	-7.197E-4	4.062E-2
27.977	-4.936E-4	4.056E-2
27.986	-2.428E-4	4.057E-2
27.994	7.878E-6	4.062E-2
28.003	2.370E-4	4.077E-2
28.011	4.278E-4	4.092E-2
28.019	5.003E-4	4.111E-2
28.028	4.943E-4	4.129E-2
28.036	4.400E-4	4.146E-2
28.044	2.573E-4	4.157E-2
28.053	2.709E-5	4.161E-2
28.061	-2.217E-4	4.158E-2
28.070	-4.601E-4	4.151E-2
28.078	-6.862E-4	4.136E-2
28.086	-8.602E-4	4.117E-2
28.095	-9.542E-4	4.101E-2
28.103	-9.504E-4	4.079E-2
28.112	-9.204E-4	4.060E-2
28.120	-7.514E-4	4.047E-2
28.128	-5.708E-4	4.041E-2
28.137	-3.336E-4	4.039E-2
28.145	-8.062E-5	4.043E-2
28.153	1.479E-4	4.058E-2
28.162	2.931E-4	4.079E-2
28.170	4.161E-4	4.102E-2
28.179	4.579E-4	4.125E-2
28.187	4.159E-4	4.146E-2
28.195	2.828E-4	4.160E-2
28.204	1.163E-4	4.167E-2
28.212	-4.524E-5	4.171E-2
28.220	-2.572E-4	4.163E-2
28.229	-4.587E-4	4.150E-2
28.237	-6.441E-4	4.129E-2
28.246	-7.332E-4	4.105E-2
28.254	-7.528E-4	4.080E-2
28.262	-7.505E-4	4.057E-2
28.271	-6.806E-4	4.039E-2
28.279	-5.530E-4	4.031E-2
28.287	-3.860E-4	4.032E-2
28.296	-2.191E-4	4.037E-2
28.304	-1.866E-5	4.055E-2
28.313	1.380E-4	4.079E-2
28.321	2.530E-4	4.103E-2
28.329	3.009E-4	4.129E-2
28.338	2.787E-4	4.152E-2
28.346	2.196E-4	4.171E-2
28.354	1.169E-4	4.180E-2
28.363	-1.196E-6	4.178E-2
28.371	-2.029E-4	4.172E-2
28.380	-3.454E-4	4.154E-2
28.388	-4.714E-4	4.131E-2
28.396	-6.087E-4	4.104E-2
28.405	-6.897E-4	4.077E-2
28.413	-6.966E-4	4.054E-2
28.421	-6.888E-4	4.035E-2
28.430	-6.209E-4	4.020E-2
28.438	-4.934E-4	4.017E-2
28.447	-3.457E-4	4.024E-2
28.455	-2.069E-4	4.043E-2
28.463	-3.439E-5	4.065E-2
28.472	5.937E-5	4.092E-2
28.480	1.418E-4	4.124E-2
28.488	1.976E-4	4.150E-2
28.497	1.947E-4	4.170E-2
28.505	1.435E-4	4.181E-2
28.514	7.748E-5	4.179E-2
28.522	-5.126E-5	4.174E-2
28.530	-2.091E-4	4.156E-2
28.539	-3.090E-4	4.131E-2
28.547	-4.342E-4	4.103E-2
28.555	-4.994E-4	4.076E-2
28.564	-5.372E-4	4.047E-2
28.572	-5.376E-4	4.031E-2
28.581	-5.299E-4	4.016E-2
28.589	-4.592E-4	4.013E-2
28.597	-4.112E-4	4.018E-2
28.606	-2.945E-4	4.035E-2
28.614	-1.969E-4	4.060E-2
28.622	-7.720E-5	4.088E-2
28.631	1.496E-5	4.118E-2
28.639	5.446E-5	4.148E-2
28.648	7.852E-5	4.171E-2
28.656	6.158E-5	4.181E-2
28.664	4.057E-5	4.180E-2
28.673	1.115E-6	4.175E-2
28.681	-8.599E-5	4.158E-2
28.689	-2.017E-4	4.132E-2
28.698	-2.754E-4	4.104E-2
28.706	-3.812E-4	4.075E-2
28.715	-4.794E-4	4.047E-2
28.723	-4.876E-4	4.029E-2
28.731	-5.327E-4	4.016E-2
28.740	-5.232E-4	4.011E-2
28.748	-5.127E-4	4.015E-2
28.757	-4.576E-4	4.033E-2
28.765	-3.910E-4	4.057E-2
28.773	-2.855E-4	4.085E-2
28.782	-2.146E-4	4.115E-2
28.790	-8.196E-5	4.147E-2
28.798	-1.071E-6	4.171E-2
28.807	3.439E-5	4.182E-2
28.815	5.036E-5	4.180E-2
28.824	3.686E-5	4.179E-2
28.832	2.019E-5	4.161E-2
28.840	-3.113E-5	4.134E-2
28.849	-7.750E-5	4.106E-2
28.857	-2.119E-4	4.078E-2
28.865	-2.863E-4	4.051E-2
28.874	-4.068E-4	4.030E-2
28.882	-4.852E-4	4.014E-2
28.891	-5.308E-4	4.010E-2
28.899	-5.655E-4	4.014E-2
28.907	-5.494E-4	4.032E-2
28.916	-4.935E-4	4.055E-2
28.924	-4.436E-4	4.083E-2
28.932	-3.479E-4	4.111E-2
28.941	-2.311E-4	4.138E-2
28.949	-9.447E-5	4.164E-2
28.958	2.234E-5	4.178E-2
28.966	9.042E-5	4.181E-2
28.974	9.383E-5	4.178E-2
28.983	1.498E-4	4.160E-2
28.991	1.642E-4	4.136E-2
28.999	9.278E-5	4.108E-2
29.008	-5.400E-6	4.080E-2
29.016	-1.346E-4	4.054E-2
29.025	-2.719E-4	4.033E-2
29.033	-4.300E-4	4.018E-2
29.041	-5.217E-4	4.012E-2
29.050	-6.378E-4	4.016E-2
29.058	-6.951E-4	4.031E-2
29.066	-7.017E-4	4.053E-2
29.075	-6.720E-4	4.079E-2
29.083	-5.559E-4	4.106E-2
29.092	-4.401E-4	4.131E-2
29.100	-2.681E-4	4.152E-2
29.108	-9.481E-5	4.168E-2
29.117	2.829E-5	4.173E-2
29.125	1.640E-4	4.173E-2
29.133	2.402E-4	4.156E-2
29.142	2.507E-4	4.136E-2
29.150	2.285E-4	4.110E-2
29.159	1.659E-4	4.084E-2
29.167	1.509E-5	4.059E-2
29.175	-1.622E-4	4.037E-2
29.184	-3.311E-4	4.026E-2
29.192	-4.803E-4	4.020E-2
29.200	-6.509E-4	4.022E-2
29.209	-7.194E-4	4.036E-2
29.217	-7.586E-4	4.055E-2
29.226	-7.360E-4	4.079E-2
29.234	-6.868E-4	4.103E-2
29.242	-5.517E-4	4.127E-2
29.251	-3.819E-4	4.147E-2
29.259	-2.159E-4	4.160E-2
29.267	-6.390E-6	4.165E-2
29.276	1.806E-4	4.167E-2
29.284	2.890E-4	4.155E-2
29.293	3.636E-4	4.136E-2
29.301	3.893E-4	4.114E-2
29.309	3.124E-4	4.090E-2
29.318	1.848E-4	4.066E-2
29.326	-8.117E-7	4.048E-2
29.334	-2.315E-4	4.037E-2
29.343	-4.499E-4	4.032E-2
29.351	-6.539E-4	4.034E-2
29.360	-7.674E-4	4.041E-2
29.368	-8.898E-4	4.057E-2
29.376	-9.114E-4	4.077E-2
29.385	-8.824E-4	4.100E-2
29.393	-7.222E-4	4.122E-2
29.401	-5.225E-4	4.137E-2
29.410	-2.942E-4	4.148E-2
29.418	-4.642E-5	4.152E-2
29.427	1.726E-4	4.151E-2
29.435	3.446E-4	4.145E-2
29.443	4.323E-4	4.130E-2
29.452	4.677E-4	4.112E-2
29.460	4.362E-4	4.095E-2
29.469	2.826E-4	4.079E-2
29.477	9.177E-5	4.062E-2
29.485	-1.677E-4	4.053E-2
29.494	-4.355E-4	4.050E-2
29.502	-6.786E-4	4.052E-2
29.510	-8.627E-4	4.058E-2
29.519	-9.766E-4	4.071E-2
29.527	-9.864E-4	4.085E-2
29.536	-9.620E-4	4.103E-2
29.544	-8.699E-4	4.119E-2
29.552	-6.943E-4	4.133E-2
29.561	-4.632E-4	4.143E-2
29.569	-2.052E-4	4.147E-2
29.577	3.427E-5	4.150E-2
29.586	2.470E-4	4.145E-2
29.594	4.140E-4	4.134E-2
29.603	4.815E-4	4.121E-2
29.611	4.551E-4	4.107E-2
29.619	3.654E-4	4.094E-2
29.628	1.882E-4	4.084E-2
29.636	-3.790E-5	4.077E-2
29.644	-3.027E-4	4.074E-2
29.653	-5.602E-4	4.075E-2
29.661	-7.710E-4	4.080E-2
29.670	-9.207E-4	4.085E-2
29.678	-9.879E-4	4.095E-2
29.686	-9.753E-4	4.107E-2
29.695	-9.000E-4	4.119E-2
29.703	-7.151E-4	4.129E-2
29.711	-4.760E-4	4.133E-2
29.720	-2.158E-4	4.135E-2
29.728	4.466E-5	4.133E-2
29.737	2.737E-4	4.129E-2
29.745	4.592E-4	4.125E-2
29.753	5.995E-4	4.114E-2
29.762	6.232E-4	4.104E-2
29.770	4.930E-4	4.099E-2
29.778	3.041E-4	4.089E-2
29.787	3.377E-5	4.082E-2
29.795	-2.543E-4	4.082E-2
29.804	-5.098E-4	4.081E-2
29.812	-7.495E-4	4.081E-2
29.820	-9.327E-4	4.084E-2
29.829	-1.042E-3	4.088E-2
29.837	-1.048E-3	4.094E-2
29.845	-9.655E-4	4.103E-2
29.854	-7.934E-4	4.104E-2
29.862	-5.672E-4	4.109E-2
29.871	-2.696E-4	4.109E-2
29.879	2.077E-5	4.108E-2
29.887	2.616E-4	4.107E-2
29.896	4.754E-4	4.105E-2
29.904	6.226E-4	4.105E-2
29.912	6.766E-4	4.101E-2
29.921	5.972E-4	4.099E-2
29.929	4.290E-4	4.100E-2
29.938	1.946E-4	4.098E-2
29.946	-9.496E-5	4.098E-2
29.954	-3.919E-4	4.100E-2
29.963	-6.761E-4	4.100E-2
29.971	-9.049E-4	4.101E-2
29.979	-1.012E-3	4.102E-2
29.988	-1.075E-3	4.102E-2
29.996	-9.988E-4	4.103E-2
30.005	-8.823E-4	4.103E-2
30.013	-6.683E-4	4.104E-2
30.021	-3.963E-4	4.104E-2
30.030	-9.552E-5	4.104E-2
30.038	1.985E-4	4.105E-2
30.046	4.323E-4	4.105E-2
30.055	6.190E-4	4.105E-2
30.063	6.699E-4	4.106E-2
30.072	6.293E-4	4.108E-2
30.080	4.702E-4	4.108E-2
30.088	2.370E-4	4.109E-2
30.097	-3.004E-5	4.108E-2
30.105	-3.106E-4	4.107E-2
30.113	-6.101E-4	4.106E-2
30.122	-8.628E-4	4.103E-2
30.130	-9.799E-4	4.101E-2
30.139	-1.074E-3	4.097E-2
30.147	-1.029E-3	4.093E-2
30.155	-9.206E-4	4.095E-2
30.164	-7.082E-4	4.090E-2
30.172	-4.642E-4	4.083E-2
30.181	-1.977E-4	4.083E-2
30.189	7.667E-5	4.084E-2
30.197	3.001E-4	4.088E-2
30.206	4.561E-4	4.095E-2
30.214	5.824E-4	4.103E-2
30.222	6.049E-4	4.109E-2
30.231	4.667E-4	4.116E-2
30.239	2.412E-4	4.124E-2
30.248	-1.992E-6	4.129E-2
30.256	-2.708E-4	4.128E-2
30.264	-5.310E-4	4.128E-2
30.273	-7.469E-4	4.119E-2
30.281	-9.157E-4	4.110E-2
30.289	-9.739E-4	4.102E-2
30.298	-9.676E-4	4.089E-2
30.306	-9.057E-4	4.080E-2
30.315	-7.218E-4	4.075E-2
30.323	-4.956E-4	4.072E-2
30.331	-2.371E-4	4.075E-2
30.340	1.974E-5	4.079E-2
30.348	2.461E-4	4.083E-2
30.356	4.344E-4	4.095E-2
30.365	5.129E-4	4.107E-2
30.373	5.007E-4	4.120E-2
30.382	4.400E-4	4.132E-2
30.390	2.559E-4	4.141E-2
30.398	2.256E-5	4.149E-2
30.407	-2.292E-4	4.149E-2
30.415	-4.775E-4	4.150E-2
30.423	-7.020E-4	4.137E-2
30.432	-8.916E-4	4.122E-2
30.440	-9.562E-4	4.108E-2
30.449	-9.561E-4	4.093E-2
30.457	-9.285E-4	4.082E-2
30.465	-7.540E-4	4.070E-2
30.474	-5.696E-4	4.065E-2
30.482	-3.121E-4	4.061E-2
30.490	-5.008E-5	4.064E-2
30.499	1.757E-4	4.075E-2
30.507	3.522E-4	4.086E-2
30.516	4.736E-4	4.104E-2
30.524	4.725E-4	4.121E-2
30.532	4.628E-4	4.137E-2
30.541	3.002E-4	
30.549	1.190E-4	
30.557	-7.568E-5	
30.566	-2.985E-4	
30.574	-4.978E-4	
30.583	-6.789E-4	
30.591	-7.953E-4	
