#multi:
	mass A	mass B	
t	x	x	
0.000	-4.285E-3	3.753E-2
0.008	-4.275E-3	3.754E-2
0.017	-4.227E-3	3.754E-2
0.025	-4.157E-3	3.754E-2
0.034	-4.000E-3	3.754E-2
0.042	-3.842E-3	3.754E-2
0.050	-3.596E-3	3.753E-2
0.059	-3.245E-3	3.753E-2
0.067	-2.741E-3	3.753E-2
0.075	-1.895E-3	3.754E-2
0.084	-8.663E-4	3.757E-2
0.092	3.289E-4	3.762E-2
0.101	1.506E-3	3.769E-2
0.109	2.492E-3	3.781E-2
0.117	3.250E-3	3.796E-2
0.126	3.532E-3	3.814E-2
0.134	3.316E-3	3.829E-2
0.142	2.663E-3	3.843E-2
0.151	1.655E-3	3.853E-2
0.159	5.422E-4	3.851E-2
0.168	-6.100E-4	3.848E-2
0.176	-1.679E-3	3.832E-2
0.184	-2.481E-3	3.807E-2
0.193	-2.979E-3	3.778E-2
0.201	-3.174E-3	3.747E-2
0.209	-2.993E-3	3.715E-2
0.218	-2.510E-3	3.689E-2
0.226	-1.771E-3	3.670E-2
0.235	-7.808E-4	3.662E-2
0.243	3.217E-4	3.667E-2
0.251	1.406E-3	3.686E-2
0.260	2.370E-3	3.720E-2
0.268	3.039E-3	3.763E-2
0.276	3.296E-3	3.808E-2
0.285	3.174E-3	3.853E-2
0.293	2.560E-3	3.892E-2
0.302	1.720E-3	3.919E-2
0.310	6.811E-4	3.929E-2
0.318	-3.808E-4	3.923E-2
0.327	-1.310E-3	3.894E-2
0.335	-2.052E-3	3.850E-2
0.343	-2.531E-3	3.796E-2
0.352	-2.721E-3	3.736E-2
0.360	-2.582E-3	3.678E-2
0.369	-2.249E-3	3.631E-2
0.377	-1.568E-3	3.597E-2
0.385	-7.636E-4	3.587E-2
0.394	1.638E-4	3.597E-2
0.402	1.120E-3	3.628E-2
0.410	1.924E-3	3.683E-2
0.419	2.520E-3	3.751E-2
0.427	2.794E-3	3.827E-2
0.436	2.722E-3	3.895E-2
0.444	2.255E-3	3.954E-2
0.452	1.559E-3	3.995E-2
0.461	7.107E-4	4.008E-2
0.469	-1.148E-4	3.994E-2
0.477	-9.463E-4	3.952E-2
0.486	-1.597E-3	3.891E-2
0.494	-2.003E-3	3.816E-2
0.503	-2.221E-3	3.732E-2
0.511	-2.184E-3	3.649E-2
0.519	-1.859E-3	3.586E-2
0.528	-1.469E-3	3.543E-2
0.536	-8.226E-4	3.528E-2
0.544	-7.877E-5	3.543E-2
0.553	6.345E-4	3.588E-2
0.561	1.299E-3	3.660E-2
0.570	1.798E-3	3.750E-2
0.578	2.030E-3	3.845E-2
0.586	2.031E-3	3.932E-2
0.595	1.766E-3	4.004E-2
0.603	1.317E-3	4.051E-2
0.611	7.614E-4	4.069E-2
0.620	1.180E-4	4.050E-2
0.628	-4.719E-4	3.998E-2
0.637	-1.028E-3	3.920E-2
0.645	-1.426E-3	3.826E-2
0.653	-1.628E-3	3.725E-2
0.662	-1.735E-3	3.629E-2
0.670	-1.595E-3	3.552E-2
0.678	-1.297E-3	3.500E-2
0.687	-8.615E-4	3.486E-2
0.695	-3.903E-4	3.505E-2
0.704	1.213E-4	3.558E-2
0.712	5.862E-4	3.647E-2
0.720	1.001E-3	3.750E-2
0.729	1.272E-3	3.860E-2
0.737	1.425E-3	3.958E-2
0.746	1.407E-3	4.035E-2
0.754	1.259E-3	4.082E-2
0.762	9.548E-4	4.094E-2
0.771	6.025E-4	4.073E-2
0.779	2.023E-4	4.013E-2
0.787	-1.788E-4	3.924E-2
0.796	-4.929E-4	3.820E-2
0.804	-7.890E-4	3.709E-2
0.813	-9.499E-4	3.605E-2
0.821	-1.039E-3	3.523E-2
0.829	-1.018E-3	3.475E-2
0.838	-8.457E-4	3.465E-2
0.846	-6.263E-4	3.496E-2
0.854	-3.809E-4	3.556E-2
0.863	-1.102E-4	3.652E-2
0.871	2.232E-4	3.762E-2
0.880	4.904E-4	3.874E-2
0.888	7.576E-4	3.972E-2
0.896	9.668E-4	4.048E-2
0.905	1.065E-3	4.098E-2
0.913	1.065E-3	4.107E-2
0.921	1.019E-3	4.078E-2
0.930	8.137E-4	4.008E-2
0.938	5.929E-4	3.916E-2
0.947	3.299E-4	3.811E-2
0.955	5.423E-5	3.703E-2
0.963	-2.273E-4	3.600E-2
0.972	-5.237E-4	3.519E-2
0.980	-7.639E-4	3.474E-2
0.988	-8.860E-4	3.470E-2
0.997	-1.002E-3	3.501E-2
1.005	-9.860E-4	3.565E-2
1.014	-8.165E-4	3.659E-2
1.022	-6.046E-4	3.765E-2
1.030	-3.091E-4	3.878E-2
1.039	8.269E-5	3.971E-2
1.047	4.349E-4	4.042E-2
1.055	8.064E-4	4.089E-2
1.064	1.124E-3	4.097E-2
1.072	1.298E-3	4.066E-2
1.081	1.443E-3	4.002E-2
1.089	1.333E-3	3.911E-2
1.097	1.098E-3	3.807E-2
1.106	7.600E-4	3.702E-2
1.114	3.066E-4	3.612E-2
1.122	-1.609E-4	3.540E-2
1.131	-6.475E-4	3.502E-2
1.139	-1.080E-3	3.499E-2
1.148	-1.376E-3	3.533E-2
1.156	-1.519E-3	3.598E-2
1.164	-1.527E-3	3.680E-2
1.173	-1.345E-3	3.778E-2
1.181	-1.012E-3	3.876E-2
1.189	-5.479E-4	3.958E-2
1.198	5.308E-5	4.022E-2
1.206	6.544E-4	4.057E-2
1.215	1.226E-3	4.056E-2
1.223	1.731E-3	4.026E-2
1.231	2.005E-3	3.966E-2
1.240	2.088E-3	3.884E-2
1.248	1.930E-3	3.795E-2
1.256	1.508E-3	3.708E-2
1.265	9.013E-4	3.629E-2
1.273	1.720E-4	3.572E-2
1.282	-5.753E-4	3.542E-2
1.290	-1.248E-3	3.543E-2
1.298	-1.765E-3	3.575E-2
1.307	-2.069E-3	3.627E-2
1.315	-2.154E-3	3.699E-2
1.323	-2.020E-3	3.782E-2
1.332	-1.670E-3	3.860E-2
1.340	-1.098E-3	3.930E-2
1.349	-3.596E-4	3.982E-2
1.357	4.442E-4	4.005E-2
1.365	1.255E-3	4.005E-2
1.374	1.945E-3	3.978E-2
1.382	2.434E-3	3.931E-2
1.390	2.661E-3	3.867E-2
1.399	2.453E-3	3.796E-2
1.407	1.991E-3	3.728E-2
1.416	1.257E-3	3.670E-2
1.424	3.709E-4	3.628E-2
1.432	-5.511E-4	3.609E-2
1.441	-1.434E-3	3.611E-2
1.449	-2.080E-3	3.637E-2
1.458	-2.485E-3	3.677E-2
1.466	-2.669E-3	3.730E-2
1.474	-2.551E-3	3.786E-2
1.483	-2.181E-3	3.841E-2
1.491	-1.549E-3	3.889E-2
1.499	-6.894E-4	3.921E-2
1.508	3.134E-4	3.937E-2
1.516	1.261E-3	3.936E-2
1.525	2.134E-3	3.916E-2
1.533	2.787E-3	3.885E-2
1.541	3.065E-3	3.843E-2
1.550	2.968E-3	3.797E-2
1.558	2.396E-3	3.755E-2
1.566	1.600E-3	3.719E-2
1.575	5.770E-4	3.698E-2
1.583	-4.664E-4	3.685E-2
1.592	-1.481E-3	3.684E-2
1.600	-2.257E-3	3.699E-2
1.608	-2.750E-3	3.723E-2
1.617	-2.938E-3	3.751E-2
1.625	-2.853E-3	3.779E-2
1.633	-2.466E-3	3.806E-2
1.642	-1.771E-3	3.829E-2
1.650	-8.530E-4	3.846E-2
1.659	1.836E-4	3.855E-2
1.667	1.238E-3	3.853E-2
1.675	2.178E-3	3.846E-2
1.684	2.883E-3	3.835E-2
1.692	3.249E-3	3.821E-2
1.700	3.137E-3	3.803E-2
1.709	2.608E-3	3.789E-2
1.717	1.741E-3	3.777E-2
1.726	7.126E-4	3.770E-2
1.734	-3.610E-4	3.763E-2
1.742	-1.382E-3	3.760E-2
1.751	-2.212E-3	3.756E-2
1.759	-2.749E-3	3.754E-2
1.767	-2.973E-3	3.754E-2
1.776	-2.908E-3	3.755E-2
1.784	-2.500E-3	3.756E-2
1.793	-1.807E-3	3.756E-2
1.801	-9.053E-4	3.757E-2
1.809	1.693E-4	3.766E-2
1.818	1.249E-3	3.774E-2
1.826	2.183E-3	3.782E-2
1.834	2.912E-3	3.795E-2
1.843	3.255E-3	3.805E-2
1.851	3.219E-3	3.820E-2
1.860	2.653E-3	3.832E-2
1.868	1.824E-3	3.840E-2
1.876	7.947E-4	3.845E-2
1.885	-2.700E-4	3.842E-2
1.893	-1.292E-3	3.830E-2
1.901	-2.064E-3	3.813E-2
1.910	-2.625E-3	3.792E-2
1.918	-2.883E-3	3.765E-2
1.927	-2.844E-3	3.740E-2
1.935	-2.488E-3	3.713E-2
1.943	-1.859E-3	3.694E-2
1.952	-1.006E-3	3.684E-2
1.960	-4.274E-5	3.684E-2
1.968	9.571E-4	3.703E-2
1.977	1.910E-3	3.729E-2
1.985	2.605E-3	3.763E-2
1.994	2.954E-3	3.801E-2
2.002	2.887E-3	3.843E-2
2.010	2.435E-3	3.879E-2
2.019	1.718E-3	3.905E-2
2.027	7.906E-4	3.919E-2
2.035	-1.514E-4	3.916E-2
2.044	-1.062E-3	3.895E-2
2.052	-1.805E-3	3.860E-2
2.061	-2.294E-3	3.814E-2
2.069	-2.517E-3	3.762E-2
2.077	-2.487E-3	3.709E-2
2.086	-2.177E-3	3.662E-2
2.094	-1.621E-3	3.628E-2
2.103	-8.940E-4	3.614E-2
2.111	-1.073E-5	3.614E-2
2.119	8.338E-4	3.642E-2
2.128	1.641E-3	3.683E-2
2.136	2.248E-3	3.739E-2
2.144	2.565E-3	3.803E-2
2.153	2.575E-3	3.868E-2
2.161	2.272E-3	3.925E-2
2.170	1.680E-3	3.964E-2
2.178	9.550E-4	3.984E-2
2.186	1.586E-4	3.980E-2
2.195	-6.086E-4	3.950E-2
2.203	-1.274E-3	3.900E-2
2.211	-1.733E-3	3.830E-2
2.220	-1.998E-3	3.754E-2
2.228	-2.007E-3	3.679E-2
2.237	-1.793E-3	3.618E-2
2.245	-1.381E-3	3.572E-2
2.253	-8.003E-4	3.550E-2
2.262	-1.166E-4	3.554E-2
2.270	5.585E-4	3.589E-2
2.278	1.217E-3	3.647E-2
2.287	1.709E-3	3.721E-2
2.295	2.004E-3	3.806E-2
2.304	2.071E-3	3.889E-2
2.312	1.846E-3	3.961E-2
2.320	1.456E-3	4.012E-2
2.329	9.472E-4	4.033E-2
2.337	3.684E-4	4.023E-2
2.345	-1.968E-4	3.986E-2
2.354	-6.890E-4	3.921E-2
2.362	-1.095E-3	3.835E-2
2.371	-1.338E-3	3.745E-2
2.379	-1.377E-3	3.657E-2
2.387	-1.322E-3	3.583E-2
2.396	-1.068E-3	3.534E-2
2.404	-6.822E-4	3.515E-2
2.412	-2.240E-4	3.527E-2
2.421	2.657E-4	3.569E-2
2.429	7.246E-4	3.640E-2
2.438	1.081E-3	3.728E-2
2.446	1.399E-3	3.825E-2
2.454	1.475E-3	3.917E-2
2.463	1.467E-3	3.994E-2
2.471	1.362E-3	4.046E-2
2.479	1.058E-3	4.070E-2
2.488	7.227E-4	4.057E-2
2.496	3.645E-4	4.010E-2
2.505	8.827E-6	3.935E-2
2.513	-3.044E-4	3.842E-2
2.521	-5.908E-4	3.740E-2
2.530	-7.052E-4	3.643E-2
2.538	-8.285E-4	3.562E-2
2.546	-8.130E-4	3.512E-2
2.555	-7.042E-4	3.495E-2
2.563	-5.390E-4	3.513E-2
2.572	-3.285E-4	3.566E-2
2.580	-7.324E-5	3.644E-2
2.588	2.067E-4	3.736E-2
2.597	4.517E-4	3.834E-2
2.605	6.763E-4	3.931E-2
2.613	8.001E-4	4.013E-2
2.622	9.579E-4	4.063E-2
2.630	9.862E-4	4.080E-2
2.639	9.262E-4	4.060E-2
2.647	7.743E-4	4.007E-2
2.655	5.668E-4	3.929E-2
2.664	3.286E-4	3.835E-2
2.672	8.255E-5	3.735E-2
2.680	-1.788E-4	3.636E-2
2.689	-4.231E-4	3.555E-2
2.697	-6.034E-4	3.505E-2
2.706	-7.657E-4	3.488E-2
2.714	-8.221E-4	3.509E-2
2.722	-8.171E-4	3.561E-2
2.731	-7.405E-4	3.646E-2
2.739	-5.632E-4	3.739E-2
2.747	-3.053E-4	3.835E-2
2.756	4.795E-5	3.929E-2
2.764	3.549E-4	4.006E-2
2.773	7.205E-4	4.054E-2
2.781	1.026E-3	4.067E-2
2.789	1.224E-3	4.049E-2
2.798	1.307E-3	3.997E-2
2.806	1.274E-3	3.921E-2
2.815	1.080E-3	3.827E-2
2.823	7.873E-4	3.728E-2
2.831	3.773E-4	3.639E-2
2.840	-4.892E-5	3.566E-2
2.848	-5.017E-4	3.526E-2
2.856	-8.786E-4	3.516E-2
2.865	-1.188E-3	3.538E-2
2.873	-1.364E-3	3.591E-2
2.882	-1.346E-3	3.667E-2
2.890	-1.259E-3	3.753E-2
2.898	-1.011E-3	3.844E-2
2.907	-5.894E-4	3.926E-2
2.915	-9.373E-5	3.986E-2
2.923	4.341E-4	4.027E-2
2.932	9.745E-4	4.034E-2
2.940	1.453E-3	4.013E-2
2.949	1.745E-3	3.964E-2
2.957	1.879E-3	3.894E-2
2.965	1.763E-3	3.812E-2
2.974	1.449E-3	3.731E-2
2.982	9.567E-4	3.654E-2
2.990	3.366E-4	3.596E-2
2.999	-3.096E-4	3.564E-2
3.007	-9.404E-4	3.560E-2
3.016	-1.477E-3	3.581E-2
3.024	-1.783E-3	3.628E-2
3.032	-1.946E-3	3.693E-2
3.041	-1.912E-3	3.765E-2
3.049	-1.582E-3	3.843E-2
3.057	-1.099E-3	3.908E-2
3.066	-4.609E-4	3.958E-2
3.074	2.862E-4	3.986E-2
3.083	1.028E-3	3.987E-2
3.091	1.687E-3	3.969E-2
3.099	2.177E-3	3.927E-2
3.108	2.422E-3	3.873E-2
3.116	2.361E-3	3.807E-2
3.124	2.002E-3	3.743E-2
3.133	1.402E-3	3.684E-2
3.141	6.242E-4	3.642E-2
3.150	-2.111E-4	3.616E-2
3.158	-1.006E-3	3.613E-2
3.166	-1.659E-3	3.631E-2
3.175	-2.140E-3	3.665E-2
3.183	-2.380E-3	3.711E-2
3.191	-2.390E-3	3.764E-2
3.200	-2.041E-3	3.817E-2
3.208	-1.505E-3	3.865E-2
3.217	-7.676E-4	3.900E-2
3.225	6.519E-5	3.918E-2
3.233	9.541E-4	3.918E-2
3.242	1.780E-3	3.907E-2
3.250	2.395E-3	3.879E-2
3.258	2.724E-3	3.840E-2
3.267	2.690E-3	3.799E-2
3.275	2.291E-3	3.757E-2
3.284	1.612E-3	3.721E-2
3.292	6.957E-4	3.698E-2
3.300	-2.079E-4	3.683E-2
3.309	-1.107E-3	3.682E-2
3.317	-1.859E-3	3.691E-2
3.325	-2.426E-3	3.709E-2
3.334	-2.682E-3	3.735E-2
3.342	-2.677E-3	3.764E-2
3.351	-2.370E-3	3.792E-2
3.359	-1.795E-3	3.819E-2
3.367	-1.017E-3	3.838E-2
3.376	-8.889E-5	3.849E-2
3.384	8.691E-4	3.851E-2
3.392	1.755E-3	3.848E-2
3.401	2.457E-3	3.834E-2
3.409	2.861E-3	3.821E-2
3.418	2.869E-3	3.803E-2
3.426	2.462E-3	3.787E-2
3.434	1.753E-3	3.776E-2
3.443	8.235E-4	3.765E-2
3.451	-1.719E-4	3.760E-2
3.459	-1.123E-3	3.754E-2
3.468	-1.927E-3	3.754E-2
3.476	-2.465E-3	3.754E-2
3.485	-2.742E-3	3.755E-2
3.493	-2.723E-3	3.756E-2
3.501	-2.430E-3	3.758E-2
3.510	-1.882E-3	3.764E-2
3.518	-1.108E-3	3.767E-2
3.527	-1.340E-4	3.773E-2
3.535	8.311E-4	3.778E-2
3.543	1.757E-3	3.782E-2
3.552	2.459E-3	3.793E-2
3.560	2.881E-3	3.802E-2
3.568	2.900E-3	3.814E-2
3.577	2.537E-3	3.824E-2
3.585	1.793E-3	3.829E-2
3.594	8.802E-4	3.830E-2
3.602	-1.041E-4	3.829E-2
3.610	-1.040E-3	3.822E-2
3.619	-1.809E-3	3.808E-2
3.627	-2.386E-3	3.788E-2
3.635	-2.690E-3	3.768E-2
3.644	-2.690E-3	3.747E-2
3.652	-2.428E-3	3.727E-2
3.661	-1.908E-3	3.709E-2
3.669	-1.141E-3	3.703E-2
3.677	-2.267E-4	3.704E-2
3.686	7.232E-4	3.712E-2
3.694	1.618E-3	3.731E-2
3.702	2.252E-3	3.759E-2
3.711	2.651E-3	3.794E-2
3.719	2.668E-3	3.829E-2
3.728	2.371E-3	3.861E-2
3.736	1.763E-3	3.889E-2
3.744	9.137E-4	3.904E-2
3.753	3.852E-5	3.907E-2
3.761	-8.021E-4	3.894E-2
3.769	-1.539E-3	3.865E-2
3.778	-2.053E-3	3.826E-2
3.786	-2.336E-3	3.780E-2
3.795	-2.412E-3	3.732E-2
3.803	-2.189E-3	3.688E-2
3.811	-1.743E-3	3.654E-2
3.820	-1.076E-3	3.637E-2
3.828	-2.850E-4	3.636E-2
3.836	5.300E-4	3.654E-2
3.845	1.295E-3	3.687E-2
3.853	1.918E-3	3.736E-2
3.862	2.295E-3	3.792E-2
3.870	2.358E-3	3.851E-2
3.878	2.142E-3	3.901E-2
3.887	1.665E-3	3.940E-2
3.895	9.954E-4	3.961E-2
3.903	2.630E-4	3.962E-2
3.912	-4.429E-4	3.941E-2
3.920	-1.074E-3	3.898E-2
3.929	-1.544E-3	3.841E-2
3.937	-1.818E-3	3.776E-2
3.945	-1.848E-3	3.708E-2
3.954	-1.685E-3	3.647E-2
3.962	-1.363E-3	3.600E-2
3.970	-8.438E-4	3.574E-2
3.979	-2.055E-4	3.572E-2
3.987	4.589E-4	3.596E-2
3.996	1.039E-3	3.642E-2
4.004	1.533E-3	3.709E-2
4.012	1.857E-3	3.784E-2
4.021	1.953E-3	3.858E-2
4.029	1.854E-3	3.926E-2
4.037	1.535E-3	3.979E-2
4.046	1.051E-3	4.008E-2
4.054	5.154E-4	4.008E-2
4.063	-3.657E-5	3.979E-2
4.071	-5.608E-4	3.925E-2
4.079	-9.698E-4	3.850E-2
4.088	-1.246E-3	3.767E-2
4.096	-1.360E-3	3.690E-2
4.104	-1.299E-3	3.615E-2
4.113	-1.087E-3	3.563E-2
4.121	-7.550E-4	3.539E-2
4.130	-3.718E-4	3.543E-2
4.138	8.964E-5	3.574E-2
4.146	5.232E-4	3.630E-2
4.155	8.850E-4	3.711E-2
4.163	1.192E-3	3.798E-2
4.171	1.360E-3	3.885E-2
4.180	1.331E-3	3.961E-2
4.188	1.212E-3	4.015E-2
4.197	9.806E-4	4.038E-2
4.205	6.747E-4	4.033E-2
4.213	3.141E-4	3.996E-2
4.222	-4.551E-5	3.933E-2
4.230	-3.536E-4	3.851E-2
4.239	-5.956E-4	3.759E-2
4.247	-7.796E-4	3.669E-2
4.255	-8.302E-4	3.591E-2
4.264	-8.185E-4	3.539E-2
4.272	-7.422E-4	3.516E-2
4.280	-5.739E-4	3.523E-2
4.289	-3.481E-4	3.561E-2
4.297	-1.078E-4	3.624E-2
4.306	1.549E-4	3.706E-2
4.314	3.833E-4	3.801E-2
4.322	5.972E-4	3.894E-2
4.331	7.747E-4	3.972E-2
4.339	8.369E-4	4.025E-2
4.347	8.400E-4	4.051E-2
4.356	7.841E-4	4.046E-2
4.364	6.980E-4	4.006E-2
4.373	5.361E-4	3.938E-2
4.381	3.185E-4	3.850E-2
4.389	9.461E-5	3.757E-2
4.398	-1.409E-4	3.666E-2
4.406	-3.666E-4	3.588E-2
4.414	-5.578E-4	3.537E-2
4.423	-6.686E-4	3.518E-2
4.431	-6.743E-4	3.529E-2
4.440	-6.838E-4	3.569E-2
4.448	-5.710E-4	3.633E-2
4.456	-4.211E-4	3.719E-2
4.465	-1.788E-4	3.815E-2
4.473	1.039E-4	3.907E-2
4.481	3.907E-4	3.980E-2
4.490	6.775E-4	4.030E-2
4.498	8.835E-4	4.049E-2
4.507	1.068E-3	4.038E-2
4.515	1.160E-3	3.995E-2
4.523	1.179E-3	3.927E-2
4.532	1.059E-3	3.842E-2
4.540	7.996E-4	3.754E-2
4.548	4.633E-4	3.669E-2
4.557	1.170E-4	3.598E-2
4.565	-2.870E-4	3.550E-2
4.574	-6.395E-4	3.530E-2
4.582	-9.202E-4	3.543E-2
4.590	-1.088E-3	3.586E-2
4.599	-1.131E-3	3.650E-2
4.607	-1.043E-3	3.733E-2
4.615	-8.181E-4	3.817E-2
4.624	-4.781E-4	3.896E-2
4.632	-8.137E-5	3.960E-2
4.641	3.738E-4	4.002E-2
4.649	8.407E-4	4.020E-2
4.657	1.269E-3	4.009E-2
4.666	1.551E-3	3.969E-2
4.674	1.697E-3	3.905E-2
4.682	1.649E-3	3.830E-2
4.691	1.410E-3	3.749E-2
4.699	1.000E-3	3.680E-2
4.708	4.779E-4	3.620E-2
4.716	-9.796E-5	3.583E-2
4.724	-6.494E-4	3.571E-2
4.733	-1.132E-3	3.583E-2
4.741	-1.447E-3	3.623E-2
4.749	-1.619E-3	3.678E-2
4.758	-1.591E-3	3.744E-2
4.766	-1.357E-3	3.817E-2
4.775	-9.407E-4	3.883E-2
4.783	-4.143E-4	3.937E-2
4.791	2.482E-4	3.969E-2
4.800	8.874E-4	3.979E-2
4.808	1.494E-3	3.965E-2
4.816	1.945E-3	3.932E-2
4.825	2.197E-3	3.883E-2
4.833	2.195E-3	3.823E-2
4.842	1.941E-3	3.759E-2
4.850	1.455E-3	3.703E-2
4.858	7.932E-4	3.659E-2
4.867	4.752E-5	3.633E-2
4.875	-6.562E-4	3.623E-2
4.883	-1.306E-3	3.635E-2
4.892	-1.774E-3	3.663E-2
4.900	-2.033E-3	3.706E-2
4.909	-2.036E-3	3.756E-2
4.917	-1.806E-3	3.806E-2
4.925	-1.348E-3	3.851E-2
4.934	-7.109E-4	3.889E-2
4.942	3.219E-5	3.913E-2
4.951	8.299E-4	3.918E-2
4.959	1.599E-3	3.909E-2
4.967	2.165E-3	3.887E-2
4.976	2.548E-3	3.851E-2
4.984	2.563E-3	3.809E-2
4.992	2.318E-3	3.768E-2
5.001	1.767E-3	3.732E-2
5.009	9.924E-4	3.704E-2
5.018	1.348E-4	3.687E-2
5.026	-6.929E-4	3.682E-2
5.034	-1.429E-3	3.688E-2
5.043	-1.998E-3	3.706E-2
5.051	-2.294E-3	3.732E-2
5.059	-2.300E-3	3.758E-2
5.068	-2.064E-3	3.787E-2
5.076	-1.578E-3	3.813E-2
5.085	-9.213E-4	3.836E-2
5.093	-7.186E-5	3.849E-2
5.101	8.005E-4	3.852E-2
5.110	1.659E-3	3.847E-2
5.118	2.334E-3	3.838E-2
5.126	2.802E-3	3.824E-2
5.135	2.842E-3	3.804E-2
5.143	2.585E-3	3.787E-2
5.152	1.992E-3	3.770E-2
5.160	1.159E-3	3.759E-2
5.168	3.056E-4	3.752E-2
5.177	-5.893E-4	3.749E-2
5.185	-1.401E-3	3.750E-2
5.193	-2.017E-3	3.750E-2
5.202	-2.304E-3	3.755E-2
5.210	-2.402E-3	3.759E-2
5.219	-2.203E-3	3.765E-2
5.227	-1.737E-3	3.773E-2
5.235	-1.057E-3	3.777E-2
5.244	-1.944E-4	3.777E-2
5.252	7.321E-4	3.785E-2
5.260	1.599E-3	3.791E-2
5.269	2.272E-3	3.797E-2
5.277	2.707E-3	3.802E-2
5.286	2.780E-3	3.807E-2
5.294	2.537E-3	3.814E-2
5.302	1.939E-3	3.822E-2
5.311	1.152E-3	3.824E-2
5.319	2.362E-4	3.823E-2
5.327	-6.221E-4	3.819E-2
5.336	-1.402E-3	3.806E-2
5.344	-2.011E-3	3.793E-2
5.353	-2.321E-3	3.775E-2
5.361	-2.426E-3	3.756E-2
5.369	-2.218E-3	3.737E-2
5.378	-1.805E-3	3.724E-2
5.386	-1.142E-3	3.713E-2
5.394	-3.210E-4	3.712E-2
5.403	5.493E-4	3.714E-2
5.411	1.394E-3	3.732E-2
5.420	2.084E-3	3.754E-2
5.428	2.464E-3	3.782E-2
5.436	2.596E-3	3.812E-2
5.445	2.364E-3	3.843E-2
5.453	1.866E-3	3.868E-2
5.461	1.160E-3	3.885E-2
5.470	3.537E-4	3.889E-2
5.478	-4.503E-4	3.879E-2
5.487	-1.151E-3	3.856E-2
5.495	-1.702E-3	3.822E-2
5.503	-2.045E-3	3.782E-2
5.512	-2.083E-3	3.740E-2
5.520	-1.941E-3	3.700E-2
5.528	-1.563E-3	3.671E-2
5.537	-1.008E-3	3.648E-2
5.545	-2.903E-4	3.641E-2
5.554	4.679E-4	3.653E-2
5.562	1.232E-3	3.683E-2
5.570	1.837E-3	3.724E-2
5.579	2.183E-3	3.772E-2
5.587	2.317E-3	3.824E-2
5.596	2.155E-3	3.873E-2
5.604	1.757E-3	3.913E-2
5.612	1.176E-3	3.937E-2
5.621	4.890E-4	3.942E-2
5.629	-1.828E-4	3.929E-2
5.637	-8.158E-4	3.896E-2
5.646	-1.310E-3	3.848E-2
5.654	-1.598E-3	3.789E-2
5.663	-1.713E-3	3.728E-2
5.671	-1.599E-3	3.672E-2
5.679	-1.316E-3	3.633E-2
5.688	-8.510E-4	3.607E-2
5.696	-2.899E-4	3.602E-2
5.704	3.265E-4	3.620E-2
5.713	9.240E-4	3.657E-2
5.721	1.401E-3	3.713E-2
5.730	1.741E-3	3.777E-2
5.738	1.882E-3	3.844E-2
5.746	1.854E-3	3.908E-2
5.755	1.568E-3	3.959E-2
5.763	1.132E-3	3.988E-2
5.771	5.872E-4	3.991E-2
5.780	6.514E-5	3.968E-2
5.788	-4.169E-4	3.925E-2
5.797	-8.177E-4	3.862E-2
5.805	-1.110E-3	3.791E-2
5.813	-1.228E-3	3.716E-2
5.822	-1.222E-3	3.647E-2
5.830	-1.063E-3	3.593E-2
5.838	-7.589E-4	3.564E-2
5.847	-3.904E-4	3.560E-2
5.855	4.141E-5	3.585E-2
5.864	4.790E-4	3.635E-2
5.872	8.840E-4	3.703E-2
5.880	1.160E-3	3.780E-2
5.889	1.353E-3	3.859E-2
5.897	1.347E-3	3.932E-2
5.905	1.217E-3	3.988E-2
5.914	1.012E-3	4.018E-2
5.922	7.193E-4	4.016E-2
5.931	3.886E-4	3.989E-2
5.939	4.606E-5	3.937E-2
5.947	-2.455E-4	3.868E-2
5.956	-5.289E-4	3.784E-2
5.964	-7.140E-4	3.699E-2
5.972	-7.932E-4	3.625E-2
5.981	-7.990E-4	3.571E-2
5.989	-7.050E-4	3.542E-2
5.998	-5.706E-4	3.542E-2
6.006	-3.479E-4	3.570E-2
6.014	-1.056E-4	3.625E-2
6.023	1.489E-4	3.699E-2
6.031	3.769E-4	3.784E-2
6.039	5.765E-4	3.866E-2
6.048	7.612E-4	3.941E-2
6.056	8.087E-4	3.998E-2
6.065	8.078E-4	4.030E-2
6.073	7.767E-4	4.030E-2
6.081	6.350E-4	4.000E-2
6.090	4.724E-4	3.944E-2
6.098	2.914E-4	3.868E-2
6.106	9.046E-5	3.782E-2
6.115	-1.363E-4	3.694E-2
6.123	-3.377E-4	3.616E-2
6.132	-5.063E-4	3.563E-2
6.140	-5.959E-4	3.539E-2
6.148	-6.316E-4	3.542E-2
6.157	-6.084E-4	3.574E-2
6.165	-5.527E-4	3.630E-2
6.173	-3.840E-4	3.708E-2
6.182	-1.732E-4	3.794E-2
6.190	7.486E-5	3.877E-2
6.199	3.378E-4	3.946E-2
6.207	5.786E-4	3.997E-2
6.215	8.049E-4	4.026E-2
6.224	9.768E-4	4.027E-2
6.232	1.069E-3	3.991E-2
6.240	1.053E-3	3.934E-2
6.249	9.115E-4	3.861E-2
6.257	7.100E-4	3.777E-2
6.266	4.271E-4	3.697E-2
6.274	1.112E-4	3.627E-2
6.282	-2.231E-4	3.578E-2
6.291	-5.417E-4	3.552E-2
6.299	-7.934E-4	3.555E-2
6.308	-1.011E-3	3.588E-2
6.316	-1.054E-3	3.643E-2
6.324	-1.042E-3	3.717E-2
6.333	-8.120E-4	3.794E-2
6.341	-5.479E-4	3.871E-2
6.349	-1.552E-4	3.933E-2
6.358	2.673E-4	3.980E-2
6.366	7.013E-4	4.003E-2
6.375	1.091E-3	3.999E-2
6.383	1.350E-3	3.966E-2
6.391	1.499E-3	3.912E-2
6.400	1.487E-3	3.845E-2
6.408	1.280E-3	3.771E-2
6.416	9.383E-4	3.702E-2
6.425	4.996E-4	3.641E-2
6.433	6.413E-6	3.599E-2
6.442	-4.880E-4	3.581E-2
6.450	-9.736E-4	3.590E-2
6.458	-1.297E-3	3.620E-2
6.467	-1.486E-3	3.669E-2
6.475	-1.500E-3	3.730E-2
6.483	-1.331E-3	3.797E-2
6.492	-1.024E-3	3.862E-2
6.500	-5.541E-4	3.915E-2
6.509	2.057E-5	3.950E-2
6.517	6.076E-4	3.966E-2
6.525	1.194E-3	3.961E-2
6.534	1.654E-3	3.932E-2
6.542	1.936E-3	3.888E-2
6.550	2.001E-3	3.833E-2
6.559	1.792E-3	3.772E-2
6.567	1.393E-3	3.715E-2
6.576	8.208E-4	3.668E-2
6.584	1.574E-4	3.638E-2
6.592	-5.278E-4	3.627E-2
6.601	-1.119E-3	3.637E-2
6.609	-1.563E-3	3.660E-2
6.617	-1.819E-3	3.699E-2
6.626	-1.862E-3	3.747E-2
6.634	-1.728E-3	3.798E-2
6.643	-1.376E-3	3.845E-2
6.651	-8.230E-4	3.884E-2
6.659	-1.413E-4	3.909E-2
6.668	5.608E-4	3.919E-2
6.676	1.274E-3	3.913E-2
6.684	1.861E-3	3.892E-2
6.693	2.252E-3	3.859E-2
6.701	2.349E-3	3.822E-2
6.710	2.179E-3	3.781E-2
6.718	1.727E-3	3.745E-2
6.726	1.038E-3	3.715E-2
6.735	2.898E-4	3.693E-2
6.743	-4.786E-4	3.685E-2
6.751	-1.221E-3	3.688E-2
6.760	-1.753E-3	3.704E-2
6.768	-2.067E-3	3.728E-2
6.777	-2.134E-3	3.755E-2
6.785	-2.008E-3	3.784E-2
6.793	-1.622E-3	3.812E-2
6.802	-1.077E-3	3.836E-2
6.810	-3.309E-4	3.849E-2
6.818	4.776E-4	3.854E-2
6.827	1.282E-3	3.850E-2
6.835	1.933E-3	3.841E-2
6.844	2.388E-3	3.825E-2
6.852	2.546E-3	3.805E-2
6.860	2.340E-3	3.789E-2
6.869	1.888E-3	3.773E-2
6.877	1.198E-3	3.759E-2
6.885	3.643E-4	3.750E-2
6.894	-4.623E-4	3.750E-2
6.902	-1.204E-3	3.748E-2
6.911	-1.797E-3	3.751E-2
6.919	-2.143E-3	3.755E-2
6.927	-2.282E-3	3.761E-2
6.936	-2.120E-3	3.769E-2
6.944	-1.754E-3	3.775E-2
6.952	-1.153E-3	3.781E-2
6.961	-3.683E-4	3.787E-2
6.969	4.720E-4	3.788E-2
6.978	1.288E-3	3.797E-2
6.986	1.957E-3	3.799E-2
6.994	2.421E-3	3.800E-2
7.003	2.589E-3	3.804E-2
7.011	2.429E-3	3.807E-2
7.020	1.951E-3	3.810E-2
7.028	1.265E-3	3.810E-2
7.036	4.323E-4	3.807E-2
7.045	-4.081E-4	3.805E-2
7.053	-1.152E-3	3.795E-2
7.061	-1.726E-3	3.784E-2
7.070	-2.079E-3	3.770E-2
7.078	-2.198E-3	3.756E-2
7.087	-2.067E-3	3.741E-2
7.095	-1.688E-3	3.728E-2
7.103	-1.119E-3	3.723E-2
7.112	-3.828E-4	3.722E-2
7.120	4.076E-4	3.728E-2
7.128	1.200E-3	3.738E-2
7.137	1.869E-3	3.755E-2
7.145	2.335E-3	3.777E-2
7.154	2.536E-3	3.802E-2
7.162	2.336E-3	3.827E-2
7.170	1.939E-3	3.849E-2
7.179	1.297E-3	3.863E-2
7.187	5.437E-4	3.869E-2
7.195	-2.291E-4	3.869E-2
7.204	-9.057E-4	3.849E-2
7.212	-1.467E-3	3.822E-2
7.221	-1.831E-3	3.789E-2
7.229	-1.972E-3	3.755E-2
7.237	-1.848E-3	3.721E-2
7.246	-1.537E-3	3.692E-2
7.254	-1.028E-3	3.671E-2
7.262	-3.671E-4	3.667E-2
7.271	3.431E-4	3.672E-2
7.279	1.040E-3	3.694E-2
7.288	1.641E-3	3.726E-2
7.296	2.090E-3	3.768E-2
7.304	2.220E-3	3.817E-2
7.313	2.126E-3	3.862E-2
7.321	1.803E-3	3.898E-2
7.329	1.258E-3	3.920E-2
7.338	6.023E-4	3.930E-2
7.346	-6.490E-5	3.920E-2
7.355	-6.695E-4	3.892E-2
7.363	-1.153E-3	3.852E-2
7.371	-1.476E-3	3.801E-2
7.380	-1.597E-3	3.748E-2
7.388	-1.554E-3	3.697E-2
7.396	-1.305E-3	3.657E-2
7.405	-8.873E-4	3.629E-2
7.413	-3.511E-4	3.619E-2
7.422	2.444E-4	3.631E-2
7.430	8.039E-4	3.661E-2
7.438	1.293E-3	3.707E-2
7.447	1.652E-3	3.764E-2
7.455	1.855E-3	3.825E-2
7.463	1.853E-3	3.884E-2
7.472	1.625E-3	3.934E-2
7.480	1.232E-3	3.963E-2
7.489	7.592E-4	3.972E-2
7.497	2.689E-4	3.958E-2
7.505	-2.082E-4	3.922E-2
7.514	-6.186E-4	3.868E-2
7.522	-8.993E-4	3.804E-2
7.530	-1.081E-3	3.735E-2
7.539	-1.086E-3	3.671E-2
7.547	-9.100E-4	3.617E-2
7.556	-6.299E-4	3.586E-2
7.564	-2.889E-4	3.578E-2
7.572	9.182E-5	3.592E-2
7.581	5.136E-4	3.630E-2
7.589	8.969E-4	3.687E-2
7.597	1.182E-3	3.757E-2
7.606	1.341E-3	3.831E-2
7.614	1.393E-3	3.897E-2
7.623	1.265E-3	3.952E-2
7.631	1.074E-3	3.988E-2
7.639	7.698E-4	3.994E-2
7.648	4.722E-4	3.976E-2
7.656	1.250E-4	3.936E-2
7.664	-1.813E-4	3.873E-2
7.673	-4.196E-4	3.798E-2
7.681	-6.074E-4	3.721E-2
7.690	-6.545E-4	3.653E-2
7.698	-6.429E-4	3.599E-2
7.706	-5.646E-4	3.565E-2
7.715	-4.007E-4	3.561E-2
7.723	-1.696E-4	3.580E-2
7.732	7.147E-5	3.628E-2
7.740	3.180E-4	3.693E-2
7.748	5.452E-4	3.767E-2
7.757	7.419E-4	3.847E-2
7.765	8.703E-4	3.919E-2
7.773	9.415E-4	3.973E-2
7.782	9.540E-4	4.009E-2
7.790	9.069E-4	4.013E-2
7.799	7.300E-4	3.991E-2
7.807	5.450E-4	3.942E-2
7.815	3.443E-4	3.875E-2
7.824	1.429E-4	3.794E-2
7.832	-5.346E-5	3.715E-2
7.840	-2.289E-4	3.644E-2
7.849	-3.843E-4	3.588E-2
7.857	-4.414E-4	3.556E-2
7.866	-4.362E-4	3.559E-2
7.874	-4.268E-4	3.584E-2
7.882	-3.653E-4	3.633E-2
7.891	-1.971E-4	3.699E-2
7.899	1.042E-5	3.776E-2
7.907	2.486E-4	3.856E-2
7.916	4.759E-4	3.924E-2
7.924	6.987E-4	3.976E-2
7.933	8.635E-4	4.007E-2
7.941	9.825E-4	4.008E-2
7.949	1.030E-3	3.984E-2
7.958	1.012E-3	3.936E-2
7.966	9.619E-4	3.869E-2
7.974	7.643E-4	3.790E-2
7.983	5.285E-4	3.717E-2
7.991	2.822E-4	3.649E-2
8.000	1.027E-5	3.600E-2
8.008	-2.931E-4	3.570E-2
8.016	-5.484E-4	3.569E-2
8.025	-6.650E-4	3.595E-2
8.033	-7.420E-4	3.642E-2
8.041	-6.940E-4	3.704E-2
8.050	-6.014E-4	3.778E-2
8.058	-3.655E-4	3.849E-2
8.067	-2.507E-5	3.912E-2
8.075	2.968E-4	3.960E-2
8.083	6.965E-4	3.986E-2
8.092	1.024E-3	3.986E-2
8.100	1.273E-3	3.961E-2
8.108	1.426E-3	3.915E-2
8.117	1.432E-3	3.853E-2
8.125	1.291E-3	3.782E-2
8.134	9.943E-4	3.712E-2
8.142	6.132E-4	3.655E-2
8.150	1.640E-4	3.614E-2
8.159	-3.075E-4	3.593E-2
8.167	-7.111E-4	3.594E-2
8.175	-1.067E-3	3.617E-2
8.184	-1.249E-3	3.661E-2
8.192	-1.303E-3	3.717E-2
8.201	-1.190E-3	3.777E-2
8.209	-9.235E-4	3.839E-2
8.217	-5.121E-4	3.893E-2
8.226	-3.624E-5	3.933E-2
8.234	4.804E-4	3.952E-2
8.242	1.009E-3	3.953E-2
8.251	1.450E-3	3.932E-2
8.259	1.733E-3	3.893E-2
8.268	1.801E-3	3.841E-2
8.276	1.676E-3	3.785E-2
8.284	1.340E-3	3.729E-2
8.293	8.224E-4	3.683E-2
8.301	2.637E-4	3.653E-2
8.309	-3.297E-4	3.638E-2
8.318	-8.942E-4	3.639E-2
8.326	-1.323E-3	3.659E-2
8.335	-1.595E-3	3.695E-2
8.343	-1.660E-3	3.741E-2
8.351	-1.585E-3	3.791E-2
8.360	-1.280E-3	3.838E-2
8.368	-8.196E-4	3.877E-2
8.376	-2.232E-4	3.901E-2
8.385	4.447E-4	3.913E-2
8.393	1.062E-3	3.911E-2
8.402	1.621E-3	3.893E-2
8.410	1.974E-3	3.865E-2
8.418	2.118E-3	3.828E-2
8.427	2.009E-3	3.786E-2
8.435	1.656E-3	3.747E-2
8.444	1.086E-3	3.718E-2
8.452	3.927E-4	3.699E-2
8.460	-3.293E-4	3.688E-2
8.469	-1.001E-3	3.689E-2
8.477	-1.528E-3	3.703E-2
8.485	-1.851E-3	3.726E-2
8.494	-1.961E-3	3.754E-2
8.502	-1.885E-3	3.781E-2
8.511	-1.582E-3	3.808E-2
8.519	-1.073E-3	3.830E-2
8.527	-4.085E-4	3.846E-2
8.536	3.311E-4	3.850E-2
8.544	1.053E-3	3.850E-2
8.552	1.691E-3	3.842E-2
8.561	2.148E-3	3.827E-2
8.569	2.350E-3	3.808E-2
8.578	2.252E-3	3.788E-2
8.586	1.861E-3	3.772E-2
8.594	1.263E-3	3.756E-2
8.603	5.221E-4	3.747E-2
8.611	-2.272E-4	3.743E-2
8.619	-9.324E-4	3.745E-2
8.628	-1.541E-3	3.750E-2
8.636	-1.918E-3	3.753E-2
8.645	-2.071E-3	3.764E-2
8.653	-1.981E-3	3.773E-2
8.661	-1.662E-3	3.779E-2
8.670	-1.171E-3	3.788E-2
8.678	-5.182E-4	3.797E-2
8.686	2.458E-4	3.798E-2
8.695	1.017E-3	3.800E-2
8.703	1.697E-3	3.802E-2
8.712	2.174E-3	3.803E-2
8.720	2.387E-3	3.802E-2
8.728	2.303E-3	3.803E-2
8.737	1.898E-3	3.802E-2
8.745	1.294E-3	3.802E-2
8.753	5.468E-4	3.802E-2
8.762	-2.189E-4	3.799E-2
8.770	-9.185E-4	3.796E-2
8.779	-1.490E-3	3.787E-2
8.787	-1.880E-3	3.778E-2
8.795	-2.057E-3	3.768E-2
8.804	-1.970E-3	3.756E-2
8.812	-1.683E-3	3.748E-2
8.820	-1.203E-3	3.741E-2
8.829	-5.593E-4	3.740E-2
8.837	1.782E-4	3.739E-2
8.846	9.006E-4	3.747E-2
8.854	1.534E-3	3.762E-2
8.862	1.983E-3	3.778E-2
8.871	2.193E-3	3.800E-2
8.879	2.149E-3	3.821E-2
8.887	1.779E-3	3.841E-2
8.896	1.230E-3	3.853E-2
8.904	5.341E-4	3.860E-2
8.913	-1.685E-4	3.859E-2
8.921	-8.373E-4	3.848E-2
8.929	-1.375E-3	3.825E-2
8.938	-1.727E-3	3.798E-2
8.946	-1.904E-3	3.769E-2
8.954	-1.838E-3	3.738E-2
8.963	-1.569E-3	3.709E-2
8.971	-1.113E-3	3.690E-2
8.980	-5.192E-4	3.681E-2
8.988	1.432E-4	3.684E-2
8.996	7.972E-4	3.703E-2
9.005	1.403E-3	3.729E-2
9.013	1.838E-3	3.764E-2
9.021	2.007E-3	3.801E-2
9.030	1.960E-3	3.840E-2
9.038	1.685E-3	3.874E-2
9.047	1.218E-3	3.897E-2
9.055	6.214E-4	3.909E-2
9.063	-1.349E-5	3.906E-2
9.072	-6.117E-4	3.889E-2
9.080	-1.089E-3	3.854E-2
9.089	-1.441E-3	3.810E-2
9.097	-1.591E-3	3.759E-2
9.105	-1.562E-3	3.711E-2
9.114	-1.344E-3	3.670E-2
9.122	-9.970E-4	3.641E-2
9.130	-5.180E-4	3.631E-2
9.139	3.669E-5	3.638E-2
9.147	5.956E-4	3.661E-2
9.156	1.080E-3	3.701E-2
9.164	1.458E-3	3.752E-2
9.172	1.656E-3	3.805E-2
9.181	1.667E-3	3.857E-2
9.189	1.479E-3	3.905E-2
9.197	1.140E-3	3.938E-2
9.206	6.580E-4	3.952E-2
9.214	1.583E-4	3.946E-2
9.223	-3.299E-4	3.917E-2
9.231	-7.334E-4	3.873E-2
9.239	-1.048E-3	3.816E-2
9.248	-1.214E-3	3.755E-2
9.256	-1.237E-3	3.694E-2
9.264	-1.110E-3	3.644E-2
9.273	-8.486E-4	3.610E-2
9.281	-5.276E-4	3.598E-2
9.290	-1.334E-4	3.604E-2
9.298	2.935E-4	3.638E-2
9.306	6.508E-4	3.687E-2
9.315	9.718E-4	3.748E-2
9.323	1.166E-3	3.815E-2
9.331	1.248E-3	3.880E-2
9.340	1.178E-3	3.930E-2
9.348	1.000E-3	3.967E-2
9.357	7.272E-4	3.979E-2
9.365	4.115E-4	3.968E-2
9.373	8.061E-5	3.933E-2
9.382	-2.157E-4	3.882E-2
9.390	-4.485E-4	3.819E-2
9.398	-6.199E-4	3.749E-2
9.407	-6.692E-4	3.682E-2
9.415	-6.590E-4	3.626E-2
9.424	-5.572E-4	3.594E-2
9.432	-4.057E-4	3.582E-2
9.440	-1.748E-4	3.594E-2
9.449	6.548E-5	3.632E-2
9.457	3.136E-4	3.689E-2
9.465	5.390E-4	3.757E-2
9.474	7.336E-4	3.828E-2
9.482	8.748E-4	3.894E-2
9.491	9.281E-4	3.947E-2
9.499	9.361E-4	3.982E-2
9.507	8.321E-4	3.993E-2
9.516	7.121E-4	3.976E-2
9.524	5.201E-4	3.939E-2
9.532	3.225E-4	3.883E-2
9.541	1.308E-4	3.813E-2
9.549	-5.204E-5	3.742E-2
9.558	-2.161E-4	3.672E-2
9.566	-3.442E-4	3.618E-2
9.574	-4.112E-4	3.583E-2
9.583	-4.201E-4	3.576E-2
9.591	-3.922E-4	3.591E-2
9.599	-2.667E-4	3.631E-2
9.608	-1.767E-4	3.690E-2
9.616	1.229E-5	3.761E-2
9.625	2.387E-4	3.834E-2
9.633	4.217E-4	3.902E-2
9.641	5.650E-4	3.952E-2
9.650	7.332E-4	3.987E-2
9.658	8.643E-4	3.992E-2
9.666	8.705E-4	3.974E-2
9.675	8.564E-4	3.936E-2
9.683	7.714E-4	3.878E-2
9.692	6.172E-4	3.805E-2
9.700	3.889E-4	3.734E-2
9.708	1.536E-4	3.667E-2
9.717	-1.054E-4	3.615E-2
9.725	-3.457E-4	3.585E-2
9.733	-5.606E-4	3.581E-2
9.742	-6.936E-4	3.601E-2
9.750	-7.460E-4	3.639E-2
9.759	-7.509E-4	3.696E-2
9.767	-6.001E-4	3.767E-2
9.775	-3.990E-4	3.838E-2
9.784	-1.424E-4	3.900E-2
9.792	1.729E-4	3.944E-2
9.801	5.068E-4	3.971E-2
9.809	8.073E-4	3.974E-2
9.817	1.051E-3	3.958E-2
9.826	1.185E-3	3.918E-2
9.834	1.211E-3	3.861E-2
9.842	1.107E-3	3.799E-2
9.851	8.409E-4	3.736E-2
9.859	5.305E-4	3.677E-2
9.868	1.349E-4	3.634E-2
9.876	-2.740E-4	3.610E-2
9.884	-6.322E-4	3.610E-2
9.893	-9.192E-4	3.629E-2
9.901	-1.086E-3	3.666E-2
9.909	-1.129E-3	3.716E-2
9.918	-1.031E-3	3.774E-2
9.926	-8.094E-4	3.833E-2
9.935	-4.931E-4	3.884E-2
9.943	-9.394E-5	3.924E-2
9.951	3.644E-4	3.943E-2
9.960	8.209E-4	3.943E-2
9.968	1.236E-3	3.924E-2
9.976	1.503E-3	3.889E-2
9.985	1.604E-3	3.842E-2
9.993	1.501E-3	3.789E-2
10.002	1.251E-3	3.740E-2
10.010	8.136E-4	3.691E-2
10.018	3.178E-4	3.657E-2
10.027	-2.003E-4	3.639E-2
10.035	-7.005E-4	3.639E-2
10.043	-1.146E-3	3.656E-2
10.052	-1.420E-3	3.686E-2
10.060	-1.531E-3	3.727E-2
10.069	-1.491E-3	3.774E-2
10.077	-1.262E-3	3.820E-2
10.085	-8.446E-4	3.860E-2
10.094	-3.444E-4	3.891E-2
10.102	2.531E-4	3.906E-2
10.110	8.346E-4	3.909E-2
10.119	1.366E-3	3.894E-2
10.127	1.723E-3	3.867E-2
10.136	1.918E-3	3.832E-2
10.144	1.859E-3	3.793E-2
10.152	1.569E-3	3.756E-2
10.161	1.079E-3	3.725E-2
10.169	4.769E-4	3.703E-2
10.177	-1.583E-4	3.689E-2
10.186	-7.689E-4	3.687E-2
10.194	-1.291E-3	3.701E-2
10.203	-1.640E-3	3.723E-2
10.211	-1.793E-3	3.749E-2
10.219	-1.739E-3	3.778E-2
10.228	-1.501E-3	3.806E-2
10.236	-1.069E-3	3.829E-2
10.244	-4.841E-4	3.847E-2
10.253	1.595E-4	3.856E-2
10.261	8.099E-4	3.853E-2
10.270	1.430E-3	3.846E-2
10.278	1.899E-3	3.829E-2
10.286	2.122E-3	3.810E-2
10.295	2.115E-3	3.787E-2
10.303	1.795E-3	3.765E-2
10.311	1.263E-3	3.752E-2
10.320	6.013E-4	3.741E-2
10.328	-1.128E-4	3.732E-2
10.337	-7.931E-4	3.732E-2
10.345	-1.348E-3	3.734E-2
10.353	-1.720E-3	3.742E-2
10.362	-1.925E-3	3.755E-2
10.370	-1.912E-3	3.766E-2
10.378	-1.661E-3	3.778E-2
10.387	-1.233E-3	3.789E-2
10.395	-6.244E-4	3.797E-2
10.404	9.061E-5	3.801E-2
10.412	7.926E-4	3.803E-2
10.420	1.441E-3	3.802E-2
10.429	1.939E-3	3.801E-2
10.437	2.182E-3	3.801E-2
10.445	2.176E-3	3.800E-2
10.454	1.847E-3	3.798E-2
10.462	1.285E-3	3.798E-2
10.471	6.144E-4	3.797E-2
10.479	-1.076E-4	3.795E-2
10.487	-7.941E-4	3.796E-2
10.496	-1.366E-3	3.783E-2
10.504	-1.742E-3	3.776E-2
10.513	-1.951E-3	3.771E-2
10.521	-1.934E-3	3.762E-2
10.529	-1.698E-3	3.754E-2
10.538	-1.272E-3	3.752E-2
10.546	-6.630E-4	3.751E-2
10.554	4.327E-5	3.751E-2
10.563	7.474E-4	3.755E-2
10.571	1.403E-3	3.766E-2
10.580	1.879E-3	3.780E-2
10.588	2.128E-3	3.798E-2
10.596	2.136E-3	3.816E-2
10.605	1.858E-3	3.830E-2
10.613	1.395E-3	3.843E-2
10.621	7.916E-4	3.847E-2
10.630	8.946E-5	3.846E-2
10.638	-5.604E-4	3.839E-2
10.647	-1.113E-3	3.822E-2
10.655	-1.495E-3	3.800E-2
10.663	-1.687E-3	3.774E-2
10.672	-1.687E-3	3.750E-2
10.680	-1.491E-3	3.727E-2
10.688	-1.110E-3	3.708E-2
10.697	-5.681E-4	3.702E-2
10.705	6.002E-5	3.703E-2
10.714	7.106E-4	3.712E-2
10.722	1.287E-3	3.733E-2
10.730	1.713E-3	3.760E-2
10.739	1.932E-3	3.795E-2
10.747	1.933E-3	3.828E-2
10.755	1.709E-3	3.860E-2
10.764	1.284E-3	3.885E-2
10.772	7.436E-4	3.896E-2
10.781	1.615E-4	3.895E-2
10.789	-4.140E-4	3.878E-2
10.797	-9.065E-4	3.849E-2
10.806	-1.237E-3	3.813E-2
10.814	-1.429E-3	3.773E-2
10.822	-1.464E-3	3.732E-2
10.831	-1.301E-3	3.695E-2
10.839	-1.005E-3	3.664E-2
10.848	-5.588E-4	3.651E-2
10.856	-5.463E-5	3.654E-2
10.864	4.873E-4	3.673E-2
10.873	9.891E-4	3.707E-2
10.881	1.369E-3	3.749E-2
10.889	1.539E-3	3.799E-2
10.898	1.544E-3	3.847E-2
10.906	1.420E-3	3.891E-2
10.915	1.098E-3	3.920E-2
10.923	6.690E-4	3.935E-2
10.931	1.769E-4	3.933E-2
10.940	-2.919E-4	3.913E-2
10.948	-6.783E-4	3.876E-2
10.956	-9.825E-4	3.824E-2
10.965	-1.141E-3	3.770E-2
10.973	-1.154E-3	3.716E-2
10.982	-1.047E-3	3.668E-2
10.990	-8.135E-4	3.634E-2
10.998	-5.247E-4	3.617E-2
11.007	-1.383E-4	3.617E-2
11.015	2.729E-4	3.644E-2
11.023	6.305E-4	3.685E-2
11.032	9.438E-4	3.737E-2
11.040	1.159E-3	3.796E-2
11.049	1.236E-3	3.855E-2
11.057	1.186E-3	3.905E-2
11.065	1.017E-3	3.943E-2
11.074	7.546E-4	3.958E-2
11.082	4.653E-4	3.955E-2
11.090	1.492E-4	3.929E-2
11.099	-1.714E-4	3.887E-2
11.107	-4.207E-4	3.828E-2
11.116	-5.905E-4	3.761E-2
11.124	-6.618E-4	3.699E-2
11.132	-6.504E-4	3.650E-2
11.141	-5.405E-4	3.615E-2
11.149	-3.984E-4	3.597E-2
11.157	-1.673E-4	3.601E-2
11.166	7.489E-5	3.630E-2
11.174	3.191E-4	3.681E-2
11.183	5.432E-4	3.741E-2
11.191	7.319E-4	3.805E-2
11.199	8.690E-4	3.869E-2
11.208	9.022E-4	3.922E-2
11.216	8.644E-4	3.959E-2
11.225	7.466E-4	3.976E-2
11.233	6.070E-4	3.967E-2
11.241	4.098E-4	3.936E-2
11.250	2.059E-4	3.885E-2
11.258	1.008E-5	3.823E-2
11.266	-1.454E-4	3.753E-2
11.275	-2.947E-4	3.689E-2
11.283	-3.864E-4	3.635E-2
11.292	-4.293E-4	3.600E-2
11.300	-4.198E-4	3.583E-2
11.308	-3.632E-4	3.595E-2
11.317	-2.873E-4	3.629E-2
11.325	-1.474E-4	3.683E-2
11.333	9.950E-6	3.747E-2
11.342	2.031E-4	3.816E-2
11.350	3.509E-4	3.879E-2
11.359	5.045E-4	3.931E-2
11.367	6.299E-4	3.966E-2
11.375	7.306E-4	3.979E-2
11.384	7.843E-4	3.967E-2
11.392	7.656E-4	3.933E-2
11.400	6.703E-4	3.883E-2
11.409	5.221E-4	3.820E-2
11.417	3.512E-4	3.752E-2
11.426	1.515E-4	3.687E-2
11.434	-9.192E-5	3.636E-2
11.442	-3.116E-4	3.606E-2
11.451	-4.630E-4	3.596E-2
11.459	-5.587E-4	3.607E-2
11.467	-6.060E-4	3.642E-2
11.476	-5.980E-4	3.694E-2
11.484	-5.102E-4	3.755E-2
11.493	-3.424E-4	3.818E-2
11.501	-1.158E-4	3.878E-2
11.509	1.391E-4	3.924E-2
11.518	4.062E-4	3.953E-2
11.526	6.668E-4	3.964E-2
11.534	8.382E-4	3.952E-2
11.543	1.010E-3	3.919E-2
11.551	1.022E-3	3.869E-2
11.560	9.706E-4	3.809E-2
11.568	7.829E-4	3.745E-2
11.576	5.035E-4	3.690E-2
11.585	1.525E-4	3.645E-2
11.593	-1.691E-4	3.617E-2
11.601	-5.135E-4	3.611E-2
11.610	-8.037E-4	3.624E-2
11.618	-1.001E-3	3.655E-2
11.627	-1.053E-3	3.703E-2
11.635	-1.037E-3	3.759E-2
11.643	-8.139E-4	3.814E-2
11.652	-5.438E-4	3.867E-2
11.660	-1.520E-4	3.908E-2
11.668	2.708E-4	3.934E-2
11.677	6.967E-4	3.937E-2
11.685	1.065E-3	3.928E-2
11.694	1.306E-3	3.899E-2
11.702	1.442E-3	3.855E-2
11.710	1.407E-3	3.802E-2
11.719	1.215E-3	3.751E-2
11.727	8.576E-4	3.705E-2
11.735	3.892E-4	3.668E-2
11.744	-9.764E-5	3.647E-2
11.752	-5.632E-4	3.641E-2
11.761	-9.797E-4	3.654E-2
11.769	-1.271E-3	3.683E-2
11.777	-1.378E-3	3.722E-2
11.786	-1.354E-3	3.768E-2
11.794	-1.120E-3	3.815E-2
11.802	-7.676E-4	3.854E-2
11.811	-3.335E-4	3.883E-2
11.819	1.723E-4	3.901E-2
11.828	7.046E-4	3.899E-2
11.836	1.212E-3	3.891E-2
11.844	1.571E-3	3.866E-2
11.853	1.756E-3	3.834E-2
11.861	1.748E-3	3.799E-2
11.870	1.499E-3	3.761E-2
11.878	1.073E-3	3.727E-2
11.886	5.407E-4	3.704E-2
11.895	-5.095E-5	3.689E-2
11.903	-6.149E-4	3.686E-2
11.911	-1.089E-3	3.697E-2
11.920	-1.459E-3	3.715E-2
11.928	-1.617E-3	3.742E-2
11.937	-1.591E-3	3.773E-2
11.945	-1.360E-3	3.802E-2
11.953	-9.951E-4	3.826E-2
11.962	-4.895E-4	3.845E-2
11.970	8.426E-5	3.857E-2
11.978	7.173E-4	3.861E-2
11.987	1.291E-3	3.857E-2
11.995	1.726E-3	3.843E-2
12.004	1.965E-3	3.823E-2
12.012	1.963E-3	3.801E-2
12.020	1.722E-3	3.778E-2
12.029	1.272E-3	3.759E-2
12.037	6.661E-4	3.747E-2
12.045	1.293E-5	3.737E-2
12.054	-5.989E-4	3.734E-2
12.062	-1.127E-3	3.736E-2
12.071	-1.500E-3	3.747E-2
12.079	-1.719E-3	3.757E-2
12.087	-1.719E-3	3.771E-2
12.096	-1.528E-3	3.782E-2
12.104	-1.143E-3	3.795E-2
12.112	-5.978E-4	3.802E-2
12.121	4.632E-5	3.806E-2
12.129	7.182E-4	3.808E-2
12.138	1.333E-3	3.806E-2
12.146	1.785E-3	3.803E-2
12.154	2.033E-3	3.799E-2
12.163	2.016E-3	3.797E-2
12.171	1.756E-3	3.795E-2
12.179	1.305E-3	3.792E-2
12.188	7.124E-4	3.794E-2
12.196	6.223E-5	3.789E-2
12.205	-5.765E-4	3.784E-2
12.213	-1.128E-3	3.779E-2
12.221	-1.511E-3	3.775E-2
12.230	-1.729E-3	3.772E-2
12.238	-1.744E-3	3.772E-2
12.246	-1.553E-3	3.765E-2
12.255	-1.189E-3	3.761E-2
12.263	-6.605E-4	3.759E-2
12.272	-3.278E-5	3.757E-2
12.280	5.973E-4	3.761E-2
12.288	1.220E-3	3.769E-2
12.297	1.703E-3	3.779E-2
12.305	1.973E-3	3.794E-2
12.313	1.982E-3	3.806E-2
12.322	1.751E-3	3.820E-2
12.330	1.305E-3	3.829E-2
12.339	7.429E-4	3.833E-2
12.347	1.111E-4	3.831E-2
12.355	-5.102E-4	3.824E-2
12.364	-1.059E-3	3.813E-2
12.372	-1.455E-3	3.797E-2
12.380	-1.693E-3	3.775E-2
12.389	-1.719E-3	3.754E-2
12.397	-1.530E-3	3.733E-2
12.406	-1.200E-3	3.716E-2
12.414	-6.900E-4	3.706E-2
12.422	-1.136E-4	3.706E-2
12.431	4.968E-4	3.713E-2
12.439	1.066E-3	3.731E-2
12.447	1.494E-3	3.754E-2
12.456	1.741E-3	3.783E-2
12.464	1.758E-3	3.812E-2
12.473	1.591E-3	3.843E-2
12.481	1.218E-3	3.865E-2
12.489	7.283E-4	3.876E-2
12.498	1.652E-4	3.875E-2
12.506	-3.877E-4	3.866E-2
12.514	-8.421E-4	3.845E-2
12.523	-1.230E-3	3.816E-2
12.531	-1.442E-3	3.779E-2
12.540	-1.493E-3	3.741E-2
12.548	-1.325E-3	3.706E-2
12.556	-1.051E-3	3.680E-2
12.565	-6.192E-4	3.666E-2
12.573	-1.275E-4	3.664E-2
12.582	3.700E-4	3.677E-2
12.590	8.268E-4	3.705E-2
12.598	1.238E-3	3.741E-2
12.607	1.479E-3	3.784E-2
12.615	1.520E-3	3.826E-2
12.623	1.400E-3	3.865E-2
12.632	1.126E-3	3.895E-2
12.640	7.333E-4	3.913E-2
12.649	2.914E-4	3.914E-2
12.657	-1.463E-4	3.897E-2
12.665	-5.507E-4	3.867E-2
12.674	-8.402E-4	3.825E-2
12.682	-1.050E-3	3.776E-2
12.690	-1.096E-3	3.728E-2
12.699	-1.027E-3	3.683E-2
12.707	-8.030E-4	3.649E-2
12.716	-5.288E-4	3.635E-2
12.724	-1.443E-4	3.636E-2
12.732	2.362E-4	3.655E-2
12.741	6.077E-4	3.689E-2
12.749	8.909E-4	3.734E-2
12.757	1.086E-3	3.790E-2
12.766	1.159E-3	3.845E-2
12.774	1.139E-3	3.892E-2
12.783	9.733E-4	3.928E-2
12.791	7.328E-4	3.946E-2
12.799	4.085E-4	3.943E-2
12.808	1.027E-4	3.921E-2
12.816	-2.004E-4	3.881E-2
12.824	-4.438E-4	3.832E-2
12.833	-6.030E-4	3.773E-2
12.841	-6.863E-4	3.715E-2
12.850	-6.670E-4	3.663E-2
12.858	-5.794E-4	3.627E-2
12.866	-4.077E-4	3.612E-2
12.875	-1.726E-4	3.614E-2
12.883	7.657E-5	3.638E-2
12.891	3.181E-4	3.679E-2
12.900	5.427E-4	3.733E-2
12.908	7.266E-4	3.796E-2
12.917	8.572E-4	3.854E-2
12.925	8.874E-4	3.905E-2
12.933	8.312E-4	3.943E-2
12.942	7.256E-4	3.961E-2
12.950	5.834E-4	3.958E-2
12.958	3.923E-4	3.934E-2
12.967	1.967E-4	3.890E-2
12.975	-2.590E-5	3.832E-2
12.984	-1.782E-4	3.770E-2
12.992	-3.157E-4	3.710E-2
13.000	-3.932E-4	3.656E-2
13.009	-4.257E-4	3.619E-2
13.017	-4.058E-4	3.602E-2
13.025	-3.349E-4	3.606E-2
13.034	-2.209E-4	3.635E-2
13.042	-7.579E-5	3.680E-2
13.051	6.573E-5	3.736E-2
13.059	2.387E-4	3.800E-2
13.067	4.035E-4	3.862E-2
13.076	5.160E-4	3.914E-2
13.084	6.251E-4	3.950E-2
13.092	6.800E-4	3.966E-2
13.101	6.916E-4	3.960E-2
13.109	6.070E-4	3.932E-2
13.118	5.476E-4	3.888E-2
13.126	3.975E-4	3.829E-2
13.134	2.597E-4	3.765E-2
13.143	1.077E-4	3.709E-2
13.151	-9.927E-5	3.657E-2
13.159	-2.815E-4	3.621E-2
13.168	-4.048E-4	3.609E-2
13.176	-5.091E-4	3.615E-2
13.185	-5.720E-4	3.643E-2
13.193	-5.603E-4	3.688E-2
13.201	-4.475E-4	3.743E-2
13.210	-2.971E-4	3.806E-2
13.218	-1.167E-4	3.863E-2
13.226	1.175E-4	3.912E-2
13.235	3.491E-4	3.943E-2
13.243	5.763E-4	3.956E-2
13.252	7.839E-4	3.948E-2
13.260	8.570E-4	3.917E-2
13.268	9.116E-4	3.872E-2
13.277	7.996E-4	3.816E-2
13.285	6.585E-4	3.759E-2
13.294	3.861E-4	3.704E-2
13.302	9.990E-5	3.661E-2
13.310	-1.712E-4	3.632E-2
13.319	-4.455E-4	3.620E-2
13.327	-6.615E-4	3.631E-2
13.335	-8.127E-4	3.660E-2
13.344	-8.619E-4	3.702E-2
13.352	-8.172E-4	3.753E-2
13.361	-6.947E-4	3.805E-2
13.369	-4.206E-4	3.855E-2
13.377	-1.204E-4	3.896E-2
13.386	2.763E-4	3.920E-2
13.394	6.412E-4	3.930E-2
13.402	9.632E-4	3.921E-2
13.411	1.214E-3	3.894E-2
13.419	1.348E-3	3.853E-2
13.428	1.316E-3	3.805E-2
13.436	1.137E-3	3.754E-2
13.444	8.027E-4	3.709E-2
13.453	3.963E-4	3.674E-2
13.461	-2.651E-5	3.654E-2
13.469	-4.461E-4	3.649E-2
13.478	-8.053E-4	3.659E-2
13.486	-1.068E-3	3.684E-2
13.495	-1.230E-3	3.719E-2
13.503	-1.239E-3	3.762E-2
13.511	-1.069E-3	3.802E-2
13.520	-7.936E-4	3.843E-2
13.528	-3.847E-4	3.876E-2
13.536	9.084E-5	3.893E-2
13.545	5.615E-4	3.897E-2
13.553	1.025E-3	3.891E-2
13.562	1.364E-3	3.868E-2
13.570	1.519E-3	3.839E-2
13.578	1.521E-3	3.802E-2
13.587	1.371E-3	3.764E-2
13.595	1.012E-3	3.733E-2
13.603	5.442E-4	3.707E-2
13.612	4.575E-5	3.689E-2
13.620	-4.648E-4	3.684E-2
13.629	-9.624E-4	3.692E-2
13.637	-1.318E-3	3.709E-2
13.645	-1.510E-3	3.734E-2
13.654	-1.515E-3	3.761E-2
13.662	-1.321E-3	3.790E-2
13.670	-1.043E-3	3.820E-2
13.679	-5.758E-4	3.842E-2
13.687	-5.601E-5	3.854E-2
13.696	5.274E-4	3.856E-2
13.704	1.056E-3	3.849E-2
13.712	1.480E-3	3.836E-2
13.721	1.728E-3	3.819E-2
13.729	1.747E-3	3.797E-2
13.737	1.576E-3	3.775E-2
13.746	1.200E-3	3.756E-2
13.754	6.842E-4	3.738E-2
13.763	8.233E-5	3.731E-2
13.771	-5.112E-4	3.728E-2
13.779	-1.054E-3	3.731E-2
13.788	-1.430E-3	3.741E-2
13.796	-1.641E-3	3.751E-2
13.804	-1.722E-3	3.765E-2
13.813	-1.546E-3	3.781E-2
13.821	-1.224E-3	3.795E-2
13.830	-7.612E-4	3.803E-2
13.838	-1.626E-4	3.808E-2
13.846	4.535E-4	3.810E-2
13.855	1.019E-3	3.807E-2
13.863	1.472E-3	3.803E-2
13.871	1.745E-3	3.799E-2
13.880	1.818E-3	3.794E-2
13.888	1.647E-3	3.791E-2
13.897	1.251E-3	3.784E-2
13.905	7.242E-4	3.778E-2
13.913	1.221E-4	3.775E-2
13.922	-4.898E-4	3.773E-2
13.930	-1.048E-3	3.773E-2
13.938	-1.461E-3	3.773E-2
13.947	-1.694E-3	3.773E-2
13.955	-1.751E-3	3.770E-2
13.964	-1.555E-3	3.770E-2
13.972	-1.250E-3	3.770E-2
13.980	-7.821E-4	3.771E-2
13.989	-1.730E-4	3.772E-2
13.997	4.294E-4	3.773E-2
14.006	1.006E-3	3.780E-2
14.014	1.470E-3	3.786E-2
14.022	1.739E-3	3.796E-2
14.031	1.804E-3	3.804E-2
14.039	1.670E-3	3.815E-2
14.047	1.267E-3	3.823E-2
14.056	7.599E-4	3.826E-2
14.064	1.592E-4	3.825E-2
14.073	-4.210E-4	3.821E-2
14.081	-9.118E-4	3.813E-2
14.089	-1.293E-3	3.800E-2
14.098	-1.512E-3	3.781E-2
14.106	-1.535E-3	3.763E-2
14.114	-1.451E-3	3.745E-2
14.123	-1.127E-3	3.733E-2
14.131	-6.598E-4	3.726E-2
14.140	-1.200E-4	3.725E-2
14.148	4.425E-4	3.727E-2
14.156	9.709E-4	3.744E-2
14.165	1.425E-3	3.763E-2
14.173	1.701E-3	3.784E-2
14.181	1.767E-3	3.808E-2
14.190	1.638E-3	3.831E-2
14.198	1.295E-3	3.849E-2
14.207	8.185E-4	3.862E-2
14.215	2.978E-4	3.866E-2
14.223	-2.107E-4	3.861E-2
14.232	-6.613E-4	3.844E-2
14.240	-1.028E-3	3.818E-2
14.248	-1.260E-3	3.789E-2
14.257	-1.321E-3	3.755E-2
14.265	-1.219E-3	3.727E-2
14.274	-9.886E-4	3.704E-2
14.282	-5.957E-4	3.686E-2
14.290	-1.368E-4	3.683E-2
14.299	3.563E-4	3.692E-2
14.307	8.110E-4	3.713E-2
14.315	1.206E-3	3.742E-2
14.324	1.447E-3	3.780E-2
14.332	1.530E-3	3.819E-2
14.341	1.420E-3	3.855E-2
14.349	1.184E-3	3.884E-2
14.357	8.169E-4	3.901E-2
14.366	3.816E-4	3.901E-2
14.374	-7.336E-5	3.890E-2
14.382	-4.609E-4	3.865E-2
14.391	-7.432E-4	3.829E-2
14.399	-9.999E-4	3.784E-2
14.408	-1.032E-3	3.737E-2
14.416	-1.023E-3	3.696E-2
14.424	-8.053E-4	3.667E-2
14.433	-5.540E-4	3.648E-2
14.441	-1.819E-4	3.642E-2
14.449	1.820E-4	3.656E-2
14.458	5.531E-4	3.686E-2
14.466	8.357E-4	3.727E-2
14.475	1.058E-3	3.775E-2
14.483	1.138E-3	3.824E-2
14.491	1.065E-3	3.869E-2
14.500	9.417E-4	3.904E-2
14.508	7.195E-4	3.925E-2
14.516	3.984E-4	3.923E-2
14.525	1.017E-4	3.910E-2
14.533	-1.967E-4	3.876E-2
14.542	-4.432E-4	3.832E-2
14.550	-6.035E-4	3.778E-2
14.558	-6.894E-4	3.726E-2
14.567	-6.707E-4	3.679E-2
14.575	-5.578E-4	3.644E-2
14.583	-4.098E-4	3.622E-2
14.592	-1.744E-4	3.620E-2
14.600	7.400E-5	3.637E-2
14.609	3.220E-4	3.672E-2
14.617	5.473E-4	3.725E-2
14.625	7.335E-4	3.780E-2
14.634	8.543E-4	3.835E-2
14.642	8.750E-4	3.886E-2
14.650	8.143E-4	3.924E-2
14.659	7.111E-4	3.941E-2
14.667	5.584E-4	3.941E-2
14.676	3.810E-4	3.921E-2
14.684	1.807E-4	3.883E-2
14.692	-4.755E-5	3.835E-2
14.701	-1.898E-4	3.779E-2
14.709	-3.162E-4	3.721E-2
14.718	-3.775E-4	3.670E-2
14.726	-3.885E-4	3.634E-2
14.734	-3.587E-4	3.615E-2
14.743	-3.024E-4	3.615E-2
14.751	-1.800E-4	3.638E-2
14.759	-6.390E-5	3.677E-2
14.768	1.025E-4	3.730E-2
14.776	2.426E-4	3.788E-2
14.785	3.931E-4	3.849E-2
14.793	5.049E-4	3.896E-2
14.801	5.930E-4	3.933E-2
14.810	6.141E-4	3.952E-2
14.818	6.027E-4	3.954E-2
14.826	5.910E-4	3.932E-2
14.835	4.896E-4	3.892E-2
14.843	3.732E-4	3.839E-2
14.852	2.128E-4	3.782E-2
14.860	7.170E-5	3.722E-2
14.868	-1.095E-4	3.674E-2
14.877	-2.261E-4	3.639E-2
14.885	-3.292E-4	3.621E-2
14.893	-4.048E-4	3.623E-2
14.902	-4.121E-4	3.644E-2
14.910	-3.889E-4	3.684E-2
14.919	-3.031E-4	3.735E-2
14.927	-1.719E-4	3.793E-2
14.935	6.448E-6	3.849E-2
14.944	2.268E-4	3.895E-2
14.952	3.921E-4	3.926E-2
14.960	5.766E-4	3.940E-2
14.969	7.434E-4	3.939E-2
14.977	8.321E-4	3.912E-2
14.986	8.289E-4	3.872E-2
14.994	7.902E-4	3.822E-2
15.002	6.250E-4	3.767E-2
15.011	4.080E-4	3.715E-2
15.019	1.499E-4	3.668E-2
15.027	-1.152E-4	3.639E-2
15.036	-3.553E-4	3.626E-2
15.044	-5.790E-4	3.635E-2
15.053	-7.277E-4	3.658E-2
15.061	-8.130E-4	3.697E-2
15.069	-8.002E-4	3.746E-2
15.078	-6.310E-4	3.799E-2
15.086	-4.060E-4	3.849E-2
15.094	-1.316E-4	3.889E-2
15.103	1.555E-4	3.916E-2
15.111	5.086E-4	3.928E-2
15.120	7.935E-4	3.923E-2
15.128	1.036E-3	3.898E-2
15.136	1.144E-3	3.862E-2
15.145	1.105E-3	3.818E-2
15.153	1.002E-3	3.773E-2
15.161	7.539E-4	3.728E-2
15.170	3.882E-4	3.690E-2
15.178	4.335E-5	3.664E-2
15.187	-3.500E-4	3.654E-2
15.195	-6.711E-4	3.661E-2
15.203	-8.874E-4	3.683E-2
15.212	-1.038E-3	3.714E-2
15.220	-1.047E-3	3.754E-2
15.228	-9.306E-4	3.796E-2
15.237	-7.104E-4	3.837E-2
15.245	-3.774E-4	3.869E-2
15.254	5.785E-5	3.892E-2
15.262	4.884E-4	3.897E-2
15.270	8.978E-4	3.892E-2
15.279	1.232E-3	3.872E-2
15.287	1.429E-3	3.843E-2
15.295	1.481E-3	3.807E-2
15.304	1.324E-3	3.771E-2
15.312	1.038E-3	3.737E-2
15.321	6.014E-4	3.708E-2
15.329	1.269E-4	3.690E-2
15.337	-3.488E-4	3.685E-2
15.346	-7.795E-4	3.689E-2
15.354	-1.093E-3	3.706E-2
15.363	-1.289E-3	3.730E-2
15.371	-1.320E-3	3.758E-2
15.379	-1.226E-3	3.787E-2
15.388	-9.515E-4	3.815E-2
15.396	-5.728E-4	3.840E-2
15.404	-9.684E-5	3.852E-2
15.413	4.166E-4	3.856E-2
15.421	8.949E-4	3.850E-2
15.430	1.271E-3	3.838E-2
15.438	1.527E-3	3.822E-2
15.446	1.633E-3	3.799E-2
15.455	1.490E-3	3.776E-2
15.463	1.187E-3	3.754E-2
15.471	7.386E-4	3.737E-2
15.480	2.116E-4	3.727E-2
15.488	-3.638E-4	3.728E-2
15.497	-8.293E-4	3.728E-2
15.505	-1.229E-3	3.736E-2
15.513	-1.467E-3	3.750E-2
15.522	-1.521E-3	3.766E-2
15.530	-1.388E-3	3.782E-2
15.538	-1.078E-3	3.797E-2
15.547	-6.496E-4	3.807E-2
15.555	-1.180E-4	3.815E-2
15.564	4.428E-4	3.820E-2
15.572	9.616E-4	3.820E-2
15.580	1.430E-3	3.816E-2
15.589	1.730E-3	3.807E-2
15.597	1.792E-3	3.799E-2
15.605	1.649E-3	3.792E-2
15.614	1.316E-3	3.783E-2
15.622	8.196E-4	3.777E-2
15.631	2.626E-4	3.773E-2
15.639	-3.023E-4	3.774E-2
15.647	-8.168E-4	3.774E-2
15.656	-1.236E-3	3.773E-2
15.664	-1.478E-3	3.773E-2
15.672	-1.527E-3	3.774E-2
15.681	-1.448E-3	3.774E-2
15.689	-1.136E-3	3.775E-2
15.698	-7.004E-4	3.775E-2
15.706	-1.812E-4	3.777E-2
15.714	3.778E-4	3.778E-2
15.723	9.274E-4	3.778E-2
15.731	1.408E-3	3.787E-2
15.739	1.713E-3	3.793E-2
15.748	1.789E-3	3.799E-2
15.756	1.664E-3	3.804E-2
15.765	1.330E-3	3.811E-2
15.773	8.388E-4	3.818E-2
15.781	3.035E-4	3.819E-2
15.790	-2.534E-4	3.817E-2
15.798	-7.813E-4	3.808E-2
15.806	-1.178E-3	3.797E-2
15.815	-1.452E-3	3.783E-2
15.823	-1.516E-3	3.770E-2
15.832	-1.406E-3	3.755E-2
15.840	-1.137E-3	3.745E-2
15.848	-7.277E-4	3.737E-2
15.857	-2.252E-4	3.734E-2
15.865	3.207E-4	3.734E-2
15.873	8.264E-4	3.747E-2
15.882	1.260E-3	3.763E-2
15.890	1.516E-3	3.778E-2
15.899	1.644E-3	3.801E-2
15.907	1.525E-3	3.823E-2
15.915	1.246E-3	3.841E-2
15.924	8.048E-4	3.851E-2
15.932	3.288E-4	3.853E-2
15.940	-1.734E-4	3.847E-2
15.949	-6.238E-4	3.835E-2
15.957	-1.014E-3	3.815E-2
15.966	-1.241E-3	3.791E-2
15.974	-1.299E-3	3.762E-2
15.982	-1.249E-3	3.733E-2
15.991	-1.028E-3	3.710E-2
15.999	-6.453E-4	3.698E-2
16.007	-1.894E-4	3.697E-2
16.016	2.903E-4	3.703E-2
16.024	7.464E-4	3.720E-2
16.033	1.131E-3	3.747E-2
16.041	1.339E-3	3.779E-2
16.049	1.435E-3	3.814E-2
16.058	1.399E-3	3.848E-2
16.066	1.163E-3	3.873E-2
16.075	8.317E-4	3.890E-2
16.083	4.079E-4	3.894E-2
16.091	-2.672E-5	3.887E-2
16.100	-4.211E-4	3.866E-2
16.108	-7.317E-4	3.836E-2
16.116	-9.797E-4	3.799E-2
16.125	-1.055E-3	3.757E-2
16.133	-1.024E-3	3.722E-2
16.142	-8.271E-4	3.690E-2
16.150	-5.780E-4	3.670E-2
16.158	-2.463E-4	3.664E-2
16.167	1.151E-4	3.671E-2
16.175	4.940E-4	3.694E-2
16.183	7.990E-4	3.728E-2
16.192	1.037E-3	3.770E-2
16.200	1.096E-3	3.816E-2
16.209	1.061E-3	3.859E-2
16.217	9.472E-4	3.894E-2
16.225	7.302E-4	3.915E-2
16.234	4.186E-4	3.919E-2
16.242	1.127E-4	3.908E-2
16.250	-1.774E-4	3.882E-2
16.259	-4.333E-4	3.843E-2
16.267	-6.018E-4	3.797E-2
16.276	-6.912E-4	3.748E-2
16.284	-6.700E-4	3.705E-2
16.292	-5.618E-4	3.668E-2
16.301	-4.176E-4	3.646E-2
16.309	-1.790E-4	3.642E-2
16.317	7.153E-5	3.654E-2
16.326	3.293E-4	3.683E-2
16.334	5.510E-4	3.726E-2
16.343	7.323E-4	3.776E-2
16.351	8.580E-4	3.827E-2
16.359	8.707E-4	3.873E-2
16.368	8.461E-4	3.910E-2
16.376	6.820E-4	3.933E-2
16.384	5.094E-4	3.936E-2
16.393	3.353E-4	3.921E-2
16.401	1.405E-4	3.890E-2
16.410	-8.272E-5	3.844E-2
16.418	-2.171E-4	3.792E-2
16.426	-3.248E-4	3.739E-2
16.435	-3.817E-4	3.688E-2
16.443	-3.878E-4	3.652E-2
16.451	-3.380E-4	3.634E-2
16.460	-2.797E-4	3.632E-2
16.468	-1.488E-4	3.649E-2
16.477	-1.500E-5	3.685E-2
16.485	1.242E-4	3.731E-2
16.493	2.684E-4	3.783E-2
16.502	3.788E-4	3.834E-2
16.510	4.990E-4	3.887E-2
16.518	5.732E-4	3.923E-2
16.527	5.793E-4	3.940E-2
16.535	5.771E-4	3.940E-2
16.544	5.227E-4	3.922E-2
16.552	4.217E-4	3.888E-2
16.560	3.123E-4	3.840E-2
16.569	1.577E-4	3.788E-2
16.577	4.331E-5	3.732E-2
16.585	-1.004E-4	3.685E-2
16.594	-1.960E-4	3.649E-2
16.602	-2.981E-4	3.634E-2
16.611	-3.499E-4	3.635E-2
16.619	-3.551E-4	3.654E-2
16.627	-3.503E-4	3.689E-2
16.636	-2.297E-4	3.735E-2
16.644	-1.081E-4	3.788E-2
16.652	4.237E-5	3.842E-2
16.661	2.115E-4	3.889E-2
16.669	3.611E-4	3.922E-2
16.678	5.330E-4	3.938E-2
16.686	6.330E-4	3.937E-2
16.694	7.360E-4	3.917E-2
16.703	7.636E-4	3.883E-2
16.711	7.147E-4	3.838E-2
16.719	6.007E-4	3.787E-2
16.728	4.156E-4	3.733E-2
16.736	1.781E-4	3.686E-2
16.745	-6.578E-5	3.657E-2
16.753	-2.871E-4	3.641E-2
16.761	-4.571E-4	3.641E-2
16.770	-5.736E-4	3.660E-2
16.778	-6.171E-4	3.695E-2
16.787	-6.070E-4	3.742E-2
16.795	-5.277E-4	3.795E-2
16.803	-3.483E-4	3.841E-2
16.812	-1.171E-4	3.883E-2
16.820	1.406E-4	3.912E-2
16.828	4.198E-4	3.925E-2
16.837	7.045E-4	3.919E-2
16.845	8.871E-4	3.898E-2
16.854	1.028E-3	3.866E-2
16.862	1.030E-3	3.825E-2
16.870	9.026E-4	3.778E-2
16.879	7.030E-4	3.733E-2
16.887	3.932E-4	3.696E-2
16.895	8.685E-5	3.672E-2
16.904	-2.556E-4	3.662E-2
16.912	-5.846E-4	3.665E-2
16.921	-8.171E-4	3.683E-2
16.929	-9.261E-4	3.711E-2
16.937	-9.099E-4	3.751E-2
16.946	-8.060E-4	3.793E-2
16.954	-6.156E-4	3.832E-2
16.962	-3.303E-4	3.862E-2
16.971	5.469E-5	3.887E-2
16.979	4.155E-4	3.896E-2
16.988	7.935E-4	3.895E-2
16.996	1.083E-3	3.873E-2
17.004	1.273E-3	3.846E-2
17.013	1.300E-3	3.813E-2
17.021	1.230E-3	3.779E-2
17.029	9.891E-4	3.744E-2
17.038	6.090E-4	3.716E-2
17.046	1.898E-4	3.697E-2
17.055	-2.492E-4	3.690E-2
17.063	-6.484E-4	3.693E-2
17.071	-9.840E-4	3.706E-2
17.080	-1.149E-3	3.729E-2
17.088	-1.213E-3	3.757E-2
17.096	-1.112E-3	3.787E-2
17.105	-8.591E-4	3.815E-2
17.113	-5.339E-4	3.839E-2
17.122	-1.155E-4	3.854E-2
17.130	3.468E-4	3.860E-2
17.138	8.054E-4	3.862E-2
17.147	1.216E-3	3.847E-2
17.155	1.469E-3	3.827E-2
17.163	1.540E-3	3.803E-2
17.172	1.445E-3	3.779E-2
17.180	1.191E-3	3.756E-2
17.189	7.847E-4	3.738E-2
17.197	3.095E-4	3.728E-2
17.205	-1.812E-4	3.724E-2
17.214	-6.324E-4	3.727E-2
17.222	-1.001E-3	3.734E-2
17.230	-1.246E-3	3.749E-2
17.239	-1.336E-3	3.767E-2
17.247	-1.237E-3	3.783E-2
17.256	-1.014E-3	3.799E-2
17.264	-6.293E-4	3.811E-2
17.272	-1.465E-4	3.822E-2
17.281	3.634E-4	3.825E-2
17.289	8.560E-4	3.823E-2
17.297	1.274E-3	3.820E-2
17.306	1.547E-3	3.809E-2
17.314	1.670E-3	3.799E-2
17.323	1.550E-3	3.790E-2
17.331	1.268E-3	3.780E-2
17.339	8.188E-4	3.774E-2
17.348	3.155E-4	3.773E-2
17.356	-1.949E-4	3.769E-2
17.364	-6.763E-4	3.770E-2
17.373	-1.054E-3	3.771E-2
17.381	-1.305E-3	3.773E-2
17.390	-1.383E-3	3.776E-2
17.398	-1.288E-3	3.776E-2
17.406	-1.036E-3	3.778E-2
17.415	-6.516E-4	3.781E-2
17.423	-1.513E-4	3.782E-2
17.431	3.618E-4	3.783E-2
17.440	8.680E-4	3.784E-2
17.448	1.294E-3	3.783E-2
17.457	1.584E-3	3.788E-2
17.465	1.689E-3	3.797E-2
17.473	1.575E-3	3.800E-2
17.482	1.290E-3	3.803E-2
17.490	8.387E-4	3.804E-2
17.499	3.351E-4	3.803E-2
17.507	-1.688E-4	3.802E-2
17.515	-6.486E-4	3.797E-2
17.524	-1.037E-3	3.791E-2
17.532	-1.279E-3	3.779E-2
17.540	-1.373E-3	3.770E-2
17.549	-1.276E-3	3.758E-2
17.557	-1.046E-3	3.749E-2
17.566	-6.721E-4	3.745E-2
17.574	-1.847E-4	3.745E-2
17.582	3.208E-4	3.747E-2
17.591	7.992E-4	3.755E-2
17.599	1.235E-3	3.768E-2
17.607	1.519E-3	3.784E-2
17.616	1.623E-3	3.801E-2
17.624	1.567E-3	3.819E-2
17.633	1.294E-3	3.833E-2
17.641	8.795E-4	3.843E-2
17.649	3.914E-4	3.845E-2
17.658	-1.007E-4	3.845E-2
17.666	-5.584E-4	3.831E-2
17.674	-8.900E-4	3.814E-2
17.683	-1.117E-3	3.794E-2
17.691	-1.218E-3	3.771E-2
17.700	-1.156E-3	3.749E-2
17.708	-9.328E-4	3.729E-2
17.716	-6.238E-4	3.712E-2
17.725	-1.996E-4	3.707E-2
17.733	2.623E-4	3.710E-2
17.741	7.112E-4	3.724E-2
17.750	1.104E-3	3.748E-2
17.758	1.326E-3	3.775E-2
17.767	1.416E-3	3.804E-2
17.775	1.392E-3	3.833E-2
17.783	1.209E-3	3.854E-2
17.792	8.874E-4	3.870E-2
17.800	4.770E-4	3.875E-2
17.808	7.502E-5	3.873E-2
17.817	-3.013E-4	3.851E-2
17.825	-6.332E-4	3.825E-2
17.834	-8.410E-4	3.793E-2
17.842	-9.220E-4	3.758E-2
17.850	-8.886E-4	3.724E-2
17.859	-6.801E-4	3.697E-2
17.867	-4.286E-4	3.681E-2
17.875	-1.165E-4	3.675E-2
17.884	2.685E-4	3.682E-2
17.892	5.932E-4	3.702E-2
17.901	9.299E-4	3.731E-2
17.909	1.172E-3	3.771E-2
17.917	1.231E-3	3.812E-2
17.926	1.227E-3	3.851E-2
17.934	1.085E-3	3.882E-2
17.942	8.393E-4	3.903E-2
17.951	5.330E-4	3.908E-2
17.959	2.580E-4	3.899E-2
17.968	-3.954E-5	3.874E-2
17.976	-3.403E-4	3.841E-2
17.984	-4.918E-4	3.800E-2
17.993	-6.464E-4	3.755E-2
18.001	-6.416E-4	3.713E-2
18.009	-5.591E-4	3.679E-2
18.018	-4.014E-4	3.659E-2
18.026	-1.691E-4	3.654E-2
18.035	7.716E-5	3.663E-2
18.043	3.350E-4	3.687E-2
18.051	5.554E-4	3.723E-2
18.060	7.381E-4	3.770E-2
18.068	8.593E-4	3.819E-2
18.076	8.513E-4	3.864E-2
18.085	8.179E-4	3.899E-2
18.093	6.914E-4	3.918E-2
18.102	5.046E-4	3.923E-2
18.110	3.263E-4	3.912E-2
18.118	1.344E-4	3.885E-2
18.127	-8.181E-5	3.846E-2
18.135	-2.274E-4	3.798E-2
18.143	-3.165E-4	3.749E-2
18.152	-3.844E-4	3.706E-2
18.160	-3.828E-4	3.668E-2
18.169	-3.230E-4	3.644E-2
18.177	-2.355E-4	3.641E-2
18.185	-1.161E-4	3.652E-2
18.194	2.664E-5	3.682E-2
18.202	1.777E-4	3.723E-2
18.211	3.133E-4	3.774E-2
18.219	4.073E-4	3.824E-2
18.227	5.098E-4	3.869E-2
18.236	5.606E-4	3.906E-2
18.244	5.783E-4	3.929E-2
18.252	5.438E-4	3.932E-2
18.261	4.877E-4	3.921E-2
18.269	3.863E-4	3.890E-2
18.278	2.864E-4	3.848E-2
18.286	1.559E-4	3.796E-2
18.294	2.714E-5	3.746E-2
18.303	-8.211E-5	3.702E-2
18.311	-1.796E-4	3.665E-2
18.319	-2.308E-4	3.644E-2
18.328	-2.188E-4	3.642E-2
18.336	-2.074E-4	3.655E-2
18.345	-1.813E-4	3.686E-2
18.353	-1.006E-4	3.728E-2
18.361	1.347E-5	3.778E-2
18.370	1.596E-4	3.827E-2
18.378	2.794E-4	3.871E-2
18.386	4.660E-4	3.905E-2
18.395	5.670E-4	3.925E-2
18.403	6.992E-4	3.924E-2
18.412	7.362E-4	3.908E-2
18.420	7.521E-4	3.878E-2
18.428	7.271E-4	3.833E-2
18.437	6.041E-4	3.782E-2
18.445	4.889E-4	3.733E-2
18.453	2.954E-4	3.690E-2
18.462	8.357E-5	3.659E-2
18.470	-1.069E-4	3.641E-2
18.479	-2.291E-4	3.640E-2
18.487	-3.865E-4	3.658E-2
18.495	-4.041E-4	3.687E-2
18.504	-4.091E-4	3.728E-2
18.512	-3.471E-4	3.775E-2
18.520	-1.778E-4	3.821E-2
18.529	4.213E-5	3.862E-2
18.537	2.818E-4	3.893E-2
18.546	5.193E-4	3.911E-2
18.554	7.520E-4	3.911E-2
18.562	9.613E-4	3.895E-2
18.571	1.019E-3	3.866E-2
18.579	1.024E-3	3.826E-2
18.587	9.664E-4	3.782E-2
18.596	7.740E-4	3.737E-2
18.604	5.303E-4	3.702E-2
18.613	2.704E-4	3.676E-2
18.621	-1.621E-5	3.664E-2
18.629	-3.476E-4	3.663E-2
18.638	-5.707E-4	3.680E-2
18.646	-6.724E-4	3.708E-2
18.654	-6.721E-4	3.744E-2
18.663	-6.333E-4	3.784E-2
18.671	-4.317E-4	3.821E-2
18.680	-1.810E-4	3.854E-2
18.688	1.269E-4	3.876E-2
18.696	4.905E-4	3.888E-2
18.705	8.047E-4	3.888E-2
18.713	1.084E-3	3.872E-2
18.721	1.236E-3	3.848E-2
18.730	1.296E-3	3.815E-2
18.738	1.215E-3	3.780E-2
18.747	1.009E-3	3.747E-2
18.755	7.208E-4	3.719E-2
18.763	3.432E-4	3.703E-2
18.772	-3.881E-5	3.692E-2
18.780	-4.263E-4	3.692E-2
18.788	-6.863E-4	3.705E-2
18.797	-8.944E-4	3.728E-2
18.805	-9.222E-4	3.755E-2
18.814	-8.729E-4	3.783E-2
18.822	-6.421E-4	3.811E-2
18.830	-3.708E-4	3.837E-2
18.839	3.621E-5	3.855E-2
18.847	4.743E-4	3.859E-2
18.856	8.791E-4	3.862E-2
18.864	1.213E-3	3.851E-2
18.872	1.449E-3	3.832E-2
18.881	1.517E-3	3.807E-2
18.889	1.451E-3	3.781E-2
18.897	1.226E-3	3.757E-2
18.906	8.830E-4	3.738E-2
18.914	4.403E-4	3.726E-2
18.923	-5.357E-5	3.722E-2
18.931	-4.959E-4	3.725E-2
18.939	-8.636E-4	3.732E-2
18.948	-1.092E-3	3.746E-2
18.956	-1.168E-3	3.765E-2
18.964	-1.139E-3	3.783E-2
18.973	-9.089E-4	3.800E-2
18.981	-5.596E-4	3.814E-2
18.990	-1.341E-4	3.825E-2
18.998	3.302E-4	3.824E-2
19.006	7.917E-4	3.825E-2
19.015	1.210E-3	3.821E-2
19.023	1.480E-3	3.813E-2
19.031	1.626E-3	3.802E-2
19.040	1.570E-3	3.792E-2
19.048	1.302E-3	3.779E-2
19.057	8.986E-4	3.773E-2
19.065	4.028E-4	3.767E-2
19.073	-9.472E-5	3.764E-2
19.082	-5.605E-4	3.767E-2
19.090	-9.551E-4	3.770E-2
19.098	-1.236E-3	3.775E-2
19.107	-1.313E-3	3.776E-2
19.115	-1.267E-3	3.781E-2
19.124	-1.052E-3	3.784E-2
19.132	-7.071E-4	3.787E-2
19.140	-2.988E-4	3.790E-2
19.149	1.802E-4	3.793E-2
19.157	6.619E-4	3.795E-2
19.165	1.063E-3	3.798E-2
19.174	1.397E-3	3.799E-2
19.182	1.511E-3	3.799E-2
19.191	1.473E-3	3.800E-2
19.199	1.237E-3	3.801E-2
19.207	8.289E-4	3.801E-2
19.216	3.540E-4	3.801E-2
19.224	-1.362E-4	3.800E-2
19.232	-5.824E-4	3.798E-2
19.241	-9.707E-4	3.793E-2
19.249	-1.246E-3	3.783E-2
19.258	-1.321E-3	3.775E-2
19.266	-1.285E-3	3.768E-2
19.274	-1.066E-3	3.761E-2
19.283	-7.382E-4	3.754E-2
19.291	-3.240E-4	3.753E-2
19.299	1.388E-4	3.753E-2
19.308	5.967E-4	3.755E-2
19.316	1.023E-3	3.769E-2
19.325	1.292E-3	3.780E-2
19.333	1.458E-3	3.797E-2
19.341	1.417E-3	3.808E-2
19.350	1.213E-3	3.822E-2
19.358	8.528E-4	3.830E-2
19.366	3.962E-4	3.830E-2
19.375	-8.206E-5	3.829E-2
19.383	-4.999E-4	3.822E-2
19.392	-8.469E-4	3.808E-2
19.400	-1.084E-3	3.790E-2
19.408	-1.190E-3	3.770E-2
19.417	-1.182E-3	3.752E-2
19.425	-1.034E-3	3.733E-2
19.433	-7.121E-4	3.722E-2
19.442	-3.515E-4	3.717E-2
19.450	8.101E-5	3.714E-2
19.459	5.204E-4	3.727E-2
19.467	9.003E-4	3.746E-2
19.475	1.166E-3	3.770E-2
19.484	1.276E-3	3.798E-2
19.492	1.258E-3	3.823E-2
19.500	1.059E-3	3.845E-2
19.509	7.741E-4	3.863E-2
19.517	3.817E-4	3.868E-2
19.526	1.787E-5	3.868E-2
19.534	-3.581E-4	3.852E-2
19.542	-6.364E-4	3.829E-2
19.551	-8.379E-4	3.800E-2
19.559	-9.858E-4	3.770E-2
19.568	-9.965E-4	3.739E-2
19.576	-8.217E-4	3.710E-2
19.584	-5.912E-4	3.692E-2
19.593	-2.899E-4	3.683E-2
19.601	8.477E-5	3.687E-2
19.609	3.930E-4	3.704E-2
19.618	7.340E-4	3.730E-2
19.626	9.772E-4	3.763E-2
19.635	1.075E-3	3.797E-2
19.643	1.058E-3	3.832E-2
19.651	9.593E-4	3.861E-2
19.660	7.568E-4	3.885E-2
19.668	4.748E-4	3.893E-2
19.676	1.782E-4	3.890E-2
19.685	-1.209E-4	3.869E-2
19.693	-3.767E-4	3.841E-2
19.702	-5.621E-4	3.804E-2
19.710	-6.680E-4	3.763E-2
19.718	-6.657E-4	3.723E-2
19.727	-5.683E-4	3.693E-2
19.735	-4.228E-4	3.668E-2
19.743	-1.863E-4	3.661E-2
19.752	6.657E-5	3.665E-2
19.760	3.254E-4	3.686E-2
19.769	5.487E-4	3.716E-2
19.777	7.361E-4	3.756E-2
19.785	8.581E-4	3.801E-2
19.794	8.652E-4	3.842E-2
19.802	8.088E-4	3.876E-2
19.810	6.817E-4	3.896E-2
19.819	4.959E-4	3.904E-2
19.827	3.185E-4	3.898E-2
19.836	1.240E-4	3.874E-2
19.844	-8.646E-5	3.840E-2
19.852	-2.399E-4	3.799E-2
19.861	-3.559E-4	3.753E-2
19.869	-4.086E-4	3.710E-2
19.877	-3.989E-4	3.675E-2
19.886	-3.239E-4	3.655E-2
19.894	-2.149E-4	3.650E-2
19.903	-8.185E-5	3.660E-2
19.911	8.017E-5	3.684E-2
19.919	2.176E-4	3.720E-2
19.928	3.476E-4	3.768E-2
19.936	4.574E-4	3.817E-2
19.944	5.230E-4	3.864E-2
19.953	5.677E-4	3.896E-2
19.961	5.620E-4	3.917E-2
19.970	5.167E-4	3.921E-2
19.978	4.365E-4	3.911E-2
19.986	3.347E-4	3.887E-2
19.995	1.842E-4	3.847E-2
20.003	8.982E-5	3.801E-2
20.011	-6.158E-5	3.754E-2
20.020	-1.410E-4	3.710E-2
20.028	-2.011E-4	3.674E-2
20.037	-1.983E-4	3.655E-2
20.045	-2.192E-4	3.651E-2
20.053	-2.002E-4	3.663E-2
20.062	-1.461E-4	3.689E-2
20.070	-6.994E-5	3.725E-2
20.078	2.529E-5	3.773E-2
20.087	1.678E-4	3.821E-2
20.095	2.701E-4	3.865E-2
20.104	3.979E-4	3.898E-2
20.112	4.950E-4	3.916E-2
20.120	5.857E-4	3.920E-2
20.129	6.133E-4	3.909E-2
20.137	5.991E-4	3.882E-2
20.145	5.782E-4	3.844E-2
20.154	4.564E-4	3.798E-2
20.162	3.155E-4	3.753E-2
20.171	1.435E-4	3.710E-2
20.179	-2.595E-5	3.678E-2
20.187	-1.749E-4	3.660E-2
20.196	-3.112E-4	3.659E-2
20.204	-3.994E-4	3.669E-2
20.212	-4.400E-4	3.697E-2
20.221	-4.188E-4	3.733E-2
20.229	-3.262E-4	3.777E-2
20.238	-1.921E-4	3.822E-2
20.246	-7.865E-6	3.862E-2
20.254	1.655E-4	3.892E-2
20.263	3.641E-4	3.910E-2
20.271	5.667E-4	3.912E-2
20.280	7.403E-4	3.898E-2
20.288	8.199E-4	3.870E-2
20.296	8.157E-4	3.835E-2
20.305	7.770E-4	3.796E-2
20.313	6.012E-4	3.754E-2
20.321	3.742E-4	3.717E-2
20.330	1.271E-4	3.686E-2
20.338	-1.304E-4	3.670E-2
20.347	-3.646E-4	3.667E-2
20.355	-5.737E-4	3.680E-2
20.363	-6.786E-4	3.707E-2
20.372	-7.132E-4	3.740E-2
20.380	-6.555E-4	3.775E-2
20.388	-5.185E-4	3.814E-2
20.397	-3.081E-4	3.849E-2
20.405	-2.020E-5	3.872E-2
20.414	2.906E-4	3.886E-2
20.422	5.719E-4	3.888E-2
20.430	8.103E-4	3.874E-2
20.439	1.022E-3	
