#multi:
	mass A	mass B	
t	x	x	
0.000	-4.401E-3	3.747E-2
0.008	-4.432E-3	3.748E-2
0.017	-4.421E-3	3.748E-2
0.025	-4.397E-3	3.748E-2
0.034	-4.400E-3	3.748E-2
0.042	-4.271E-3	3.750E-2
0.050	-4.215E-3	3.750E-2
0.059	-4.068E-3	3.749E-2
0.067	-3.954E-3	3.749E-2
0.075	-3.731E-3	3.749E-2
0.084	-3.450E-3	3.749E-2
0.092	-3.083E-3	3.748E-2
0.101	-2.592E-3	3.749E-2
0.109	-1.824E-3	3.750E-2
0.117	-9.010E-4	3.753E-2
0.126	2.281E-4	3.756E-2
0.134	1.368E-3	3.764E-2
0.142	2.309E-3	3.775E-2
0.151	3.056E-3	3.788E-2
0.159	3.396E-3	3.802E-2
0.168	3.246E-3	3.816E-2
0.176	2.743E-3	3.832E-2
0.184	1.822E-3	3.842E-2
0.193	7.601E-4	3.844E-2
0.201	-3.394E-4	3.840E-2
0.209	-1.380E-3	3.829E-2
0.218	-2.158E-3	3.812E-2
0.226	-2.673E-3	3.786E-2
0.235	-2.986E-3	3.757E-2
0.243	-2.884E-3	3.726E-2
0.251	-2.437E-3	3.700E-2
0.260	-1.839E-3	3.683E-2
0.268	-9.267E-4	3.674E-2
0.276	1.341E-4	3.679E-2
0.285	1.172E-3	3.697E-2
0.293	2.104E-3	3.725E-2
0.302	2.786E-3	3.763E-2
0.310	3.130E-3	3.806E-2
0.318	3.065E-3	3.850E-2
0.327	2.537E-3	3.888E-2
0.335	1.798E-3	3.915E-2
0.343	8.505E-4	3.927E-2
0.352	-1.782E-4	3.923E-2
0.360	-1.080E-3	3.903E-2
0.369	-1.865E-3	3.865E-2
0.377	-2.380E-3	3.815E-2
0.385	-2.599E-3	3.755E-2
0.394	-2.544E-3	3.699E-2
0.402	-2.219E-3	3.652E-2
0.410	-1.649E-3	3.618E-2
0.419	-8.930E-4	3.602E-2
0.427	-1.303E-5	3.608E-2
0.436	9.269E-4	3.636E-2
0.444	1.748E-3	3.682E-2
0.452	2.328E-3	3.744E-2
0.461	2.696E-3	3.812E-2
0.469	2.684E-3	3.881E-2
0.477	2.316E-3	3.937E-2
0.486	1.739E-3	3.980E-2
0.494	9.307E-4	3.997E-2
0.503	1.419E-4	3.987E-2
0.511	-6.544E-4	3.953E-2
0.519	-1.338E-3	3.898E-2
0.528	-1.736E-3	3.831E-2
0.536	-1.971E-3	3.751E-2
0.544	-2.025E-3	3.673E-2
0.553	-1.787E-3	3.607E-2
0.561	-1.410E-3	3.562E-2
0.570	-8.023E-4	3.543E-2
0.578	-7.025E-5	3.552E-2
0.586	6.297E-4	3.590E-2
0.595	1.298E-3	3.655E-2
0.603	1.805E-3	3.737E-2
0.611	2.056E-3	3.828E-2
0.620	2.125E-3	3.914E-2
0.628	1.949E-3	3.982E-2
0.637	1.525E-3	4.030E-2
0.645	1.024E-3	4.049E-2
0.653	3.951E-4	4.037E-2
0.662	-1.939E-4	3.994E-2
0.670	-7.048E-4	3.926E-2
0.678	-1.136E-3	3.842E-2
0.687	-1.399E-3	3.744E-2
0.695	-1.448E-3	3.651E-2
0.704	-1.378E-3	3.572E-2
0.712	-1.119E-3	3.520E-2
0.720	-7.355E-4	3.501E-2
0.729	-2.971E-4	3.514E-2
0.737	1.996E-4	3.560E-2
0.746	6.646E-4	3.641E-2
0.754	1.066E-3	3.735E-2
0.762	1.347E-3	3.836E-2
0.771	1.519E-3	3.930E-2
0.779	1.523E-3	4.010E-2
0.787	1.367E-3	4.060E-2
0.796	1.108E-3	4.080E-2
0.804	7.740E-4	4.060E-2
0.813	4.010E-4	4.011E-2
0.821	-6.535E-6	3.931E-2
0.829	-2.965E-4	3.834E-2
0.838	-5.298E-4	3.733E-2
0.846	-7.363E-4	3.630E-2
0.854	-7.485E-4	3.546E-2
0.863	-7.437E-4	3.493E-2
0.871	-6.921E-4	3.475E-2
0.880	-4.868E-4	3.495E-2
0.888	-2.595E-4	3.546E-2
0.896	-4.453E-8	3.631E-2
0.905	3.176E-4	3.736E-2
0.913	5.867E-4	3.846E-2
0.921	8.349E-4	3.941E-2
0.930	1.063E-3	4.018E-2
0.938	1.129E-3	4.073E-2
0.947	1.148E-3	4.086E-2
0.955	1.134E-3	4.069E-2
0.963	9.157E-4	4.009E-2
0.972	7.442E-4	3.924E-2
0.980	4.634E-4	3.827E-2
0.988	1.827E-4	3.719E-2
0.997	-6.612E-5	3.621E-2
1.005	-3.220E-4	3.542E-2
1.014	-5.375E-4	3.493E-2
1.022	-7.127E-4	3.481E-2
1.030	-7.592E-4	3.508E-2
1.039	-7.431E-4	3.565E-2
1.047	-6.670E-4	3.649E-2
1.055	-4.894E-4	3.751E-2
1.064	-1.908E-4	3.855E-2
1.072	1.737E-4	3.950E-2
1.081	4.921E-4	4.025E-2
1.089	8.605E-4	4.068E-2
1.097	1.165E-3	4.080E-2
1.106	1.358E-3	4.053E-2
1.114	1.521E-3	3.994E-2
1.122	1.452E-3	3.915E-2
1.131	1.279E-3	3.817E-2
1.139	9.496E-4	3.719E-2
1.148	5.074E-4	3.629E-2
1.156	4.263E-5	3.555E-2
1.164	-4.327E-4	3.517E-2
1.173	-8.622E-4	3.510E-2
1.181	-1.199E-3	3.536E-2
1.189	-1.374E-3	3.593E-2
1.198	-1.428E-3	3.669E-2
1.206	-1.246E-3	3.763E-2
1.215	-9.428E-4	3.858E-2
1.223	-5.057E-4	3.940E-2
1.231	2.940E-5	4.002E-2
1.240	6.107E-4	4.039E-2
1.248	1.160E-3	4.047E-2
1.256	1.643E-3	4.023E-2
1.265	1.983E-3	3.967E-2
1.273	2.050E-3	3.896E-2
1.282	1.984E-3	3.809E-2
1.290	1.592E-3	3.726E-2
1.298	1.078E-3	3.649E-2
1.307	4.234E-4	3.592E-2
1.315	-2.800E-4	3.558E-2
1.323	-9.219E-4	3.555E-2
1.332	-1.442E-3	3.583E-2
1.340	-1.805E-3	3.629E-2
1.349	-1.913E-3	3.695E-2
1.357	-1.843E-3	3.773E-2
1.365	-1.518E-3	3.847E-2
1.374	-1.004E-3	3.913E-2
1.382	-3.179E-4	3.961E-2
1.390	4.505E-4	3.988E-2
1.399	1.218E-3	3.988E-2
1.407	1.857E-3	3.964E-2
1.416	2.345E-3	3.917E-2
1.424	2.595E-3	3.859E-2
1.432	2.472E-3	3.793E-2
1.441	2.085E-3	3.728E-2
1.449	1.434E-3	3.671E-2
1.458	6.085E-4	3.631E-2
1.466	-2.467E-4	3.609E-2
1.474	-1.117E-3	3.609E-2
1.483	-1.767E-3	3.628E-2
1.491	-2.216E-3	3.662E-2
1.499	-2.449E-3	3.708E-2
1.508	-2.424E-3	3.763E-2
1.516	-2.060E-3	3.819E-2
1.525	-1.481E-3	3.865E-2
1.533	-6.956E-4	3.900E-2
1.541	2.243E-4	3.920E-2
1.550	1.132E-3	3.917E-2
1.558	1.986E-3	3.903E-2
1.566	2.640E-3	3.873E-2
1.575	2.924E-3	3.834E-2
1.583	2.917E-3	3.793E-2
1.592	2.476E-3	3.751E-2
1.600	1.753E-3	3.717E-2
1.608	8.387E-4	3.695E-2
1.617	-1.548E-4	3.681E-2
1.625	-1.118E-3	3.680E-2
1.633	-1.896E-3	3.690E-2
1.642	-2.412E-3	3.710E-2
1.650	-2.627E-3	3.733E-2
1.659	-2.589E-3	3.762E-2
1.667	-2.264E-3	3.793E-2
1.675	-1.656E-3	3.818E-2
1.684	-8.144E-4	3.837E-2
1.692	1.387E-4	3.845E-2
1.700	1.169E-3	3.845E-2
1.709	2.071E-3	3.841E-2
1.717	2.759E-3	3.831E-2
1.726	3.164E-3	3.819E-2
1.734	3.144E-3	3.801E-2
1.742	2.704E-3	3.787E-2
1.751	1.933E-3	3.775E-2
1.759	9.369E-4	3.765E-2
1.767	-7.943E-5	3.760E-2
1.776	-1.077E-3	3.763E-2
1.784	-1.915E-3	3.758E-2
1.793	-2.434E-3	3.755E-2
1.801	-2.770E-3	3.753E-2
1.809	-2.761E-3	3.753E-2
1.818	-2.405E-3	3.754E-2
1.826	-1.790E-3	3.753E-2
1.834	-9.686E-4	3.755E-2
1.843	3.105E-5	3.761E-2
1.851	1.041E-3	3.770E-2
1.860	1.934E-3	3.776E-2
1.868	2.692E-3	3.788E-2
1.876	3.114E-3	3.799E-2
1.885	3.051E-3	3.812E-2
1.893	2.617E-3	3.824E-2
1.901	1.840E-3	3.833E-2
1.910	9.131E-4	3.838E-2
1.918	-6.852E-5	3.838E-2
1.927	-1.034E-3	3.826E-2
1.935	-1.834E-3	3.811E-2
1.943	-2.382E-3	3.790E-2
1.952	-2.648E-3	3.766E-2
1.960	-2.620E-3	3.743E-2
1.968	-2.320E-3	3.720E-2
1.977	-1.756E-3	3.702E-2
1.985	-9.643E-4	3.695E-2
1.994	-2.733E-5	3.697E-2
2.002	9.259E-4	3.706E-2
2.010	1.821E-3	3.729E-2
2.019	2.485E-3	3.758E-2
2.027	2.919E-3	3.795E-2
2.035	2.934E-3	3.836E-2
2.044	2.548E-3	3.870E-2
2.052	1.911E-3	3.894E-2
2.061	1.041E-3	3.909E-2
2.069	9.885E-5	3.909E-2
2.077	-7.534E-4	3.891E-2
2.086	-1.505E-3	3.861E-2
2.094	-2.036E-3	3.817E-2
2.102	-2.333E-3	3.768E-2
2.111	-2.357E-3	3.718E-2
2.119	-2.094E-3	3.676E-2
2.128	-1.617E-3	3.639E-2
2.136	-9.402E-4	3.620E-2
2.144	-1.109E-4	3.624E-2
2.153	7.376E-4	3.644E-2
2.161	1.523E-3	3.684E-2
2.170	2.112E-3	3.733E-2
2.178	2.472E-3	3.793E-2
2.186	2.498E-3	3.857E-2
2.195	2.258E-3	3.913E-2
2.203	1.763E-3	3.954E-2
2.211	1.091E-3	3.976E-2
2.220	3.346E-4	3.976E-2
2.228	-4.317E-4	3.951E-2
2.237	-1.095E-3	3.904E-2
2.245	-1.563E-3	3.841E-2
2.253	-1.868E-3	3.771E-2
2.262	-1.913E-3	3.701E-2
2.270	-1.708E-3	3.638E-2
2.278	-1.361E-3	3.591E-2
2.287	-8.085E-4	3.566E-2
2.295	-1.737E-4	3.565E-2
2.304	4.588E-4	3.598E-2
2.312	1.107E-3	3.652E-2
2.320	1.594E-3	3.719E-2
2.329	1.905E-3	3.798E-2
2.337	2.007E-3	3.880E-2
2.345	1.852E-3	3.951E-2
2.354	1.538E-3	4.002E-2
2.362	1.089E-3	4.025E-2
2.371	5.134E-4	4.022E-2
2.379	-4.537E-5	3.987E-2
2.387	-5.223E-4	3.928E-2
2.396	-9.477E-4	3.848E-2
2.404	-1.204E-3	3.759E-2
2.412	-1.274E-3	3.676E-2
2.421	-1.214E-3	3.607E-2
2.429	-9.887E-4	3.556E-2
2.438	-6.819E-4	3.532E-2
2.446	-2.716E-4	3.536E-2
2.454	1.976E-4	3.576E-2
2.463	6.347E-4	3.641E-2
2.471	1.016E-3	3.721E-2
2.479	1.306E-3	3.813E-2
2.488	1.411E-3	3.902E-2
2.496	1.398E-3	3.981E-2
2.505	1.324E-3	4.033E-2
2.513	1.093E-3	4.055E-2
2.521	7.948E-4	4.046E-2
2.530	4.103E-4	4.006E-2
2.538	5.257E-5	3.938E-2
2.546	-2.717E-4	3.851E-2
2.555	-5.181E-4	3.752E-2
2.563	-7.031E-4	3.659E-2
2.572	-7.537E-4	3.579E-2
2.580	-7.476E-4	3.528E-2
2.588	-6.496E-4	3.509E-2
2.597	-4.860E-4	3.520E-2
2.605	-2.571E-4	3.562E-2
2.613	3.392E-7	3.633E-2
2.622	2.680E-4	3.720E-2
2.630	4.992E-4	3.816E-2
2.639	7.210E-4	3.910E-2
2.647	8.838E-4	3.990E-2
2.655	1.015E-3	4.042E-2
2.664	1.038E-3	4.067E-2
2.672	9.278E-4	4.053E-2
2.680	7.931E-4	4.007E-2
2.689	6.007E-4	3.933E-2
2.697	3.813E-4	3.842E-2
2.706	1.564E-4	3.744E-2
2.714	-7.526E-5	3.652E-2
2.722	-3.030E-4	3.576E-2
2.731	-5.068E-4	3.528E-2
2.739	-6.203E-4	3.511E-2
2.747	-7.366E-4	3.525E-2
2.756	-7.325E-4	3.570E-2
2.764	-5.855E-4	3.642E-2
2.773	-4.762E-4	3.727E-2
2.781	-2.182E-4	3.821E-2
2.789	9.087E-5	3.912E-2
2.798	3.725E-4	3.985E-2
2.806	7.122E-4	4.031E-2
2.815	1.001E-3	4.049E-2
2.823	1.159E-3	4.032E-2
2.831	1.285E-3	3.984E-2
2.840	1.294E-3	3.916E-2
2.848	1.146E-3	3.828E-2
2.856	8.688E-4	3.733E-2
2.865	5.040E-4	3.642E-2
2.873	1.297E-4	3.572E-2
2.882	-2.815E-4	3.529E-2
2.890	-6.717E-4	3.518E-2
2.898	-9.726E-4	3.535E-2
2.907	-1.160E-3	3.582E-2
2.915	-1.209E-3	3.652E-2
2.923	-1.102E-3	3.735E-2
2.932	-8.622E-4	3.819E-2
2.940	-5.145E-4	3.898E-2
2.949	-4.207E-5	3.965E-2
2.957	4.684E-4	4.005E-2
2.965	9.683E-4	4.019E-2
2.974	1.404E-3	4.002E-2
2.982	1.731E-3	3.960E-2
2.990	1.811E-3	3.894E-2
2.999	1.765E-3	3.816E-2
3.007	1.508E-3	3.733E-2
3.016	1.068E-3	3.660E-2
3.024	4.812E-4	3.601E-2
3.032	-1.153E-4	3.568E-2
3.041	-6.954E-4	3.560E-2
3.049	-1.209E-3	3.575E-2
3.057	-1.544E-3	3.617E-2
3.066	-1.704E-3	3.676E-2
3.074	-1.675E-3	3.746E-2
3.083	-1.420E-3	3.819E-2
3.091	-9.721E-4	3.882E-2
3.099	-3.976E-4	3.935E-2
3.108	2.671E-4	3.965E-2
3.116	9.497E-4	3.973E-2
3.124	1.585E-3	3.957E-2
3.133	2.067E-3	3.920E-2
3.141	2.317E-3	3.866E-2
3.150	2.294E-3	3.803E-2
3.158	2.017E-3	3.741E-2
3.166	1.474E-3	3.685E-2
3.175	7.212E-4	3.642E-2
3.183	-4.636E-5	3.616E-2
3.191	-7.887E-4	3.609E-2
3.200	-1.442E-3	3.624E-2
3.208	-1.900E-3	3.655E-2
3.217	-2.138E-3	3.700E-2
3.225	-2.133E-3	3.751E-2
3.233	-1.870E-3	3.801E-2
3.242	-1.392E-3	3.845E-2
3.250	-7.102E-4	3.883E-2
3.258	8.449E-5	3.907E-2
3.267	9.013E-4	3.909E-2
3.275	1.686E-3	3.901E-2
3.284	2.286E-3	3.878E-2
3.292	2.694E-3	3.842E-2
3.300	2.716E-3	3.800E-2
3.309	2.371E-3	3.758E-2
3.317	1.782E-3	3.723E-2
3.325	9.518E-4	3.697E-2
3.334	3.052E-5	3.682E-2
3.342	-8.350E-4	3.679E-2
3.351	-1.602E-3	3.684E-2
3.359	-2.142E-3	3.702E-2
3.367	-2.396E-3	3.726E-2
3.376	-2.384E-3	3.753E-2
3.384	-2.146E-3	3.782E-2
3.392	-1.640E-3	3.810E-2
3.401	-9.192E-4	3.830E-2
3.409	-4.702E-5	3.843E-2
3.418	8.846E-4	3.843E-2
3.426	1.759E-3	3.842E-2
3.434	2.458E-3	3.832E-2
3.443	2.915E-3	3.819E-2
3.451	2.960E-3	3.801E-2
3.459	2.631E-3	3.785E-2
3.468	1.975E-3	3.774E-2
3.476	1.131E-3	3.762E-2
3.485	1.929E-4	3.756E-2
3.493	-7.312E-4	3.750E-2
3.501	-1.534E-3	3.749E-2
3.510	-2.153E-3	3.749E-2
3.518	-2.406E-3	3.751E-2
3.527	-2.403E-3	3.751E-2
3.535	-2.173E-3	3.755E-2
3.543	-1.652E-3	3.758E-2
3.552	-9.400E-4	3.757E-2
3.560	-4.084E-5	3.765E-2
3.568	8.801E-4	3.771E-2
3.577	1.782E-3	3.775E-2
3.585	2.481E-3	3.784E-2
3.594	2.923E-3	3.794E-2
3.602	2.989E-3	3.804E-2
3.610	2.695E-3	3.812E-2
3.619	2.079E-3	3.819E-2
3.627	1.246E-3	3.820E-2
3.635	2.777E-4	3.820E-2
3.644	-6.423E-4	3.815E-2
3.652	-1.430E-3	3.803E-2
3.661	-2.011E-3	3.786E-2
3.669	-2.365E-3	3.766E-2
3.677	-2.372E-3	3.745E-2
3.686	-2.158E-3	3.726E-2
3.694	-1.669E-3	3.708E-2
3.702	-9.794E-4	3.700E-2
3.711	-1.391E-4	3.699E-2
3.719	7.151E-4	3.705E-2
3.728	1.572E-3	3.724E-2
3.736	2.245E-3	3.751E-2
3.744	2.703E-3	3.783E-2
3.753	2.748E-3	3.818E-2
3.761	2.496E-3	3.847E-2
3.769	1.973E-3	3.874E-2
3.778	1.212E-3	3.887E-2
3.786	3.521E-4	3.888E-2
3.795	-4.563E-4	3.880E-2
3.803	-1.199E-3	3.857E-2
3.811	-1.710E-3	3.820E-2
3.820	-2.053E-3	3.777E-2
3.828	-2.131E-3	3.730E-2
3.836	-1.921E-3	3.689E-2
3.845	-1.496E-3	3.656E-2
3.853	-9.045E-4	3.635E-2
3.862	-1.735E-4	3.632E-2
3.870	5.996E-4	3.649E-2
3.878	1.356E-3	3.679E-2
3.887	1.969E-3	3.725E-2
3.895	2.322E-3	3.777E-2
3.903	2.450E-3	3.832E-2
3.912	2.268E-3	3.885E-2
3.920	1.829E-3	3.926E-2
3.929	1.207E-3	3.950E-2
3.937	4.809E-4	3.952E-2
3.945	-2.325E-4	3.935E-2
3.954	-8.534E-4	3.896E-2
3.962	-1.359E-3	3.843E-2
3.970	-1.667E-3	3.783E-2
3.979	-1.706E-3	3.720E-2
3.987	-1.628E-3	3.660E-2
3.996	-1.292E-3	3.613E-2
4.004	-8.407E-4	3.587E-2
4.012	-2.740E-4	3.586E-2
4.021	3.628E-4	3.606E-2
4.029	9.446E-4	3.649E-2
4.037	1.439E-3	3.708E-2
4.046	1.770E-3	3.783E-2
4.054	1.900E-3	3.856E-2
4.063	1.796E-3	3.922E-2
4.071	1.539E-3	3.971E-2
4.079	1.108E-3	4.001E-2
4.088	6.072E-4	4.001E-2
4.096	8.909E-5	3.977E-2
4.104	-4.352E-4	3.929E-2
4.113	-8.065E-4	3.864E-2
4.121	-1.078E-3	3.788E-2
4.130	-1.233E-3	3.708E-2
4.138	-1.197E-3	3.636E-2
4.146	-9.975E-4	3.582E-2
4.155	-7.062E-4	3.555E-2
4.163	-3.015E-4	3.556E-2
4.171	1.537E-4	3.584E-2
4.180	5.800E-4	3.635E-2
4.188	9.294E-4	3.708E-2
4.197	1.210E-3	3.790E-2
4.205	1.351E-3	3.875E-2
4.213	1.364E-3	3.948E-2
4.222	1.307E-3	4.002E-2
4.230	1.098E-3	4.029E-2
4.239	8.149E-4	4.028E-2
4.247	4.571E-4	3.997E-2
4.255	1.589E-4	3.939E-2
4.264	-1.609E-4	3.862E-2
4.272	-4.508E-4	3.779E-2
4.280	-5.703E-4	3.691E-2
4.289	-6.957E-4	3.614E-2
4.297	-7.003E-4	3.559E-2
4.306	-5.543E-4	3.531E-2
4.314	-4.164E-4	3.538E-2
4.322	-2.162E-4	3.568E-2
4.331	2.717E-5	3.625E-2
4.339	2.671E-4	3.706E-2
4.347	4.909E-4	3.796E-2
4.356	6.962E-4	3.884E-2
4.364	8.441E-4	3.960E-2
4.373	9.461E-4	4.011E-2
4.381	9.583E-4	4.035E-2
4.389	8.831E-4	4.029E-2
4.398	8.088E-4	3.993E-2
4.406	5.973E-4	3.935E-2
4.414	3.899E-4	3.853E-2
4.423	1.807E-4	3.768E-2
4.431	-4.534E-5	3.682E-2
4.440	-2.552E-4	3.606E-2
4.448	-4.328E-4	3.550E-2
4.456	-5.393E-4	3.525E-2
4.465	-5.612E-4	3.532E-2
4.473	-5.415E-4	3.567E-2
4.481	-4.959E-4	3.629E-2
4.490	-3.151E-4	3.709E-2
4.498	-7.856E-5	3.797E-2
4.507	1.793E-4	3.883E-2
4.515	4.360E-4	3.955E-2
4.523	6.954E-4	4.006E-2
4.532	9.247E-4	4.028E-2
4.540	1.117E-3	4.021E-2
4.548	1.195E-3	3.982E-2
4.557	1.178E-3	3.923E-2
4.565	1.092E-3	3.843E-2
4.574	8.636E-4	3.757E-2
4.582	5.887E-4	3.677E-2
4.590	2.203E-4	3.609E-2
4.599	-1.273E-4	3.561E-2
4.607	-4.982E-4	3.542E-2
4.615	-7.568E-4	3.553E-2
4.624	-9.708E-4	3.589E-2
4.632	-9.989E-4	3.647E-2
4.641	-9.530E-4	3.723E-2
4.649	-7.335E-4	3.805E-2
4.657	-4.168E-4	3.885E-2
4.666	-4.170E-5	3.948E-2
4.674	4.150E-4	3.993E-2
4.682	8.738E-4	4.011E-2
4.691	1.295E-3	3.999E-2
4.699	1.575E-3	3.963E-2
4.708	1.749E-3	3.905E-2
4.716	1.705E-3	3.835E-2
4.724	1.473E-3	3.761E-2
4.733	1.089E-3	3.693E-2
4.741	6.101E-4	3.636E-2
4.749	5.587E-5	3.595E-2
4.758	-4.884E-4	3.578E-2
4.766	-9.786E-4	3.590E-2
4.775	-1.298E-3	3.625E-2
4.783	-1.472E-3	3.677E-2
4.791	-1.460E-3	3.739E-2
4.800	-1.256E-3	3.808E-2
4.808	-9.260E-4	3.872E-2
4.816	-4.225E-4	3.923E-2
4.825	1.923E-4	3.957E-2
4.833	8.154E-4	3.969E-2
4.842	1.404E-3	3.959E-2
4.850	1.848E-3	3.930E-2
4.858	2.100E-3	3.884E-2
4.867	2.137E-3	3.825E-2
4.875	1.907E-3	3.764E-2
4.883	1.447E-3	3.711E-2
4.892	8.430E-4	3.664E-2
4.900	1.595E-4	3.635E-2
4.909	-5.268E-4	3.625E-2
4.917	-1.167E-3	3.636E-2
4.925	-1.638E-3	3.660E-2
4.934	-1.898E-3	3.701E-2
4.942	-1.920E-3	3.747E-2
4.951	-1.702E-3	3.796E-2
4.959	-1.317E-3	3.842E-2
4.967	-7.385E-4	3.881E-2
4.976	-1.728E-5	3.904E-2
4.984	7.206E-4	3.912E-2
4.992	1.437E-3	3.906E-2
5.001	2.027E-3	3.884E-2
5.009	2.434E-3	3.850E-2
5.018	2.499E-3	3.810E-2
5.026	2.277E-3	3.771E-2
5.034	1.807E-3	3.736E-2
5.043	1.099E-3	3.709E-2
5.051	2.863E-4	3.691E-2
5.059	-5.201E-4	3.687E-2
5.068	-1.238E-3	3.689E-2
5.076	-1.760E-3	3.704E-2
5.085	-2.124E-3	3.727E-2
5.093	-2.157E-3	3.753E-2
5.101	-1.964E-3	3.781E-2
5.110	-1.552E-3	3.806E-2
5.118	-9.376E-4	3.828E-2
5.126	-1.461E-4	3.844E-2
5.135	6.795E-4	3.846E-2
5.143	1.478E-3	3.843E-2
5.152	2.110E-3	3.834E-2
5.160	2.535E-3	3.820E-2
5.168	2.689E-3	3.801E-2
5.177	2.463E-3	3.787E-2
5.185	1.942E-3	3.771E-2
5.193	1.179E-3	3.759E-2
5.202	2.990E-4	3.754E-2
5.210	-5.477E-4	3.748E-2
5.219	-1.308E-3	3.748E-2
5.227	-1.903E-3	3.748E-2
5.235	-2.207E-3	3.752E-2
5.244	-2.356E-3	3.755E-2
5.252	-2.157E-3	3.761E-2
5.260	-1.713E-3	3.768E-2
5.269	-1.078E-3	3.772E-2
5.277	-2.805E-4	3.777E-2
5.286	5.988E-4	3.780E-2
5.294	1.437E-3	3.785E-2
5.302	2.098E-3	3.791E-2
5.311	2.538E-3	3.796E-2
5.319	2.697E-3	3.801E-2
5.327	2.485E-3	3.807E-2
5.336	1.995E-3	3.815E-2
5.344	1.256E-3	3.819E-2
5.353	3.964E-4	3.818E-2
5.361	-4.480E-4	3.813E-2
5.369	-1.205E-3	3.803E-2
5.378	-1.791E-3	3.789E-2
5.386	-2.146E-3	3.772E-2
5.394	-2.193E-3	3.754E-2
5.403	-2.065E-3	3.737E-2
5.411	-1.662E-3	3.726E-2
5.420	-1.075E-3	3.716E-2
5.428	-2.972E-4	3.718E-2
5.436	5.200E-4	3.723E-2
5.445	1.325E-3	3.735E-2
5.453	1.996E-3	3.754E-2
5.461	2.454E-3	3.779E-2
5.470	2.562E-3	3.807E-2
5.478	2.384E-3	3.838E-2
5.487	1.905E-3	3.861E-2
5.495	1.221E-3	3.878E-2
5.503	4.442E-4	3.884E-2
5.512	-3.309E-4	3.877E-2
5.520	-1.020E-3	3.858E-2
5.528	-1.558E-3	3.829E-2
5.537	-1.911E-3	3.794E-2
5.545	-1.974E-3	3.753E-2
5.554	-1.903E-3	3.715E-2
5.562	-1.527E-3	3.686E-2
5.570	-1.020E-3	3.663E-2
5.579	-3.140E-4	3.657E-2
5.587	4.195E-4	3.663E-2
5.595	1.132E-3	3.686E-2
5.604	1.721E-3	3.722E-2
5.612	2.069E-3	3.768E-2
5.621	2.230E-3	3.817E-2
5.629	2.097E-3	3.865E-2
5.637	1.750E-3	3.904E-2
5.646	1.194E-3	3.929E-2
5.654	5.355E-4	3.936E-2
5.663	-1.135E-4	3.924E-2
5.671	-7.142E-4	3.894E-2
5.679	-1.211E-3	3.847E-2
5.688	-1.482E-3	3.793E-2
5.696	-1.632E-3	3.735E-2
5.704	-1.503E-3	3.681E-2
5.713	-1.235E-3	3.636E-2
5.721	-8.064E-4	3.609E-2
5.730	-2.603E-4	3.603E-2
5.738	3.201E-4	3.615E-2
5.746	8.791E-4	3.651E-2
5.755	1.356E-3	3.702E-2
5.763	1.710E-3	3.762E-2
5.771	1.809E-3	3.829E-2
5.780	1.782E-3	3.892E-2
5.788	1.555E-3	3.940E-2
5.797	1.153E-3	3.970E-2
5.805	6.710E-4	3.979E-2
5.813	1.795E-4	3.961E-2
5.822	-2.884E-4	3.923E-2
5.830	-7.007E-4	3.866E-2
5.838	-9.810E-4	3.795E-2
5.847	-1.125E-3	3.722E-2
5.855	-1.138E-3	3.657E-2
5.864	-9.902E-4	3.607E-2
5.872	-7.114E-4	3.575E-2
5.880	-3.257E-4	3.571E-2
5.889	9.805E-5	3.588E-2
5.897	4.622E-4	3.632E-2
5.905	8.435E-4	3.697E-2
5.914	1.123E-3	3.769E-2
5.922	1.318E-3	3.843E-2
5.931	1.341E-3	3.913E-2
5.939	1.289E-3	3.968E-2
5.947	1.099E-3	4.001E-2
5.956	8.367E-4	4.006E-2
5.964	4.761E-4	3.983E-2
5.972	1.817E-4	3.937E-2
5.981	-1.048E-4	3.869E-2
5.989	-3.418E-4	3.790E-2
5.998	-4.977E-4	3.708E-2
6.006	-5.745E-4	3.636E-2
6.014	-5.472E-4	3.585E-2
6.023	-4.702E-4	3.553E-2
6.031	-3.008E-4	3.549E-2
6.039	-7.253E-5	3.572E-2
6.048	1.711E-4	3.622E-2
6.056	4.088E-4	3.694E-2
6.065	6.400E-4	3.775E-2
6.073	8.432E-4	3.853E-2
6.081	9.575E-4	3.926E-2
6.090	1.018E-3	3.984E-2
6.098	9.737E-4	4.013E-2
6.106	9.033E-4	4.012E-2
6.115	8.294E-4	3.983E-2
6.123	6.570E-4	3.933E-2
6.132	4.382E-4	3.864E-2
6.140	2.232E-4	3.783E-2
6.148	1.371E-6	3.701E-2
6.157	-1.773E-4	3.628E-2
6.165	-3.107E-4	3.575E-2
6.173	-4.550E-4	3.548E-2
6.182	-5.030E-4	3.545E-2
6.190	-4.972E-4	3.571E-2
6.199	-4.589E-4	3.624E-2
6.207	-2.803E-4	3.698E-2
6.215	-6.707E-5	3.780E-2
6.224	1.710E-4	3.857E-2
6.232	4.057E-4	3.928E-2
6.240	6.431E-4	3.981E-2
6.249	8.731E-4	4.008E-2
6.257	1.061E-3	4.005E-2
6.266	1.129E-3	3.977E-2
6.274	1.128E-3	3.926E-2
6.282	1.051E-3	3.858E-2
6.291	8.691E-4	3.779E-2
6.299	6.252E-4	3.698E-2
6.307	2.909E-4	3.633E-2
6.316	-3.842E-5	3.585E-2
6.324	-3.104E-4	3.562E-2
6.333	-5.496E-4	3.564E-2
6.341	-7.242E-4	3.591E-2
6.349	-7.777E-4	3.643E-2
6.358	-7.532E-4	3.714E-2
6.366	-5.814E-4	3.790E-2
6.375	-3.317E-4	3.864E-2
6.383	-4.681E-6	3.924E-2
6.391	3.961E-4	3.972E-2
6.400	8.081E-4	3.995E-2
6.408	1.133E-3	3.994E-2
6.416	1.387E-3	3.965E-2
6.425	1.568E-3	3.912E-2
6.433	1.570E-3	3.848E-2
6.442	1.371E-3	3.776E-2
6.450	1.088E-3	3.705E-2
6.458	6.556E-4	3.649E-2
6.467	1.822E-4	3.609E-2
6.475	-2.890E-4	3.591E-2
6.483	-7.283E-4	3.595E-2
6.492	-1.061E-3	3.620E-2
6.500	-1.249E-3	3.669E-2
6.509	-1.241E-3	3.728E-2
6.517	-1.156E-3	3.792E-2
6.525	-8.309E-4	3.851E-2
6.534	-4.301E-4	3.900E-2
6.542	7.819E-5	3.937E-2
6.550	6.335E-4	3.953E-2
6.559	1.170E-3	3.951E-2
6.567	1.600E-3	3.924E-2
6.576	1.871E-3	3.885E-2
6.584	1.979E-3	3.834E-2
6.592	1.808E-3	3.778E-2
6.601	1.452E-3	3.722E-2
6.609	9.024E-4	3.677E-2
6.617	2.763E-4	3.648E-2
6.626	-3.539E-4	3.636E-2
6.634	-9.623E-4	3.640E-2
6.643	-1.409E-3	3.660E-2
6.651	-1.684E-3	3.696E-2
6.659	-1.711E-3	3.742E-2
6.668	-1.603E-3	3.791E-2
6.676	-1.257E-3	3.836E-2
6.684	-7.350E-4	3.871E-2
6.693	-1.072E-4	3.894E-2
6.701	5.921E-4	3.906E-2
6.710	1.270E-3	3.904E-2
6.718	1.802E-3	3.884E-2
6.726	2.211E-3	3.855E-2
6.735	2.312E-3	3.819E-2
6.743	2.199E-3	3.780E-2
6.751	1.764E-3	3.744E-2
6.760	1.150E-3	3.715E-2
6.768	4.272E-4	3.699E-2
6.777	-3.114E-4	3.691E-2
6.785	-9.813E-4	3.697E-2
6.793	-1.492E-3	3.709E-2
6.802	-1.847E-3	3.729E-2
6.810	-1.929E-3	3.754E-2
6.818	-1.838E-3	3.781E-2
6.827	-1.457E-3	3.806E-2
6.835	-9.317E-4	3.831E-2
6.844	-2.328E-4	3.845E-2
6.852	5.173E-4	3.850E-2
6.860	1.278E-3	3.847E-2
6.869	1.910E-3	3.836E-2
6.877	2.326E-3	3.822E-2
6.885	2.487E-3	3.804E-2
6.894	2.336E-3	3.786E-2
6.902	1.900E-3	3.770E-2
6.911	1.277E-3	3.758E-2
6.919	4.920E-4	3.747E-2
6.927	-3.038E-4	3.743E-2
6.936	-1.019E-3	3.745E-2
6.944	-1.592E-3	3.746E-2
6.952	-1.947E-3	3.751E-2
6.961	-2.106E-3	3.757E-2
6.969	-1.948E-3	3.763E-2
6.978	-1.581E-3	3.772E-2
6.986	-1.052E-3	3.777E-2
6.994	-3.505E-4	3.783E-2
7.003	4.162E-4	3.790E-2
7.011	1.196E-3	3.793E-2
7.019	1.845E-3	3.793E-2
7.028	2.297E-3	3.798E-2
7.036	2.486E-3	3.801E-2
7.045	2.359E-3	3.804E-2
7.053	1.930E-3	3.804E-2
7.061	1.292E-3	3.804E-2
7.070	5.085E-4	3.801E-2
7.078	-2.885E-4	3.797E-2
7.087	-9.956E-4	3.791E-2
7.095	-1.560E-3	3.780E-2
7.103	-1.936E-3	3.768E-2
7.112	-2.089E-3	3.753E-2
7.120	-1.954E-3	3.741E-2
7.128	-1.626E-3	3.729E-2
7.137	-1.093E-3	3.722E-2
7.145	-4.137E-4	3.720E-2
7.154	3.397E-4	3.725E-2
7.162	1.086E-3	3.735E-2
7.170	1.744E-3	3.750E-2
7.179	2.222E-3	3.772E-2
7.187	2.433E-3	3.795E-2
7.195	2.297E-3	3.819E-2
7.204	1.924E-3	3.841E-2
7.212	1.327E-3	3.856E-2
7.221	6.139E-4	3.863E-2
7.229	-1.121E-4	3.863E-2
7.237	-7.746E-4	3.843E-2
7.246	-1.319E-3	3.819E-2
7.254	-1.686E-3	3.790E-2
7.262	-1.851E-3	3.755E-2
7.271	-1.730E-3	3.720E-2
7.279	-1.441E-3	3.694E-2
7.288	-9.603E-4	3.677E-2
7.296	-3.326E-4	3.672E-2
7.304	3.508E-4	3.674E-2
7.313	1.026E-3	3.697E-2
7.321	1.579E-3	3.726E-2
7.329	2.012E-3	3.766E-2
7.338	2.182E-3	3.810E-2
7.346	2.059E-3	3.854E-2
7.355	1.774E-3	3.889E-2
7.363	1.296E-3	3.912E-2
7.371	6.905E-4	3.921E-2
7.380	4.900E-5	3.916E-2
7.388	-5.244E-4	3.890E-2
7.396	-1.005E-3	3.852E-2
7.405	-1.341E-3	3.808E-2
7.413	-1.466E-3	3.758E-2
7.422	-1.433E-3	3.706E-2
7.430	-1.204E-3	3.662E-2
7.438	-8.194E-4	3.634E-2
7.447	-3.429E-4	3.624E-2
7.455	2.163E-4	3.634E-2
7.463	7.423E-4	3.659E-2
7.472	1.223E-3	3.702E-2
7.480	1.555E-3	3.757E-2
7.489	1.765E-3	3.815E-2
7.497	1.766E-3	3.873E-2
7.505	1.562E-3	3.915E-2
7.514	1.183E-3	3.945E-2
7.522	7.227E-4	3.958E-2
7.530	2.295E-4	3.947E-2
7.539	-2.374E-4	3.917E-2
7.547	-6.356E-4	3.865E-2
7.556	-9.437E-4	3.807E-2
7.564	-1.072E-3	3.744E-2
7.572	-1.118E-3	3.682E-2
7.581	-1.003E-3	3.631E-2
7.589	-7.367E-4	3.597E-2
7.597	-3.634E-4	3.590E-2
7.606	-1.202E-5	3.603E-2
7.614	3.871E-4	3.638E-2
7.623	7.774E-4	3.688E-2
7.631	1.057E-3	3.753E-2
7.639	1.242E-3	3.823E-2
7.648	1.280E-3	3.888E-2
7.656	1.198E-3	3.940E-2
7.664	1.031E-3	3.973E-2
7.673	7.220E-4	3.984E-2
7.681	3.969E-4	3.969E-2
7.690	1.270E-4	3.933E-2
7.698	-1.823E-4	3.875E-2
7.706	-4.351E-4	3.805E-2
7.715	-5.765E-4	3.735E-2
7.723	-6.684E-4	3.670E-2
7.732	-6.709E-4	3.615E-2
7.740	-5.582E-4	3.580E-2
7.748	-3.968E-4	3.572E-2
7.757	-2.102E-4	3.588E-2
7.765	1.903E-5	3.628E-2
7.773	2.414E-4	3.687E-2
7.782	4.575E-4	3.758E-2
7.790	6.499E-4	3.835E-2
7.799	7.819E-4	3.905E-2
7.807	8.281E-4	3.959E-2
7.815	8.458E-4	3.991E-2
7.824	8.251E-4	4.002E-2
7.832	6.857E-4	3.982E-2
7.840	5.341E-4	3.938E-2
7.849	3.476E-4	3.875E-2
7.857	1.603E-4	3.800E-2
7.866	-3.518E-5	3.725E-2
7.874	-1.910E-4	3.656E-2
7.882	-3.114E-4	3.603E-2
7.891	-4.062E-4	3.571E-2
7.899	-4.373E-4	3.564E-2
7.907	-4.508E-4	3.584E-2
7.916	-3.553E-4	3.629E-2
7.924	-2.695E-4	3.691E-2
7.933	-7.950E-5	3.767E-2
7.941	1.509E-4	3.843E-2
7.949	3.775E-4	3.911E-2
7.958	6.009E-4	3.961E-2
7.966	7.858E-4	3.990E-2
7.974	8.738E-4	3.992E-2
7.983	9.584E-4	3.973E-2
7.991	9.420E-4	3.929E-2
8.000	8.562E-4	3.866E-2
8.008	7.087E-4	3.793E-2
8.016	4.694E-4	3.720E-2
8.025	2.157E-4	3.656E-2
8.033	-5.953E-5	3.608E-2
8.041	-3.095E-4	3.579E-2
8.050	-5.254E-4	3.580E-2
8.058	-6.887E-4	3.603E-2
8.067	-7.456E-4	3.646E-2
8.075	-7.276E-4	3.705E-2
8.083	-5.509E-4	3.773E-2
8.092	-3.205E-4	3.844E-2
8.100	-3.892E-5	3.907E-2
8.108	3.026E-4	3.952E-2
8.117	6.429E-4	3.977E-2
8.125	9.611E-4	3.980E-2
8.134	1.202E-3	3.957E-2
8.142	1.334E-3	3.913E-2
8.150	1.342E-3	3.854E-2
8.159	1.258E-3	3.789E-2
8.167	9.605E-4	3.723E-2
8.175	5.999E-4	3.668E-2
8.184	1.933E-4	3.629E-2
8.192	-2.450E-4	3.607E-2
8.201	-6.432E-4	3.607E-2
8.209	-9.672E-4	3.631E-2
8.217	-1.154E-3	3.670E-2
8.226	-1.204E-3	3.723E-2
8.234	-1.086E-3	3.780E-2
8.242	-8.349E-4	3.838E-2
8.251	-4.914E-4	3.890E-2
8.259	-3.345E-5	3.927E-2
8.268	4.709E-4	3.947E-2
8.276	9.480E-4	3.949E-2
8.284	1.366E-3	3.930E-2
8.293	1.644E-3	3.892E-2
8.301	1.747E-3	3.840E-2
8.309	1.644E-3	3.788E-2
8.318	1.346E-3	3.736E-2
8.326	8.875E-4	3.694E-2
8.335	3.679E-4	3.663E-2
8.343	-2.139E-4	3.645E-2
8.351	-7.408E-4	3.648E-2
8.360	-1.188E-3	3.670E-2
8.368	-1.452E-3	3.702E-2
8.376	-1.530E-3	3.743E-2
8.385	-1.471E-3	3.789E-2
8.393	-1.203E-3	3.834E-2
8.402	-7.432E-4	3.871E-2
8.410	-1.935E-4	3.895E-2
8.418	4.257E-4	3.907E-2
8.427	1.051E-3	3.906E-2
8.435	1.585E-3	3.889E-2
8.444	1.992E-3	3.861E-2
8.452	2.109E-3	3.826E-2
8.460	2.034E-3	3.788E-2
8.469	1.714E-3	3.752E-2
8.477	1.155E-3	3.722E-2
8.485	5.017E-4	3.702E-2
8.494	-1.816E-4	3.692E-2
8.502	-7.933E-4	3.695E-2
8.511	-1.322E-3	3.706E-2
8.519	-1.698E-3	3.727E-2
8.527	-1.805E-3	3.751E-2
8.536	-1.719E-3	3.779E-2
8.544	-1.444E-3	3.803E-2
8.552	-9.693E-4	3.824E-2
8.561	-3.173E-4	3.840E-2
8.569	3.824E-4	3.845E-2
8.578	1.090E-3	3.844E-2
8.586	1.702E-3	3.837E-2
8.594	2.096E-3	3.822E-2
8.603	2.276E-3	3.803E-2
8.611	2.230E-3	3.785E-2
8.619	1.864E-3	3.769E-2
8.628	1.324E-3	3.754E-2
8.636	6.274E-4	3.745E-2
8.645	-9.381E-5	3.740E-2
8.653	-7.606E-4	3.742E-2
8.661	-1.341E-3	3.744E-2
8.670	-1.705E-3	3.751E-2
8.678	-1.883E-3	3.759E-2
8.686	-1.824E-3	3.771E-2
8.695	-1.517E-3	3.778E-2
8.703	-1.081E-3	3.785E-2
8.712	-4.532E-4	3.792E-2
8.720	2.699E-4	3.794E-2
8.728	9.799E-4	3.797E-2
8.737	1.620E-3	3.797E-2
8.745	2.065E-3	3.797E-2
8.753	2.276E-3	3.797E-2
8.762	2.232E-3	3.797E-2
8.770	1.889E-3	3.797E-2
8.779	1.338E-3	3.798E-2
8.787	6.363E-4	3.797E-2
8.795	-8.700E-5	3.796E-2
8.804	-7.535E-4	3.790E-2
8.812	-1.335E-3	3.785E-2
8.820	-1.710E-3	3.774E-2
8.829	-1.897E-3	3.764E-2
8.837	-1.835E-3	3.753E-2
8.846	-1.558E-3	3.745E-2
8.854	-1.128E-3	3.739E-2
8.862	-4.924E-4	3.737E-2
8.871	2.112E-4	3.740E-2
8.879	9.173E-4	3.750E-2
8.887	1.559E-3	3.762E-2
8.896	2.016E-3	3.781E-2
8.904	2.242E-3	3.797E-2
8.913	2.215E-3	3.819E-2
8.921	1.890E-3	3.837E-2
8.929	1.367E-3	3.848E-2
8.938	7.005E-4	3.855E-2
8.946	6.204E-6	3.855E-2
8.954	-6.446E-4	3.844E-2
8.963	-1.191E-3	3.824E-2
8.971	-1.551E-3	3.795E-2
8.980	-1.724E-3	3.767E-2
8.988	-1.682E-3	3.738E-2
8.996	-1.432E-3	3.715E-2
9.005	-9.988E-4	3.699E-2
9.013	-4.356E-4	3.691E-2
9.021	2.008E-4	3.693E-2
9.030	8.518E-4	3.709E-2
9.038	1.403E-3	3.732E-2
9.047	1.809E-3	3.765E-2
9.055	2.022E-3	3.801E-2
9.063	2.018E-3	3.837E-2
9.072	1.776E-3	3.871E-2
9.080	1.329E-3	3.892E-2
9.088	7.610E-4	3.903E-2
9.097	1.690E-4	3.901E-2
9.105	-4.163E-4	3.885E-2
9.114	-8.996E-4	3.854E-2
9.122	-1.232E-3	3.814E-2
9.130	-1.417E-3	3.768E-2
9.139	-1.412E-3	3.723E-2
9.147	-1.204E-3	3.685E-2
9.156	-8.630E-4	3.656E-2
9.164	-4.292E-4	3.643E-2
9.172	1.076E-4	3.651E-2
9.181	6.064E-4	3.673E-2
9.189	1.098E-3	3.709E-2
9.197	1.472E-3	3.754E-2
9.206	1.617E-3	3.803E-2
9.214	1.614E-3	3.853E-2
9.223	1.456E-3	3.900E-2
9.231	1.119E-3	3.933E-2
9.239	6.908E-4	3.945E-2
9.248	2.278E-4	3.941E-2
9.256	-2.219E-4	3.915E-2
9.264	-5.988E-4	3.871E-2
9.273	-9.047E-4	3.817E-2
9.281	-1.095E-3	3.756E-2
9.290	-1.120E-3	3.698E-2
9.298	-1.033E-3	3.652E-2
9.306	-7.701E-4	3.619E-2
9.315	-4.373E-4	3.606E-2
9.323	-6.391E-5	3.610E-2
9.331	3.505E-4	3.639E-2
9.340	7.031E-4	3.686E-2
9.348	1.021E-3	3.744E-2
9.357	1.154E-3	3.807E-2
9.365	1.222E-3	3.868E-2
9.373	1.131E-3	3.918E-2
9.382	9.602E-4	3.953E-2
9.390	6.999E-4	3.966E-2
9.398	4.006E-4	3.955E-2
9.407	1.191E-4	3.926E-2
9.415	-1.687E-4	3.879E-2
9.424	-4.232E-4	3.816E-2
9.432	-5.820E-4	3.747E-2
9.440	-6.974E-4	3.683E-2
9.449	-6.936E-4	3.630E-2
9.457	-6.218E-4	3.596E-2
9.465	-4.677E-4	3.583E-2
9.474	-2.507E-4	3.593E-2
9.482	-8.779E-6	3.627E-2
9.491	2.244E-4	3.679E-2
9.499	4.430E-4	3.746E-2
9.507	6.326E-4	3.816E-2
9.516	7.482E-4	3.881E-2
9.524	7.994E-4	3.935E-2
9.532	7.430E-4	3.970E-2
9.541	6.838E-4	3.983E-2
9.549	5.616E-4	3.971E-2
9.558	3.784E-4	3.935E-2
9.566	2.158E-4	3.882E-2
9.574	3.498E-5	3.817E-2
9.583	-1.527E-4	3.744E-2
9.591	-2.985E-4	3.677E-2
9.599	-4.137E-4	3.623E-2
9.608	-4.815E-4	3.591E-2
9.616	-4.895E-4	3.582E-2
9.625	-4.579E-4	3.594E-2
9.633	-3.951E-4	3.631E-2
9.641	-2.635E-4	3.686E-2
9.650	-8.136E-5	3.754E-2
9.658	1.114E-4	3.824E-2
9.666	2.585E-4	3.886E-2
9.675	4.400E-4	3.937E-2
9.683	6.136E-4	3.970E-2
9.692	7.193E-4	3.982E-2
9.700	7.621E-4	3.964E-2
9.708	7.334E-4	3.926E-2
9.717	6.775E-4	3.872E-2
9.725	5.186E-4	3.803E-2
9.733	3.376E-4	3.733E-2
9.742	8.972E-5	3.668E-2
9.750	-1.795E-4	3.620E-2
9.759	-4.133E-4	3.593E-2
9.767	-6.022E-4	3.587E-2
9.775	-7.474E-4	3.604E-2
9.784	-7.749E-4	3.639E-2
9.792	-7.433E-4	3.694E-2
9.800	-6.622E-4	3.760E-2
9.809	-4.617E-4	3.827E-2
9.817	-2.121E-4	3.885E-2
9.826	1.196E-4	3.931E-2
9.834	4.427E-4	3.958E-2
9.842	7.206E-4	3.962E-2
9.851	9.490E-4	3.945E-2
9.859	1.105E-3	3.912E-2
9.868	1.133E-3	3.859E-2
9.876	1.053E-3	3.800E-2
9.884	8.456E-4	3.734E-2
9.893	5.778E-4	3.677E-2
9.901	1.749E-4	3.635E-2
9.909	-2.049E-4	3.611E-2
9.918	-5.571E-4	3.608E-2
9.926	-8.039E-4	3.626E-2
9.935	-1.000E-3	3.660E-2
9.943	-1.022E-3	3.708E-2
9.951	-9.605E-4	3.764E-2
9.960	-7.339E-4	3.823E-2
9.968	-4.176E-4	3.872E-2
9.976	-2.319E-5	3.908E-2
9.985	4.258E-4	3.931E-2
9.993	8.687E-4	3.933E-2
10.002	1.291E-3	3.915E-2
10.010	1.551E-3	3.883E-2
10.018	1.635E-3	3.840E-2
10.027	1.574E-3	3.790E-2
10.035	1.340E-3	3.741E-2
10.043	9.379E-4	3.697E-2
10.052	4.508E-4	3.663E-2
10.060	-5.619E-5	3.646E-2
10.069	-5.278E-4	3.648E-2
10.077	-9.493E-4	3.660E-2
10.085	-1.220E-3	3.689E-2
10.094	-1.365E-3	3.730E-2
10.102	-1.303E-3	3.773E-2
10.110	-1.096E-3	3.817E-2
10.119	-7.396E-4	3.854E-2
10.127	-2.338E-4	3.885E-2
10.136	3.100E-4	3.900E-2
10.144	8.544E-4	3.903E-2
10.152	1.369E-3	3.890E-2
10.161	1.762E-3	3.865E-2
10.169	1.951E-3	3.830E-2
10.177	1.848E-3	3.795E-2
10.186	1.582E-3	3.759E-2
10.194	1.142E-3	3.730E-2
10.203	5.823E-4	3.705E-2
10.211	-4.162E-5	3.694E-2
10.219	-6.260E-4	3.695E-2
10.228	-1.143E-3	3.705E-2
10.236	-1.472E-3	3.724E-2
10.244	-1.641E-3	3.748E-2
10.253	-1.601E-3	3.776E-2
10.261	-1.383E-3	3.802E-2
10.270	-9.676E-4	3.824E-2
10.278	-4.085E-4	3.841E-2
10.286	2.144E-4	3.849E-2
10.295	8.616E-4	3.846E-2
10.303	1.434E-3	3.840E-2
10.311	1.853E-3	3.826E-2
10.320	2.059E-3	3.807E-2
10.328	2.035E-3	3.789E-2
10.337	1.781E-3	3.772E-2
10.345	1.314E-3	3.754E-2
10.353	6.802E-4	3.744E-2
10.362	-4.092E-6	3.740E-2
10.370	-6.525E-4	3.738E-2
10.378	-1.199E-3	3.744E-2
10.387	-1.566E-3	3.750E-2
10.395	-1.728E-3	3.758E-2
10.404	-1.701E-3	3.769E-2
10.412	-1.444E-3	3.779E-2
10.420	-1.019E-3	3.788E-2
10.429	-4.519E-4	3.794E-2
10.437	2.153E-4	3.798E-2
10.445	8.910E-4	3.798E-2
10.454	1.512E-3	3.798E-2
10.462	2.000E-3	3.797E-2
10.471	2.244E-3	3.796E-2
10.479	2.233E-3	3.794E-2
10.487	1.949E-3	3.793E-2
10.496	1.423E-3	3.793E-2
10.504	7.824E-4	3.791E-2
10.512	6.570E-5	3.792E-2
10.521	-5.829E-4	3.787E-2
10.529	-1.185E-3	3.782E-2
10.538	-1.552E-3	3.777E-2
10.546	-1.732E-3	3.769E-2
10.554	-1.701E-3	3.761E-2
10.563	-1.464E-3	3.756E-2
10.571	-1.049E-3	3.750E-2
10.580	-5.056E-4	3.746E-2
10.588	1.669E-4	3.748E-2
10.596	8.305E-4	3.752E-2
10.605	1.434E-3	3.762E-2
10.613	1.853E-3	3.776E-2
10.621	2.082E-3	3.793E-2
10.630	2.068E-3	3.811E-2
10.638	1.817E-3	3.826E-2
10.647	1.370E-3	3.837E-2
10.655	7.517E-4	3.842E-2
10.663	1.197E-4	3.841E-2
10.672	-4.952E-4	3.834E-2
10.680	-1.012E-3	3.818E-2
10.688	-1.403E-3	3.796E-2
10.697	-1.602E-3	3.772E-2
10.705	-1.605E-3	3.747E-2
10.714	-1.401E-3	3.725E-2
10.722	-1.020E-3	3.706E-2
10.730	-4.892E-4	3.697E-2
10.739	1.214E-4	3.699E-2
10.747	7.168E-4	3.708E-2
10.755	1.282E-3	3.728E-2
10.764	1.708E-3	3.754E-2
10.772	1.885E-3	3.788E-2
10.781	1.871E-3	3.821E-2
10.789	1.674E-3	3.848E-2
10.797	1.284E-3	3.870E-2
10.806	7.751E-4	3.883E-2
10.814	1.875E-4	3.884E-2
10.822	-3.410E-4	3.869E-2
10.831	-7.798E-4	3.841E-2
10.839	-1.144E-3	3.806E-2
10.848	-1.328E-3	3.770E-2
10.856	-1.356E-3	3.729E-2
10.864	-1.213E-3	3.694E-2
10.873	-9.025E-4	3.667E-2
10.881	-4.738E-4	3.656E-2
10.889	1.604E-5	3.657E-2
10.898	5.168E-4	3.674E-2
10.906	9.634E-4	3.704E-2
10.915	1.325E-3	3.745E-2
10.923	1.540E-3	3.792E-2
10.931	1.561E-3	3.839E-2
10.940	1.454E-3	3.881E-2
10.948	1.143E-3	3.911E-2
10.956	7.476E-4	3.927E-2
10.965	2.810E-4	3.926E-2
10.973	-1.755E-4	3.906E-2
10.982	-5.543E-4	3.870E-2
10.990	-8.013E-4	3.822E-2
10.998	-1.000E-3	3.769E-2
11.007	-1.002E-3	3.718E-2
11.015	-9.298E-4	3.674E-2
11.023	-7.181E-4	3.641E-2
11.032	-4.044E-4	3.624E-2
11.040	-5.370E-5	3.630E-2
11.049	3.635E-4	3.652E-2
11.057	6.948E-4	3.691E-2
11.065	9.900E-4	3.743E-2
11.074	1.147E-3	3.801E-2
11.082	1.231E-3	3.857E-2
11.090	1.144E-3	3.906E-2
11.099	9.755E-4	3.940E-2
11.107	7.200E-4	3.955E-2
11.116	4.182E-4	3.950E-2
11.124	1.386E-4	3.927E-2
11.132	-1.373E-4	3.884E-2
11.141	-4.020E-4	3.827E-2
11.149	-5.724E-4	3.764E-2
11.157	-6.391E-4	3.706E-2
11.166	-6.514E-4	3.655E-2
11.174	-5.707E-4	3.618E-2
11.183	-3.903E-4	3.601E-2
11.191	-1.996E-4	3.609E-2
11.199	3.215E-5	3.637E-2
11.208	2.553E-4	3.681E-2
11.216	4.598E-4	3.737E-2
11.224	6.379E-4	3.802E-2
11.233	7.499E-4	3.865E-2
11.241	7.473E-4	3.916E-2
11.250	7.349E-4	3.951E-2
11.258	6.732E-4	3.965E-2
11.266	5.236E-4	3.956E-2
11.275	3.713E-4	3.928E-2
11.283	2.029E-4	3.881E-2
11.292	3.277E-5	3.821E-2
11.300	-1.497E-4	3.752E-2
11.308	-2.837E-4	3.690E-2
11.317	-3.607E-4	3.640E-2
11.325	-4.505E-4	3.606E-2
11.333	-4.542E-4	3.594E-2
11.342	-4.157E-4	3.600E-2
11.350	-3.170E-4	3.634E-2
11.359	-1.989E-4	3.681E-2
11.367	-2.935E-5	3.740E-2
11.375	1.384E-4	3.808E-2
11.384	3.133E-4	3.873E-2
11.392	4.557E-4	3.920E-2
11.400	5.959E-4	3.954E-2
11.409	6.966E-4	3.965E-2
11.417	7.324E-4	3.954E-2
11.426	7.024E-4	3.924E-2
11.434	6.326E-4	3.875E-2
11.442	5.117E-4	3.816E-2
11.451	3.397E-4	3.750E-2
11.459	1.358E-4	3.690E-2
11.467	-5.579E-5	3.645E-2
11.476	-2.415E-4	3.613E-2
11.484	-4.057E-4	3.602E-2
11.493	-5.393E-4	3.613E-2
11.501	-5.362E-4	3.647E-2
11.509	-5.368E-4	3.697E-2
11.518	-4.377E-4	3.754E-2
11.526	-2.747E-4	3.814E-2
11.534	-4.910E-5	3.872E-2
11.543	2.122E-4	3.917E-2
11.551	4.803E-4	3.945E-2
11.560	7.243E-4	3.957E-2
11.568	9.178E-4	3.945E-2
11.576	1.066E-3	3.915E-2
11.585	1.093E-3	3.866E-2
11.593	1.062E-3	3.808E-2
11.601	8.626E-4	3.750E-2
11.610	6.237E-4	3.697E-2
11.618	2.985E-4	3.654E-2
11.627	-5.306E-5	3.628E-2
11.635	-3.346E-4	3.622E-2
11.643	-6.010E-4	3.635E-2
11.652	-7.717E-4	3.664E-2
11.660	-8.198E-4	3.707E-2
11.668	-7.824E-4	3.759E-2
11.677	-6.513E-4	3.814E-2
11.685	-3.632E-4	3.865E-2
11.694	-4.768E-5	3.903E-2
11.702	3.736E-4	3.927E-2
11.710	7.729E-4	3.934E-2
11.719	1.104E-3	3.922E-2
11.727	1.347E-3	3.895E-2
11.735	1.508E-3	3.852E-2
11.744	1.455E-3	3.806E-2
11.752	1.270E-3	3.757E-2
11.761	8.832E-4	3.709E-2
11.769	4.627E-4	3.675E-2
11.777	6.980E-7	3.656E-2
11.786	-4.530E-4	3.652E-2
11.794	-7.979E-4	3.662E-2
11.802	-1.073E-3	3.688E-2
11.811	-1.235E-3	3.722E-2
11.819	-1.201E-3	3.765E-2
11.828	-1.006E-3	3.807E-2
11.836	-6.897E-4	3.847E-2
11.844	-2.488E-4	3.875E-2
11.853	2.440E-4	3.894E-2
11.861	7.407E-4	3.894E-2
11.869	1.198E-3	3.885E-2
11.878	1.551E-3	3.862E-2
11.886	1.761E-3	3.832E-2
11.895	1.775E-3	3.797E-2
11.903	1.558E-3	3.760E-2
11.911	1.161E-3	3.730E-2
11.920	6.574E-4	3.704E-2
11.928	1.185E-4	3.693E-2
11.936	-4.266E-4	3.693E-2
11.945	-9.234E-4	3.701E-2
11.953	-1.248E-3	3.720E-2
11.962	-1.429E-3	3.744E-2
11.970	-1.428E-3	3.773E-2
11.978	-1.214E-3	3.799E-2
11.987	-8.752E-4	3.822E-2
11.995	-4.094E-4	3.841E-2
12.004	1.719E-4	3.850E-2
12.012	7.650E-4	3.848E-2
12.020	1.304E-3	3.842E-2
12.029	1.751E-3	3.831E-2
12.037	2.001E-3	3.814E-2
12.045	2.014E-3	3.794E-2
12.054	1.798E-3	3.773E-2
12.062	1.366E-3	3.754E-2
12.071	8.116E-4	3.743E-2
12.079	2.111E-4	3.735E-2
12.087	-4.128E-4	3.731E-2
12.096	-9.499E-4	3.733E-2
12.104	-1.344E-3	3.740E-2
12.112	-1.574E-3	3.751E-2
12.121	-1.575E-3	3.765E-2
12.129	-1.414E-3	3.776E-2
12.138	-1.014E-3	3.787E-2
12.146	-4.913E-4	3.795E-2
12.154	1.233E-4	3.800E-2
12.163	7.554E-4	3.799E-2
12.171	1.332E-3	3.799E-2
12.179	1.786E-3	3.797E-2
12.188	2.039E-3	3.794E-2
12.196	2.047E-3	3.791E-2
12.205	1.823E-3	3.789E-2
12.213	1.401E-3	3.790E-2
12.221	8.345E-4	3.786E-2
12.230	2.071E-4	3.785E-2
12.238	-4.185E-4	3.782E-2
12.246	-9.618E-4	3.780E-2
12.255	-1.366E-3	3.774E-2
12.263	-1.594E-3	3.771E-2
12.272	-1.609E-3	3.765E-2
12.280	-1.440E-3	3.761E-2
12.288	-1.040E-3	3.760E-2
12.297	-5.190E-4	3.761E-2
12.305	6.211E-5	3.763E-2
12.313	6.758E-4	3.765E-2
12.322	1.275E-3	3.775E-2
12.330	1.752E-3	3.787E-2
12.339	2.017E-3	3.798E-2
12.347	2.026E-3	3.810E-2
12.355	1.826E-3	3.822E-2
12.364	1.417E-3	3.832E-2
12.372	8.708E-4	3.836E-2
12.380	2.632E-4	3.839E-2
12.389	-3.251E-4	3.834E-2
12.397	-8.232E-4	3.822E-2
12.406	-1.228E-3	3.802E-2
12.414	-1.442E-3	3.781E-2
12.422	-1.439E-3	3.756E-2
12.431	-1.246E-3	3.735E-2
12.439	-9.597E-4	3.719E-2
12.447	-4.826E-4	3.709E-2
12.456	6.232E-5	3.707E-2
12.464	6.317E-4	3.715E-2
12.473	1.162E-3	3.732E-2
12.481	1.568E-3	3.753E-2
12.489	1.814E-3	3.780E-2
12.498	1.834E-3	3.809E-2
12.506	1.674E-3	3.838E-2
12.514	1.318E-3	3.860E-2
12.523	8.542E-4	3.871E-2
12.531	3.202E-4	3.869E-2
12.540	-2.264E-4	3.860E-2
12.548	-7.000E-4	3.840E-2
12.556	-1.026E-3	3.812E-2
12.565	-1.224E-3	3.776E-2
12.573	-1.217E-3	3.741E-2
12.581	-1.134E-3	3.707E-2
12.590	-8.361E-4	3.682E-2
12.598	-4.812E-4	3.666E-2
12.607	-2.113E-5	3.668E-2
12.615	4.690E-4	3.681E-2
12.623	9.172E-4	3.705E-2
12.632	1.306E-3	3.742E-2
12.640	1.538E-3	3.784E-2
12.649	1.579E-3	3.826E-2
12.657	1.481E-3	3.863E-2
12.665	1.175E-3	3.891E-2
12.674	8.208E-4	3.909E-2
12.682	3.984E-4	3.909E-2
12.690	-3.045E-5	3.893E-2
12.699	-4.215E-4	3.863E-2
12.707	-7.261E-4	3.822E-2
12.716	-9.173E-4	3.774E-2
12.724	-9.792E-4	3.726E-2
12.732	-8.839E-4	3.683E-2
12.741	-7.193E-4	3.653E-2
12.749	-4.293E-4	3.635E-2
12.757	-7.508E-5	3.634E-2
12.766	3.057E-4	3.652E-2
12.774	6.369E-4	3.685E-2
12.783	9.272E-4	3.728E-2
12.791	1.116E-3	3.780E-2
12.799	1.191E-3	3.832E-2
12.808	1.134E-3	3.879E-2
12.816	1.029E-3	3.915E-2
12.824	7.331E-4	3.932E-2
12.833	4.339E-4	3.933E-2
12.841	1.405E-4	3.912E-2
12.850	-1.140E-4	3.874E-2
12.858	-3.266E-4	3.828E-2
12.866	-5.145E-4	3.773E-2
12.875	-5.506E-4	3.719E-2
12.883	-5.391E-4	3.670E-2
12.891	-4.901E-4	3.636E-2
12.900	-2.999E-4	3.617E-2
12.908	-7.285E-5	3.616E-2
12.917	1.712E-4	3.637E-2
12.925	4.044E-4	3.677E-2
12.933	6.282E-4	3.729E-2
12.942	7.903E-4	3.788E-2
12.950	8.750E-4	3.846E-2
12.958	8.962E-4	3.893E-2
12.967	8.809E-4	3.931E-2
12.975	8.233E-4	3.948E-2
12.984	6.696E-4	3.950E-2
12.992	4.802E-4	3.923E-2
13.000	2.901E-4	3.884E-2
13.009	1.335E-4	3.830E-2
13.017	-3.968E-5	3.773E-2
13.025	-1.707E-4	3.712E-2
13.034	-2.705E-4	3.658E-2
13.042	-2.756E-4	3.622E-2
13.051	-2.800E-4	3.608E-2
13.059	-2.403E-4	3.613E-2
13.067	-1.246E-4	3.636E-2
13.076	-4.432E-5	3.678E-2
13.084	1.517E-4	3.735E-2
13.092	2.609E-4	3.795E-2
13.101	4.108E-4	3.854E-2
13.109	5.763E-4	3.905E-2
13.118	6.325E-4	3.940E-2
13.126	6.971E-4	3.953E-2
13.134	7.135E-4	3.952E-2
13.143	7.006E-4	3.923E-2
13.151	6.165E-4	3.881E-2
13.159	4.881E-4	3.826E-2
13.168	3.653E-4	3.765E-2
13.176	1.907E-4	3.707E-2
13.185	7.785E-6	3.657E-2
13.193	-1.356E-4	3.624E-2
13.201	-3.055E-4	3.612E-2
13.210	-3.622E-4	3.617E-2
13.218	-4.658E-4	3.641E-2
13.226	-4.505E-4	3.683E-2
13.235	-3.398E-4	3.739E-2
13.243	-2.032E-4	3.799E-2
13.252	-2.120E-5	3.855E-2
13.260	2.006E-4	3.903E-2
13.268	4.326E-4	3.933E-2
13.277	6.582E-4	3.944E-2
13.285	8.455E-4	3.940E-2
13.293	9.697E-4	3.911E-2
13.302	1.003E-3	3.868E-2
13.310	8.997E-4	3.815E-2
13.319	7.693E-4	3.759E-2
13.327	5.148E-4	3.709E-2
13.335	2.237E-4	3.664E-2
13.344	-6.128E-5	3.634E-2
13.352	-3.259E-4	3.626E-2
13.361	-5.468E-4	3.634E-2
13.369	-7.177E-4	3.659E-2
13.377	-7.632E-4	3.699E-2
13.386	-7.372E-4	3.748E-2
13.394	-5.522E-4	3.800E-2
13.402	-3.113E-4	3.847E-2
13.411	-4.433E-6	3.887E-2
13.419	3.561E-4	3.911E-2
13.428	6.843E-4	3.919E-2
13.436	1.042E-3	3.910E-2
13.444	1.291E-3	3.885E-2
13.453	1.377E-3	3.845E-2
13.461	1.364E-3	3.799E-2
13.469	1.187E-3	3.752E-2
13.478	8.974E-4	3.708E-2
13.486	5.401E-4	3.675E-2
13.495	1.359E-4	3.653E-2
13.503	-2.835E-4	3.649E-2
13.511	-6.386E-4	3.656E-2
13.520	-9.321E-4	3.680E-2
13.528	-1.027E-3	3.712E-2
13.536	-1.010E-3	3.750E-2
13.545	-8.821E-4	3.794E-2
13.553	-6.106E-4	3.835E-2
13.562	-2.563E-4	3.864E-2
13.570	1.969E-4	3.884E-2
13.578	6.594E-4	3.888E-2
13.587	1.099E-3	3.883E-2
13.595	1.424E-3	3.861E-2
13.603	1.592E-3	3.832E-2
13.612	1.602E-3	3.797E-2
13.620	1.463E-3	3.763E-2
13.629	1.120E-3	3.732E-2
13.637	6.676E-4	3.706E-2
13.645	1.673E-4	3.691E-2
13.654	-3.224E-4	3.693E-2
13.662	-7.516E-4	3.699E-2
13.670	-1.089E-3	3.716E-2
13.679	-1.256E-3	3.741E-2
13.687	-1.257E-3	3.769E-2
13.696	-1.143E-3	3.797E-2
13.704	-8.060E-4	3.821E-2
13.712	-3.570E-4	3.841E-2
13.721	1.437E-4	3.853E-2
13.729	6.753E-4	3.858E-2
13.737	1.168E-3	3.854E-2
13.746	1.570E-3	3.842E-2
13.754	1.808E-3	3.821E-2
13.763	1.826E-3	3.798E-2
13.771	1.707E-3	3.777E-2
13.779	1.309E-3	3.757E-2
13.788	8.193E-4	3.742E-2
13.796	2.484E-4	3.734E-2
13.804	-3.060E-4	3.731E-2
13.813	-7.889E-4	3.729E-2
13.821	-1.182E-3	3.739E-2
13.830	-1.404E-3	3.752E-2
13.838	-1.430E-3	3.765E-2
13.846	-1.251E-3	3.778E-2
13.855	-9.507E-4	3.791E-2
13.863	-4.783E-4	3.800E-2
13.871	7.022E-5	3.804E-2
13.880	6.486E-4	3.805E-2
13.888	1.187E-3	3.808E-2
13.897	1.603E-3	3.805E-2
13.905	1.850E-3	3.801E-2
13.913	1.907E-3	3.791E-2
13.922	1.767E-3	3.787E-2
13.930	1.374E-3	3.784E-2
13.938	8.662E-4	3.783E-2
13.947	2.731E-4	3.781E-2
13.955	-2.998E-4	3.777E-2
13.964	-7.970E-4	3.775E-2
13.972	-1.206E-3	3.770E-2
13.980	-1.430E-3	3.768E-2
13.989	-1.448E-3	3.767E-2
13.997	-1.305E-3	3.765E-2
14.005	-9.971E-4	3.765E-2
14.014	-5.214E-4	3.766E-2
14.022	1.980E-5	3.768E-2
14.031	6.063E-4	3.771E-2
14.039	1.155E-3	3.775E-2
14.047	1.582E-3	3.781E-2
14.056	1.833E-3	3.791E-2
14.064	1.885E-3	3.799E-2
14.073	1.758E-3	3.809E-2
14.081	1.391E-3	3.818E-2
14.089	8.893E-4	3.822E-2
14.098	3.392E-4	3.820E-2
14.106	-2.577E-4	3.816E-2
14.114	-7.505E-4	3.808E-2
14.123	-1.144E-3	3.795E-2
14.131	-1.378E-3	3.777E-2
14.140	-1.430E-3	3.760E-2
14.148	-1.252E-3	3.746E-2
14.156	-9.771E-4	3.731E-2
14.165	-5.270E-4	3.723E-2
14.173	-1.299E-5	3.723E-2
14.181	5.410E-4	3.726E-2
14.190	1.031E-3	3.738E-2
14.198	1.407E-3	3.758E-2
14.207	1.659E-3	3.779E-2
14.215	1.741E-3	3.802E-2
14.223	1.588E-3	3.824E-2
14.232	1.304E-3	3.843E-2
14.240	8.632E-4	3.856E-2
14.248	3.858E-4	3.860E-2
14.257	-1.021E-4	3.854E-2
14.265	-5.424E-4	3.838E-2
14.274	-9.171E-4	3.814E-2
14.282	-1.147E-3	3.784E-2
14.290	-1.199E-3	3.753E-2
14.299	-1.082E-3	3.725E-2
14.307	-8.368E-4	3.701E-2
14.315	-5.048E-4	3.685E-2
14.324	-5.288E-5	3.682E-2
14.332	4.150E-4	3.687E-2
14.341	8.676E-4	3.707E-2
14.349	1.228E-3	3.736E-2
14.357	1.426E-3	3.773E-2
14.366	1.518E-3	3.814E-2
14.374	1.399E-3	3.847E-2
14.382	1.162E-3	3.875E-2
14.391	8.293E-4	3.893E-2
14.399	4.214E-4	3.893E-2
14.408	1.490E-6	3.884E-2
14.416	-3.492E-4	3.861E-2
14.424	-7.019E-4	3.823E-2
14.433	-8.722E-4	3.780E-2
14.441	-9.800E-4	3.735E-2
14.449	-9.002E-4	3.697E-2
14.458	-7.342E-4	3.668E-2
14.466	-4.629E-4	3.652E-2
14.475	-9.683E-5	3.653E-2
14.483	2.525E-4	3.663E-2
14.491	6.116E-4	3.691E-2
14.500	8.908E-4	3.730E-2
14.508	1.102E-3	3.774E-2
14.516	1.170E-3	3.821E-2
14.525	1.130E-3	3.866E-2
14.533	1.028E-3	3.899E-2
14.542	7.523E-4	3.918E-2
14.550	4.455E-4	3.917E-2
14.558	1.610E-4	3.903E-2
14.567	-1.017E-4	3.874E-2
14.575	-3.199E-4	3.826E-2
14.583	-5.077E-4	3.774E-2
14.592	-5.488E-4	3.723E-2
14.600	-5.337E-4	3.679E-2
14.609	-4.899E-4	3.647E-2
14.617	-3.011E-4	3.629E-2
14.625	-7.355E-5	3.630E-2
14.634	1.701E-4	3.648E-2
14.642	4.044E-4	3.682E-2
14.650	6.326E-4	3.727E-2
14.659	7.886E-4	3.779E-2
14.667	8.743E-4	3.831E-2
14.676	8.897E-4	3.881E-2
14.684	8.879E-4	3.917E-2
14.692	7.672E-4	3.935E-2
14.701	6.231E-4	3.934E-2
14.709	4.283E-4	3.915E-2
14.717	2.361E-4	3.880E-2
14.726	7.101E-5	3.832E-2
14.734	-9.788E-5	3.776E-2
14.743	-2.135E-4	3.720E-2
14.751	-2.796E-4	3.674E-2
14.759	-2.881E-4	3.638E-2
14.768	-2.736E-4	3.619E-2
14.776	-2.182E-4	3.617E-2
14.785	-1.377E-4	3.638E-2
14.793	-1.206E-5	3.676E-2
14.801	1.595E-4	3.726E-2
14.810	2.939E-4	3.781E-2
14.818	4.073E-4	3.835E-2
14.826	5.366E-4	3.885E-2
14.835	6.062E-4	3.921E-2
14.843	6.565E-4	3.936E-2
14.852	6.596E-4	3.932E-2
14.860	6.353E-4	3.911E-2
14.868	5.909E-4	3.876E-2
14.877	4.448E-4	3.825E-2
14.885	3.521E-4	3.767E-2
14.893	1.922E-4	3.711E-2
14.902	2.254E-5	3.664E-2
14.910	-8.240E-5	3.630E-2
14.919	-2.282E-4	3.615E-2
14.927	-2.907E-4	3.618E-2
14.935	-2.948E-4	3.640E-2
14.944	-2.845E-4	3.679E-2
14.952	-2.337E-4	3.729E-2
14.960	-6.112E-5	3.783E-2
14.969	1.203E-4	3.838E-2
14.977	2.808E-4	3.884E-2
14.986	4.539E-4	3.917E-2
14.994	6.509E-4	3.930E-2
15.002	8.400E-4	3.927E-2
15.011	8.958E-4	3.906E-2
15.019	9.099E-4	3.868E-2
15.027	8.770E-4	3.819E-2
15.036	7.449E-4	3.767E-2
15.044	5.634E-4	3.716E-2
15.053	2.843E-4	3.675E-2
15.061	6.898E-6	3.648E-2
15.069	-2.401E-4	3.636E-2
15.078	-4.571E-4	3.640E-2
15.086	-5.716E-4	3.660E-2
15.094	-5.729E-4	3.698E-2
15.103	-5.538E-4	3.745E-2
15.111	-4.727E-4	3.794E-2
15.120	-2.775E-4	3.840E-2
15.128	-1.471E-5	3.880E-2
15.136	2.968E-4	3.907E-2
15.145	6.119E-4	3.918E-2
15.153	8.861E-4	3.910E-2
15.161	1.114E-3	3.887E-2
15.170	1.233E-3	3.855E-2
15.178	1.204E-3	3.815E-2
15.187	1.085E-3	3.768E-2
15.195	8.508E-4	3.726E-2
15.203	5.289E-4	3.690E-2
15.212	1.443E-4	3.670E-2
15.220	-2.122E-4	3.663E-2
15.228	-5.293E-4	3.666E-2
15.237	-7.573E-4	3.682E-2
15.245	-9.287E-4	3.714E-2
15.254	-9.365E-4	3.754E-2
15.262	-7.799E-4	3.795E-2
15.270	-5.447E-4	3.833E-2
15.279	-2.307E-4	3.862E-2
15.287	1.748E-4	3.883E-2
15.295	6.150E-4	3.889E-2
15.304	1.006E-3	3.886E-2
15.312	1.316E-3	3.866E-2
15.321	1.517E-3	3.839E-2
15.329	1.568E-3	3.805E-2
15.337	1.400E-3	3.772E-2
15.346	1.129E-3	3.739E-2
15.354	7.178E-4	3.716E-2
15.362	2.497E-4	3.701E-2
15.371	-2.150E-4	3.696E-2
15.379	-6.353E-4	3.701E-2
15.388	-9.794E-4	3.716E-2
15.396	-1.161E-3	3.741E-2
15.404	-1.179E-3	3.770E-2
15.413	-1.068E-3	3.797E-2
15.421	-7.951E-4	3.821E-2
15.429	-4.289E-4	3.841E-2
15.438	2.189E-5	3.855E-2
15.446	5.063E-4	3.861E-2
15.455	9.761E-4	3.859E-2
15.463	1.349E-3	3.842E-2
15.471	1.591E-3	3.824E-2
15.480	1.657E-3	3.801E-2
15.488	1.531E-3	3.778E-2
15.497	1.235E-3	3.758E-2
15.505	7.559E-4	3.741E-2
15.513	2.275E-4	3.731E-2
15.522	-2.820E-4	3.728E-2
15.530	-7.373E-4	3.728E-2
15.538	-1.100E-3	3.738E-2
15.547	-1.335E-3	3.750E-2
15.555	-1.402E-3	3.767E-2
15.564	-1.275E-3	3.781E-2
15.572	-1.023E-3	3.793E-2
15.580	-5.784E-4	3.804E-2
15.589	-5.960E-5	3.809E-2
15.597	4.709E-4	3.813E-2
15.605	9.977E-4	3.814E-2
15.614	1.405E-3	3.811E-2
15.622	1.677E-3	3.804E-2
15.631	1.751E-3	3.795E-2
15.639	1.625E-3	3.789E-2
15.647	1.306E-3	3.784E-2
15.656	8.580E-4	3.783E-2
15.664	3.323E-4	3.776E-2
15.672	-2.573E-4	3.772E-2
15.681	-7.285E-4	3.772E-2
15.689	-1.126E-3	3.770E-2
15.698	-1.362E-3	3.770E-2
15.706	-1.439E-3	3.770E-2
15.714	-1.300E-3	3.770E-2
15.723	-1.035E-3	3.770E-2
15.731	-6.002E-4	3.771E-2
15.739	-1.045E-4	3.772E-2
15.748	4.444E-4	3.774E-2
15.756	9.658E-4	3.777E-2
15.765	1.390E-3	3.779E-2
15.773	1.680E-3	3.788E-2
15.781	1.752E-3	3.795E-2
15.790	1.629E-3	3.801E-2
15.798	1.328E-3	3.807E-2
15.806	8.766E-4	3.814E-2
15.815	3.698E-4	3.815E-2
15.823	-1.546E-4	3.813E-2
15.832	-6.618E-4	3.806E-2
15.840	-1.034E-3	3.796E-2
15.848	-1.244E-3	3.784E-2
15.857	-1.288E-3	3.770E-2
15.865	-1.230E-3	3.756E-2
15.873	-9.618E-4	3.744E-2
15.882	-5.453E-4	3.738E-2
15.890	-5.631E-5	3.736E-2
15.899	4.462E-4	3.742E-2
15.907	9.276E-4	3.751E-2
15.915	1.344E-3	3.768E-2
15.924	1.589E-3	3.787E-2
15.932	1.663E-3	3.810E-2
15.940	1.567E-3	3.829E-2
15.949	1.317E-3	3.847E-2
15.957	8.878E-4	3.858E-2
15.966	4.248E-4	3.859E-2
15.974	-5.333E-5	3.858E-2
15.982	-4.902E-4	3.842E-2
15.991	-8.015E-4	3.821E-2
15.999	-1.013E-3	3.794E-2
16.007	-1.112E-3	3.766E-2
16.016	-1.018E-3	3.740E-2
16.024	-7.713E-4	3.720E-2
16.033	-4.647E-4	3.706E-2
16.041	-3.955E-5	3.701E-2
16.049	4.157E-4	3.705E-2
16.058	8.523E-4	3.722E-2
16.066	1.192E-3	3.747E-2
16.074	1.397E-3	3.779E-2
16.083	1.512E-3	3.812E-2
16.091	1.411E-3	3.844E-2
16.100	1.199E-3	3.866E-2
16.108	8.651E-4	3.884E-2
16.116	4.576E-4	3.888E-2
16.125	6.034E-5	3.881E-2
16.133	-3.161E-4	3.859E-2
16.141	-5.777E-4	3.830E-2
16.150	-7.513E-4	3.795E-2
16.158	-8.525E-4	3.754E-2
16.167	-7.888E-4	3.719E-2
16.175	-6.698E-4	3.690E-2
16.183	-3.994E-4	3.674E-2
16.192	-8.101E-5	3.669E-2
16.200	2.580E-4	3.680E-2
16.209	6.119E-4	3.702E-2
16.217	8.873E-4	3.736E-2
16.225	1.108E-3	3.778E-2
16.234	1.167E-3	3.821E-2
16.242	1.143E-3	3.860E-2
16.250	1.056E-3	3.891E-2
16.259	8.316E-4	3.909E-2
16.267	5.445E-4	3.913E-2
16.276	2.132E-4	3.901E-2
16.284	-6.290E-5	3.876E-2
16.292	-2.872E-4	3.839E-2
16.301	-4.824E-4	3.794E-2
16.309	-5.309E-4	3.748E-2
16.317	-5.262E-4	3.703E-2
16.326	-4.811E-4	3.669E-2
16.334	-2.949E-4	3.652E-2
16.343	-6.586E-5	3.649E-2
16.351	1.766E-4	3.660E-2
16.359	4.092E-4	3.688E-2
16.368	6.344E-4	3.727E-2
16.376	8.105E-4	3.775E-2
16.384	8.724E-4	3.824E-2
16.393	8.834E-4	3.868E-2
16.401	8.702E-4	3.904E-2
16.410	7.592E-4	3.922E-2
16.418	6.175E-4	3.929E-2
16.426	4.204E-4	3.913E-2
16.435	2.200E-4	3.881E-2
16.443	4.659E-5	3.837E-2
16.451	-8.099E-5	3.789E-2
16.460	-2.194E-4	3.738E-2
16.468	-2.799E-4	3.694E-2
16.477	-2.808E-4	3.659E-2
16.485	-2.748E-4	3.639E-2
16.493	-2.068E-4	3.636E-2
16.502	-5.717E-5	3.652E-2
16.510	9.374E-5	3.683E-2
16.518	1.906E-4	3.726E-2
16.527	3.628E-4	3.777E-2
16.535	4.530E-4	3.828E-2
16.544	5.921E-4	3.873E-2
16.552	6.481E-4	3.908E-2
16.560	6.602E-4	3.926E-2
16.569	6.569E-4	3.929E-2
16.577	6.316E-4	3.912E-2
16.585	5.792E-4	3.876E-2
16.594	4.257E-4	3.831E-2
16.602	3.140E-4	3.780E-2
16.611	1.822E-4	3.727E-2
16.619	2.360E-5	3.681E-2
16.627	-6.819E-5	3.648E-2
16.636	-1.845E-4	3.631E-2
16.644	-2.297E-4	3.632E-2
16.652	-2.755E-4	3.652E-2
16.661	-2.498E-4	3.686E-2
16.669	-1.722E-4	3.729E-2
16.678	-7.095E-5	3.779E-2
16.686	1.312E-4	3.828E-2
16.694	2.599E-4	3.876E-2
16.703	4.227E-4	3.910E-2
16.711	6.094E-4	3.927E-2
16.719	7.143E-4	3.927E-2
16.728	8.241E-4	3.908E-2
16.736	8.480E-4	3.873E-2
16.745	8.526E-4	3.825E-2
16.753	6.711E-4	3.773E-2
16.761	5.043E-4	3.726E-2
16.770	3.030E-4	3.683E-2
16.778	6.382E-5	3.654E-2
16.786	-1.773E-4	3.637E-2
16.795	-3.422E-4	3.638E-2
16.803	-5.013E-4	3.658E-2
16.812	-5.305E-4	3.693E-2
16.820	-5.183E-4	3.735E-2
16.828	-4.203E-4	3.779E-2
16.837	-2.554E-4	3.824E-2
16.845	-2.436E-5	3.863E-2
16.853	2.495E-4	3.890E-2
16.862	5.297E-4	3.904E-2
16.870	7.641E-4	3.905E-2
16.879	9.363E-4	3.885E-2
16.887	1.059E-3	3.853E-2
16.895	1.078E-3	3.814E-2
16.904	9.838E-4	3.770E-2
16.912	7.676E-4	3.729E-2
16.921	4.571E-4	3.694E-2
16.929	1.518E-4	3.672E-2
16.937	-1.652E-4	3.660E-2
16.946	-4.829E-4	3.660E-2
16.954	-7.124E-4	3.682E-2
16.962	-7.971E-4	3.708E-2
16.971	-7.920E-4	3.745E-2
16.979	-7.330E-4	3.785E-2
16.988	-5.278E-4	3.822E-2
16.996	-2.330E-4	3.851E-2
17.004	1.521E-4	3.871E-2
17.013	5.136E-4	3.881E-2
17.021	8.588E-4	3.878E-2
17.029	1.144E-3	3.864E-2
17.038	1.337E-3	3.837E-2
17.046	1.346E-3	3.805E-2
17.055	1.322E-3	3.772E-2
17.063	1.085E-3	3.741E-2
17.071	7.120E-4	3.716E-2
17.080	2.992E-4	3.700E-2
17.088	-1.087E-4	3.694E-2
17.096	-5.014E-4	3.697E-2
17.105	-7.679E-4	3.714E-2
17.113	-9.811E-4	3.739E-2
17.122	-1.005E-3	3.766E-2
17.130	-9.484E-4	3.794E-2
17.138	-7.137E-4	3.820E-2
17.147	-3.415E-4	3.841E-2
17.155	7.043E-5	3.855E-2
17.163	4.932E-4	3.862E-2
17.172	9.120E-4	3.859E-2
17.180	1.309E-3	3.846E-2
17.189	1.551E-3	3.827E-2
17.197	1.597E-3	3.803E-2
17.205	1.542E-3	3.779E-2
17.214	1.282E-3	3.755E-2
17.222	8.832E-4	3.739E-2
17.230	4.205E-4	3.729E-2
17.239	-5.157E-5	3.724E-2
17.247	-5.038E-4	3.727E-2
17.256	-8.686E-4	3.732E-2
17.264	-1.115E-3	3.746E-2
17.272	-1.204E-3	3.762E-2
17.281	-1.108E-3	3.778E-2
17.289	-8.800E-4	3.792E-2
17.297	-5.121E-4	3.804E-2
17.306	-5.159E-5	3.812E-2
17.314	4.474E-4	3.815E-2
17.323	9.190E-4	3.816E-2
17.331	1.337E-3	3.812E-2
17.339	1.586E-3	3.805E-2
17.348	1.696E-3	3.793E-2
17.356	1.569E-3	3.787E-2
17.364	1.318E-3	3.777E-2
17.373	8.913E-4	3.771E-2
17.381	4.137E-4	3.766E-2
17.390	-8.140E-5	3.766E-2
17.398	-5.347E-4	3.766E-2
17.406	-9.388E-4	3.767E-2
17.415	-1.182E-3	3.768E-2
17.423	-1.228E-3	3.770E-2
17.431	-1.172E-3	3.773E-2
17.440	-9.343E-4	3.774E-2
17.448	-5.286E-4	3.776E-2
17.457	-5.774E-5	3.774E-2
17.465	4.483E-4	3.774E-2
17.473	9.251E-4	3.779E-2
17.482	1.349E-3	3.781E-2
17.490	1.599E-3	3.784E-2
17.498	1.746E-3	3.791E-2
17.507	1.615E-3	3.792E-2
17.515	1.351E-3	3.798E-2
17.524	9.303E-4	3.800E-2
17.532	4.496E-4	3.799E-2
17.540	-5.136E-5	3.797E-2
17.549	-5.099E-4	3.792E-2
17.557	-8.821E-4	3.786E-2
17.566	-1.152E-3	3.776E-2
17.574	-1.223E-3	3.765E-2
17.582	-1.144E-3	3.753E-2
17.591	-9.271E-4	3.745E-2
17.599	-5.533E-4	3.739E-2
17.607	-8.362E-5	3.740E-2
17.616	4.043E-4	3.742E-2
17.624	8.788E-4	3.751E-2
17.633	1.301E-3	3.763E-2
17.641	1.557E-3	3.779E-2
17.649	1.622E-3	3.795E-2
17.658	1.570E-3	3.813E-2
17.666	1.334E-3	3.829E-2
17.674	9.298E-4	3.841E-2
17.683	4.744E-4	3.844E-2
17.691	1.244E-5	3.840E-2
17.700	-4.215E-4	3.829E-2
17.708	-7.577E-4	3.815E-2
17.716	-9.874E-4	3.793E-2
17.725	-1.030E-3	3.769E-2
17.733	-9.788E-4	3.746E-2
17.741	-7.520E-4	3.727E-2
17.750	-4.748E-4	3.712E-2
17.758	-6.345E-5	3.708E-2
17.767	3.849E-4	3.707E-2
17.775	8.058E-4	3.724E-2
17.783	1.118E-3	3.745E-2
17.792	1.352E-3	3.772E-2
17.800	1.431E-3	3.800E-2
17.808	1.357E-3	3.828E-2
17.817	1.166E-3	3.855E-2
17.825	8.625E-4	3.871E-2
17.834	4.811E-4	3.877E-2
17.842	1.237E-4	3.871E-2
17.850	-2.587E-4	3.853E-2
17.859	-5.343E-4	3.830E-2
17.867	-7.419E-4	3.798E-2
17.875	-7.788E-4	3.763E-2
17.884	-7.481E-4	3.730E-2
17.892	-6.360E-4	3.702E-2
17.901	-4.032E-4	3.683E-2
17.909	-7.953E-5	3.677E-2
17.917	2.399E-4	3.681E-2
17.926	6.057E-4	3.702E-2
17.934	8.811E-4	3.730E-2
17.942	1.107E-3	3.767E-2
17.951	1.167E-3	3.805E-2
17.959	1.143E-3	3.844E-2
17.968	1.059E-3	3.873E-2
17.976	8.413E-4	3.891E-2
17.984	5.706E-4	3.895E-2
17.993	2.280E-4	3.887E-2
18.001	-4.742E-5	3.864E-2
18.009	-2.798E-4	3.831E-2
18.018	-4.761E-4	3.792E-2
18.026	-5.205E-4	3.750E-2
18.035	-5.202E-4	3.707E-2
18.043	-4.820E-4	3.674E-2
18.051	-2.942E-4	3.656E-2
18.060	-7.296E-5	3.651E-2
18.068	1.726E-4	3.661E-2
18.076	4.071E-4	3.684E-2
18.085	6.350E-4	3.722E-2
18.093	8.110E-4	3.764E-2
18.102	9.026E-4	3.812E-2
18.110	9.068E-4	3.854E-2
18.118	8.874E-4	3.890E-2
18.127	7.673E-4	3.911E-2
18.135	6.142E-4	3.912E-2
18.143	4.213E-4	3.902E-2
18.152	2.150E-4	3.877E-2
18.160	2.840E-5	3.839E-2
18.169	-8.091E-5	3.794E-2
18.177	-2.214E-4	3.745E-2
18.185	-2.585E-4	3.701E-2
18.194	-2.754E-4	3.666E-2
18.202	-2.388E-4	3.647E-2
18.210	-1.696E-4	3.643E-2
18.219	-4.722E-5	3.657E-2
18.227	1.397E-4	3.685E-2
18.236	2.348E-4	3.725E-2
18.244	3.895E-4	3.772E-2
18.252	4.953E-4	3.821E-2
18.261	5.989E-4	3.863E-2
18.269	6.414E-4	3.897E-2
18.278	6.496E-4	3.915E-2
18.286	6.495E-4	3.914E-2
18.294	5.967E-4	3.902E-2
18.303	4.714E-4	3.873E-2
18.311	3.926E-4	3.830E-2
18.319	2.433E-4	3.785E-2
18.328	1.664E-4	3.736E-2
18.336	9.147E-6	3.696E-2
18.345	-6.054E-5	3.662E-2
18.353	-1.008E-4	3.642E-2
18.361	-1.559E-4	3.638E-2
18.370	-1.947E-4	3.653E-2
18.378	-1.510E-4	3.682E-2
18.386	-9.111E-5	3.724E-2
18.395	-1.589E-6	3.772E-2
18.403	1.595E-4	3.820E-2
18.412	2.829E-4	3.862E-2
18.420	4.123E-4	3.893E-2
18.428	5.837E-4	3.911E-2
18.437	6.585E-4	3.911E-2
18.445	7.174E-4	3.895E-2
18.453	7.138E-4	3.864E-2
18.462	6.602E-4	3.822E-2
18.470	6.007E-4	3.775E-2
18.479	4.283E-4	3.728E-2
18.487	2.518E-4	3.686E-2
18.495	8.719E-5	3.656E-2
18.504	-1.091E-4	3.639E-2
18.512	-2.785E-4	3.639E-2
18.520	-3.585E-4	3.653E-2
18.529	-4.754E-4	3.684E-2
18.537	-4.589E-4	3.724E-2
18.546	-3.570E-4	3.770E-2
18.554	-2.333E-4	3.814E-2
18.562	-3.421E-5	3.853E-2
18.571	2.009E-4	3.883E-2
18.579	4.409E-4	3.899E-2
18.587	6.696E-4	3.902E-2
18.596	8.502E-4	3.885E-2
18.604	9.679E-4	3.858E-2
18.613	9.642E-4	3.821E-2
18.621	8.624E-4	3.777E-2
18.629	6.978E-4	3.735E-2
18.638	4.485E-4	3.699E-2
18.646	1.732E-4	3.676E-2
18.654	-9.194E-5	3.664E-2
18.663	-3.297E-4	3.662E-2
18.671	-5.332E-4	3.679E-2
18.680	-6.930E-4	3.703E-2
18.688	-7.260E-4	3.740E-2
18.696	-6.543E-4	3.779E-2
18.705	-4.828E-4	3.815E-2
18.713	-2.189E-4	3.844E-2
18.721	1.236E-4	3.866E-2
18.730	4.429E-4	3.878E-2
18.738	7.771E-4	3.877E-2
18.747	1.049E-3	3.865E-2
18.755	1.213E-3	3.840E-2
18.763	1.287E-3	3.809E-2
18.772	1.187E-3	3.776E-2
18.780	9.886E-4	3.744E-2
18.788	6.632E-4	3.718E-2
18.797	3.125E-4	3.701E-2
18.805	-9.435E-5	3.694E-2
18.814	-4.426E-4	3.698E-2
18.822	-7.343E-4	3.708E-2
18.830	-9.073E-4	3.729E-2
18.839	-9.837E-4	3.753E-2
18.847	-9.117E-4	3.782E-2
18.855	-7.175E-4	3.807E-2
18.864	-3.989E-4	3.831E-2
18.872	-4.735E-5	3.847E-2
18.881	3.818E-4	3.851E-2
18.889	8.136E-4	3.854E-2
18.897	1.143E-3	3.844E-2
18.906	1.365E-3	3.825E-2
18.914	1.461E-3	3.801E-2
18.922	1.361E-3	3.777E-2
18.931	1.134E-3	3.754E-2
18.939	8.189E-4	3.737E-2
18.948	3.990E-4	3.727E-2
18.956	-4.931E-5	3.724E-2
18.964	-4.597E-4	3.725E-2
18.973	-7.688E-4	3.731E-2
18.981	-9.946E-4	3.744E-2
18.990	-1.060E-3	3.761E-2
18.998	-1.016E-3	3.778E-2
19.006	-7.787E-4	3.794E-2
19.015	-4.756E-4	3.806E-2
19.023	-5.180E-5	3.818E-2
19.031	4.131E-4	3.817E-2
19.040	8.716E-4	3.818E-2
19.048	1.280E-3	3.814E-2
19.057	1.543E-3	3.807E-2
19.065	1.616E-3	3.797E-2
19.073	1.572E-3	3.787E-2
19.082	1.337E-3	3.777E-2
19.090	9.351E-4	3.770E-2
19.098	4.693E-4	3.764E-2
19.107	-5.573E-6	3.766E-2
19.115	-4.600E-4	3.764E-2
19.124	-7.859E-4	3.766E-2
19.132	-1.014E-3	3.770E-2
19.140	-1.146E-3	3.773E-2
19.149	-1.067E-3	3.776E-2
19.157	-8.802E-4	3.775E-2
19.165	-5.441E-4	3.781E-2
19.174	-8.577E-5	3.781E-2
19.182	3.931E-4	3.781E-2
19.191	8.644E-4	3.781E-2
19.199	1.279E-3	3.781E-2
19.207	1.564E-3	3.779E-2
19.216	1.632E-3	3.780E-2
19.224	1.580E-3	3.784E-2
19.232	1.347E-3	3.789E-2
19.241	9.604E-4	3.791E-2
19.249	4.837E-4	3.792E-2
19.258	7.642E-6	3.793E-2
19.266	-4.491E-4	3.791E-2
19.274	-7.762E-4	3.784E-2
19.283	-1.008E-3	3.778E-2
19.291	-1.128E-3	3.769E-2
19.299	-1.068E-3	3.760E-2
19.308	-8.986E-4	3.755E-2
19.316	-5.553E-4	3.750E-2
19.325	-1.133E-4	3.746E-2
19.333	3.622E-4	3.748E-2
19.341	8.302E-4	3.752E-2
19.350	1.189E-3	3.764E-2
19.358	1.427E-3	3.776E-2
19.366	1.555E-3	3.791E-2
19.375	1.521E-3	3.807E-2
19.383	1.317E-3	3.820E-2
19.392	9.399E-4	3.829E-2
19.400	5.189E-4	3.836E-2
19.408	6.258E-5	3.835E-2
19.417	-3.375E-4	3.825E-2
19.425	-6.890E-4	3.812E-2
19.433	-9.302E-4	3.794E-2
19.442	-9.995E-4	3.772E-2
19.450	-9.776E-4	3.752E-2
19.459	-7.517E-4	3.733E-2
19.467	-4.872E-4	3.721E-2
19.475	-8.493E-5	3.717E-2
19.484	3.174E-4	3.721E-2
19.492	6.767E-4	3.730E-2
19.500	1.059E-3	3.747E-2
19.509	1.308E-3	3.770E-2
19.517	1.379E-3	3.796E-2
19.526	1.365E-3	3.821E-2
19.534	1.155E-3	3.842E-2
19.542	8.752E-4	3.859E-2
19.551	5.256E-4	3.864E-2
19.559	1.533E-4	3.861E-2
19.567	-2.191E-4	3.848E-2
19.576	-5.191E-4	3.823E-2
19.584	-7.275E-4	3.794E-2
19.593	-7.675E-4	3.765E-2
19.601	-7.526E-4	3.735E-2
19.609	-6.421E-4	3.707E-2
19.618	-4.246E-4	3.691E-2
19.626	-1.025E-4	3.687E-2
19.634	2.152E-4	3.690E-2
19.643	5.783E-4	3.706E-2
19.651	8.385E-4	3.729E-2
19.660	1.070E-3	3.763E-2
19.668	1.131E-3	3.799E-2
19.676	1.129E-3	3.835E-2
19.685	1.047E-3	3.863E-2
19.693	8.544E-4	3.882E-2
19.702	5.856E-4	3.888E-2
19.710	2.735E-4	3.884E-2
19.718	-2.292E-5	3.864E-2
19.727	-2.619E-4	3.836E-2
19.735	-4.568E-4	3.799E-2
19.743	-5.219E-4	3.759E-2
19.752	-5.191E-4	3.726E-2
19.760	-4.788E-4	3.695E-2
19.769	-2.948E-4	3.675E-2
19.777	-6.377E-5	3.670E-2
19.785	1.772E-4	3.676E-2
19.794	4.103E-4	3.699E-2
19.802	6.342E-4	3.728E-2
19.810	8.147E-4	3.768E-2
19.819	9.014E-4	3.811E-2
19.827	8.999E-4	3.852E-2
19.836	8.947E-4	3.886E-2
19.844	7.552E-4	3.906E-2
19.852	6.041E-4	3.912E-2
19.861	4.157E-4	3.905E-2
19.869	2.122E-4	3.883E-2
19.877	1.409E-5	3.846E-2
19.886	-9.423E-5	3.802E-2
19.894	-2.331E-4	3.755E-2
19.903	-2.691E-4	3.714E-2
19.911	-2.691E-4	3.682E-2
19.919	-2.275E-4	3.660E-2
19.928	-9.481E-5	3.656E-2
19.936	4.314E-6	3.662E-2
19.944	1.805E-4	3.686E-2
19.953	3.002E-4	3.721E-2
19.961	4.088E-4	3.766E-2
19.970	5.166E-4	3.812E-2
19.978	6.026E-4	3.855E-2
19.986	6.199E-4	3.890E-2
19.995	6.435E-4	3.910E-2
20.003	6.290E-4	3.914E-2
20.011	5.502E-4	3.903E-2
20.020	4.184E-4	3.879E-2
20.028	3.198E-4	3.843E-2
20.037	1.831E-4	3.795E-2
20.045	1.169E-4	3.748E-2
20.053	-2.060E-5	3.706E-2
20.062	-6.108E-5	3.674E-2
20.070	-8.638E-5	3.655E-2
20.078	-9.290E-5	3.651E-2
20.087	-7.581E-5	3.662E-2
20.095	-2.793E-5	3.690E-2
20.104	5.610E-6	3.729E-2
20.112	1.489E-4	3.773E-2
20.120	2.265E-4	3.817E-2
20.129	3.789E-4	3.858E-2
20.137	4.644E-4	3.891E-2
20.145	5.999E-4	3.908E-2
20.154	6.683E-4	3.912E-2
20.162	6.885E-4	3.898E-2
20.171	6.800E-4	3.875E-2
20.179	6.488E-4	3.837E-2
20.187	5.867E-4	3.793E-2
20.196	4.338E-4	3.748E-2
20.204	2.696E-4	3.707E-2
20.212	1.512E-4	3.678E-2
20.221	-3.446E-5	3.660E-2
20.229	-1.790E-4	3.657E-2
20.238	-2.792E-4	3.671E-2
20.246	-2.811E-4	3.700E-2
20.254	-2.867E-4	3.735E-2
20.263	-2.450E-4	3.779E-2
20.271	-7.600E-5	3.818E-2
20.279	1.096E-4	3.857E-2
20.288	2.532E-4	3.886E-2
20.296	4.513E-4	3.902E-2
20.305	6.464E-4	3.904E-2
20.313	8.358E-4	3.891E-2
20.321	8.915E-4	3.864E-2
20.330	8.987E-4	3.828E-2
20.338	8.628E-4	3.791E-2
20.346	6.931E-4	3.750E-2
20.355	4.705E-4	3.716E-2
20.363	2.212E-4	3.694E-2
20.372	-3.444E-5	3.678E-2
20.380	-2.666E-4	3.678E-2
20.388	-4.740E-4	3.692E-2
20.397	-5.438E-4	3.718E-2
20.405	-5.381E-4	3.752E-2
20.414	-5.159E-4	3.787E-2
20.422	-3.599E-4	3.822E-2
20.430	-1.615E-4	3.850E-2
20.439	1.298E-4	3.872E-2
20.447	4.133E-4	3.882E-2
20.455	6.939E-4	
20.464	9.279E-4	
20.472	1.112E-3	
20.481	1.153E-3	
20.489	1.105E-3	
20.497	9.231E-4	
20.506	6.599E-4	
20.514	3.646E-4	
20.522	2.336E-6	
20.531	-3.084E-4	
20.539	-5.440E-4	
20.548	-7.360E-4	
20.556	-7.566E-4	
20.564	-7.385E-4	
20.573	-5.496E-4	
20.581	-2.892E-4	
20.589	2.512E-5	
20.598	4.039E-4	
20.606	7.597E-4	
20.615	1.095E-3	
20.623	1.329E-3	
20.631	1.378E-3	
20.640	1.341E-3	
20.648	1.138E-3	
20.656	8.562E-4	
20.665	4.501E-4	
20.673	4.201E-5	
20.682	-3.274E-4	
20.690	-6.680E-4	
20.698	-9.031E-4	
20.707	-9.939E-4	
20.715	-9.549E-4	
20.723	-7.494E-4	
20.732	-4.688E-4	
20.740	-6.892E-5	
20.749	3.672E-4	
20.757	7.941E-4	
20.765	1.123E-3	
20.774	1.365E-3	
20.782	1.524E-3	
20.790	1.458E-3	
20.799	1.240E-3	
20.807	8.737E-4	
20.816	4.668E-4	
20.824	1.677E-5	
20.832	-3.913E-4	
20.841	-7.555E-4	
20.849	-9.922E-4	
20.857	-1.062E-3	
20.866	-1.042E-3	
20.874	-8.144E-4	
20.883	-5.493E-4	
20.891	-1.349E-4	
20.899	2.603E-4	
20.908	6.938E-4	
20.916	1.092E-3	
20.924	1.352E-3	
20.933	1.519E-3	
20.941	1.471E-3	
20.950	1.272E-3	
20.958	8.748E-4	
20.966	4.600E-4	
20.975	6.684E-6	
20.983	-4.010E-4	
20.991	-7.608E-4	
21.000	-1.006E-3	
21.008	-1.063E-3	
21.017	-1.095E-3	
21.025	-8.881E-4	
21.033	-6.062E-4	
21.042	-2.435E-4	
21.050	1.874E-4	
21.058	6.268E-4	
21.067	1.048E-3	
21.075	1.305E-3	
21.084	1.435E-3	
21.092	1.372E-3	
21.100	1.191E-3	
21.109	8.628E-4	
21.117	4.685E-4	
21.126	5.974E-5	
21.134	-3.359E-4	
21.142	-6.603E-4	
21.151	-8.919E-4	
21.159	-1.010E-3	
21.167	-9.845E-4	
21.176	-7.793E-4	
21.184	-5.081E-4	
21.193	-1.460E-4	
21.201	2.069E-4	
21.209	6.100E-4	
21.218	9.481E-4	
21.226	1.178E-3	
21.234	1.311E-3	
21.243	1.311E-3	
21.251	1.125E-3	
21.260	8.717E-4	
21.268	5.244E-4	
21.276	1.586E-4	
21.285	-1.947E-4	
21.293	-4.992E-4	
21.301	-7.086E-4	
21.310	-7.652E-4	
21.318	-7.574E-4	
21.327	-6.438E-4	
21.335	-4.372E-4	
21.343	-1.346E-4	
21.352	1.635E-4	
21.360	4.700E-4	
21.368	7.698E-4	
21.377	9.596E-4	
21.385	1.070E-3	
21.394	1.084E-3	
21.402	9.812E-4	
21.410	7.694E-4	
21.419	4.787E-4	
21.427	1.857E-4	
21.435	-7.938E-5	
21.444	-2.991E-4	
21.452	-4.810E-4	
21.461	-5.505E-4	
21.469	-5.387E-4	
21.477	-4.915E-4	
21.486	-3.078E-4	
21.494	-8.260E-5	
21.502	1.641E-4	
21.511	3.985E-4	
21.519	6.265E-4	
21.528	8.028E-4	
21.536	8.664E-4	
21.544	8.814E-4	
21.553	8.658E-4	
21.561	7.262E-4	
21.569	5.801E-4	
21.578	4.045E-4	
21.586	1.979E-4	
21.595	-1.172E-6	
21.603	-9.917E-5	
21.611	-2.315E-4	
21.620	-2.735E-4	
21.628	-2.716E-4	
21.636	-2.181E-4	
21.645	-7.716E-5	
21.653	2.928E-5	
21.662	1.866E-4	
21.670	3.376E-4	
21.678	4.148E-4	
21.687	5.390E-4	
21.695	6.017E-4	
21.703	6.293E-4	
21.712	6.332E-4	
21.720	5.956E-4	
21.729	4.783E-4	
21.737	4.020E-4	
21.745	2.710E-4	
21.754	1.743E-4	
21.762	6.907E-5	
21.770	-4.462E-5	
21.779	-7.329E-5	
21.787	-6.828E-5	
21.796	-7.147E-5	
21.804	-5.237E-5	
21.812	-2.263E-5	
21.821	3.431E-5	
21.829	1.629E-4	
21.838	2.279E-4	
21.846	3.728E-4	
21.854	4.419E-4	
21.863	5.402E-4	
21.871	6.043E-4	
21.879	6.305E-4	
21.888	6.363E-4	
21.896	6.065E-4	
21.905	4.800E-4	
21.913	3.973E-4	
21.921	2.385E-4	
21.930	1.466E-4	
21.938	-2.896E-5	
21.946	-9.838E-5	
21.955	-2.095E-4	
21.963	-2.525E-4	
21.972	-2.511E-4	
21.980	-1.797E-4	
21.988	-5.946E-5	
21.997	1.238E-4	
22.005	2.733E-4	
22.013	4.348E-4	
22.022	6.272E-4	
22.030	7.439E-4	
22.039	8.334E-4	
22.047	8.521E-4	
22.055	8.146E-4	
22.064	6.673E-4	
22.072	4.720E-4	
22.080	2.410E-4	
22.089	8.840E-6	
22.097	-2.139E-4	
22.106	-3.543E-4	
22.114	-5.158E-4	
22.122	-5.320E-4	
22.131	-4.913E-4	
22.139	-3.186E-4	
22.147	-1.006E-4	
22.156	1.578E-4	
22.164	4.133E-4	
22.173	6.646E-4	
22.181	8.834E-4	
22.189	1.081E-3	
22.198	1.124E-3	
22.206	1.115E-3	
22.214	8.997E-4	
22.223	6.748E-4	
22.231	4.032E-4	
22.240	1.176E-4	
22.248	-2.126E-4	
22.256	-4.708E-4	
22.265	-6.435E-4	
22.273	-7.280E-4	
22.281	-7.011E-4	
22.290	-5.325E-4	
22.298	-2.917E-4	
22.307	-1.130E-5	
22.315	3.664E-4	
22.323	6.801E-4	
22.332	9.694E-4	
22.340	1.158E-3	
22.348	1.295E-3	
22.357	1.302E-3	
22.365	1.108E-3	
22.374	8.515E-4	
22.382	4.731E-4	
22.390	1.268E-4	
22.399	-2.467E-4	
22.407	-5.274E-4	
22.415	-7.354E-4	
22.424	-8.311E-4	
22.432	-7.931E-4	
22.441	-6.875E-4	
22.449	-4.276E-4	
22.457	-7.298E-5	
22.466	3.181E-4	
22.474	6.743E-4	
22.483	1.059E-3	
22.491	1.308E-3	
22.499	1.382E-3	
22.508	1.372E-3	
22.516	1.181E-3	
22.524	8.753E-4	
22.533	5.012E-4	
22.541	9.981E-5	
22.550	-3.167E-4	
22.558	-6.506E-4	
22.566	-8.889E-4	
22.575	-1.007E-3	
22.583	-9.791E-4	
22.591	-7.789E-4	
22.600	-5.108E-4	
22.608	-1.116E-4	
22.617	2.849E-4	
22.625	6.741E-4	
22.633	1.074E-3	
22.642	1.328E-3	
22.650	1.445E-3	
22.658	1.393E-3	
22.667	1.224E-3	
22.675	8.876E-4	
22.684	5.076E-4	
22.692	1.099E-4	
22.700	-3.199E-4	
22.709	-6.578E-4	
22.717	-8.999E-4	
22.725	-1.021E-3	
22.734	-9.893E-4	
22.742	-7.865E-4	
22.751	-5.188E-4	
22.759	-1.628E-4	
22.767	2.153E-4	
22.776	6.318E-4	
22.784	1.004E-3	
22.792	1.259E-3	
22.801	1.336E-3	
22.809	1.331E-3	
22.818	1.160E-3	
22.826	8.710E-4	
22.834	5.162E-4	
22.843	1.301E-4	
22.851	-2.556E-4	
22.859	-5.530E-4	
22.868	-7.669E-4	
22.876	-8.999E-4	
22.885	-8.697E-4	
22.893	-7.573E-4	
22.901	-5.084E-4	
22.910	-1.630E-4	
22.918	1.874E-4	
22.926	5.883E-4	
22.935	9.015E-4	
22.943	1.135E-3	
22.952	1.298E-3	
22.960	1.304E-3	
22.968	1.131E-3	
22.977	8.845E-4	
22.985	5.919E-4	
22.993	2.214E-4	
23.002	-9.014E-5	
23.010	-3.879E-4	
23.019	-5.949E-4	
23.027	-7.457E-4	
23.035	-7.388E-4	
23.044	-5.985E-4	
23.052	-4.440E-4	
23.060	-1.669E-4	
23.069	1.514E-4	
23.077	4.563E-4	
23.086	7.387E-4	
23.094	9.212E-4	
23.102	1.062E-3	
23.111	1.082E-3	
23.119	9.671E-4	
23.127	7.813E-4	
23.136	4.952E-4	
23.144	2.074E-4	
23.153	-6.186E-5	
23.161	-2.846E-4	
23.169	-4.728E-4	
23.178	-5.392E-4	
23.186	-5.332E-4	
23.195	-4.952E-4	
23.203	-3.092E-4	
23.211	-8.923E-5	
23.220	1.580E-4	
23.228	3.976E-4	
23.236	6.277E-4	
23.245	7.869E-4	
23.253	8.676E-4	
23.262	8.796E-4	
23.270	8.633E-4	
23.278	7.172E-4	
23.287	5.683E-4	
23.295	3.689E-4	
23.303	1.770E-4	
23.312	-2.059E-5	
23.320	-1.383E-4	
23.329	-2.783E-4	
23.337	-2.832E-4	
23.345	-2.810E-4	
23.354	-2.301E-4	
23.362	-9.874E-5	
23.370	3.264E-5	
23.379	1.863E-4	
23.387	3.596E-4	
23.396	4.581E-4	
23.404	5.554E-4	
23.412	6.162E-4	
23.421	6.320E-4	
23.429	6.269E-4	
23.437	6.002E-4	
23.446	4.514E-4	
23.454	3.788E-4	
23.463	2.357E-4	
23.471	1.705E-4	
23.479	3.271E-5	
23.488	-3.924E-5	
23.496	-6.464E-5	
23.504	-6.360E-5	
23.513	-5.322E-5	
23.521	-3.351E-5	
23.530	2.266E-6	
23.538	9.128E-5	
23.546	1.742E-4	
23.555	2.502E-4	
23.563	3.750E-4	
23.571	4.372E-4	
23.580	4.929E-4	
23.588	4.904E-4	
23.597	5.327E-4	
23.605	4.978E-4	
23.613	4.363E-4	
23.622	3.813E-4	
23.630	2.840E-4	
23.638	1.548E-4	
23.647	5.583E-5	
23.655	-7.206E-5	
23.664	-1.102E-4	
23.672	-1.926E-4	
23.680	-2.388E-4	
23.689	-2.231E-4	
23.697	-1.770E-4	
23.705	-7.191E-5	
23.714	1.185E-4	
23.722	2.351E-4	
23.731	3.982E-4	
23.739	5.844E-4	
23.747	6.660E-4	
23.756	7.365E-4	
23.764	7.275E-4	
23.772	6.633E-4	
23.781	5.899E-4	
23.789	4.094E-4	
23.798	2.192E-4	
23.806	2.468E-5	
23.814	-1.464E-4	
23.823	-3.140E-4	
23.831	-4.140E-4	
23.839	-4.763E-4	
23.848	-4.622E-4	
23.856	-3.053E-4	
23.865	-1.001E-4	
23.873	1.432E-4	
23.881	3.791E-4	
23.890	6.205E-4	
23.898	8.378E-4	
23.907	9.329E-4	
23.915	1.028E-3	
23.923	9.336E-4	
23.932	8.433E-4	
23.940	6.316E-4	
23.948	3.984E-4	
23.957	1.457E-4	
23.965	-1.342E-4	
23.974	-3.858E-4	
23.982	-5.458E-4	
23.990	-6.194E-4	
23.999	-6.325E-4	
24.007	-5.114E-4	
24.015	-2.931E-4	
24.024	-2.881E-5	
24.032	2.581E-4	
24.041	6.038E-4	
24.049	8.655E-4	
24.057	1.096E-3	
24.066	1.156E-3	
24.074	1.138E-3	
24.082	1.045E-3	
24.091	7.954E-4	
24.099	4.410E-4	
24.108	1.398E-4	
24.116	-2.128E-4	
24.124	-5.038E-4	
24.133	-7.120E-4	
24.141	-7.637E-4	
24.149	-7.517E-4	
24.158	-6.361E-4	
24.166	-4.194E-4	
24.175	-9.858E-5	
24.183	2.474E-4	
24.191	6.177E-4	
24.200	9.215E-4	
24.208	1.159E-3	
24.216	1.308E-3	
24.225	1.312E-3	
24.233	1.133E-3	
24.242	8.804E-4	
24.250	5.273E-4	
24.258	1.541E-4	
24.267	-2.275E-4	
24.275	-5.255E-4	
24.283	-7.453E-4	
24.292	-8.451E-4	
24.300	-8.646E-4	
24.309	-7.529E-4	
24.317	-5.029E-4	
24.325	-1.605E-4	
24.334	2.013E-4	
24.342	6.083E-4	
24.350	9.391E-4	
24.359	1.185E-3	
24.367	1.323E-3	
24.376	1.327E-3	
24.384	1.161E-3	
24.392	8.845E-4	
24.401	5.321E-4	
24.409	1.508E-4	
24.417	-2.471E-4	
24.426	-5.449E-4	
24.434	-7.576E-4	
24.443	-8.971E-4	
24.451	-9.043E-4	
24.459	-7.591E-4	
24.468	-5.078E-4	
24.476	-1.696E-4	
24.484	1.923E-4	
24.493	6.019E-4	
24.501	9.247E-4	
24.510	1.167E-3	
24.518	1.318E-3	
24.526	1.327E-3	
24.535	1.153E-3	
24.543	8.928E-4	
24.551	5.829E-4	
24.560	1.954E-4	
24.568	-1.705E-4	
24.577	-5.004E-4	
24.585	-7.291E-4	
24.593	-7.855E-4	
24.602	-7.697E-4	
24.610	-6.977E-4	
24.619	-4.732E-4	
24.627	-1.341E-4	
24.635	1.852E-4	
24.644	5.578E-4	
24.652	8.495E-4	
24.660	1.099E-3	
24.669	1.228E-3	
24.677	1.204E-3	
24.686	1.084E-3	
24.694	8.537E-4	
24.702	5.825E-4	
24.711	2.212E-4	
24.719	-8.777E-5	
24.727	-3.527E-4	
24.736	-5.622E-4	
24.744	-7.076E-4	
24.753	-7.154E-4	
24.761	-5.671E-4	
24.769	-3.992E-4	
24.778	-1.099E-4	
24.786	1.801E-4	
24.794	4.683E-4	
24.803	7.480E-4	
24.811	9.211E-4	
24.820	1.079E-3	
24.828	1.091E-3	
24.836	9.821E-4	
24.845	8.172E-4	
24.853	5.899E-4	
24.861	3.027E-4	
24.870	-6.687E-6	
24.878	-2.457E-4	
24.887	-4.271E-4	
24.895	-5.249E-4	
24.903	-5.240E-4	
24.912	-4.785E-4	
24.920	-3.039E-4	
24.928	-8.380E-5	
24.937	1.587E-4	
24.945	3.951E-4	
24.954	6.265E-4	
24.962	7.910E-4	
24.970	8.614E-4	
24.979	8.752E-4	
24.987	8.761E-4	
24.995	7.137E-4	
25.004	5.784E-4	
25.012	3.661E-4	
25.021	1.679E-4	
25.029	-3.024E-5	
25.037	-1.697E-4	
25.046	-2.827E-4	
25.054	-2.954E-4	
25.062	-2.841E-4	
25.071	-2.223E-4	
25.079	-8.122E-5	
25.088	5.922E-5	
25.096	1.931E-4	
25.104	3.770E-4	
25.113	4.727E-4	
25.121	6.021E-4	
25.129	6.415E-4	
25.138	6.443E-4	
25.146	6.443E-4	
25.155	5.506E-4	
25.163	4.170E-4	
25.171	3.310E-4	
25.180	1.794E-4	
25.188	9.125E-5	
25.196	-4.508E-5	
25.205	-7.705E-5	
25.213	-8.564E-5	
25.222	-7.691E-5	
25.230	-5.671E-5	
25.238	-4.352E-5	
25.247	4.754E-5	
25.255	1.433E-4	
25.263	2.120E-4	
25.272	3.222E-4	
25.280	3.875E-4	
25.289	4.367E-4	
25.297	4.490E-4	
25.305	5.015E-4	
25.314	4.850E-4	
25.322	4.473E-4	
25.331	4.014E-4	
25.339	3.678E-4	
25.347	2.850E-4	
25.356	1.643E-4	
25.364	7.565E-5	
25.372	-5.076E-5	
25.381	-8.250E-5	
25.389	-1.045E-4	
25.398	-8.661E-5	
25.406	-6.714E-5	
25.414	-3.227E-5	
25.423	8.212E-5	
25.431	1.749E-4	
25.439	2.784E-4	
25.448	4.056E-4	
25.456	5.338E-4	
25.465	6.175E-4	
25.473	6.608E-4	
25.481	6.632E-4	
25.490	6.311E-4	
25.498	5.379E-4	
25.506	3.894E-4	
25.515	2.119E-4	
25.523	4.965E-5	
25.532	-9.479E-5	
25.540	-2.603E-4	
25.548	-3.059E-4	
25.557	-3.000E-4	
25.565	-2.852E-4	
25.573	-2.190E-4	
25.582	-5.497E-5	
25.590	1.670E-4	
25.599	3.799E-4	
25.607	5.958E-4	
25.615	7.611E-4	
25.624	8.662E-4	
25.632	8.996E-4	
25.640	8.839E-4	
25.649	8.187E-4	
25.657	6.393E-4	
25.666	4.121E-4	
25.674	1.829E-4	
25.682	-5.523E-5	
25.691	-2.711E-4	
25.699	-4.536E-4	
25.707	-4.861E-4	
25.716	-5.029E-4	
25.724	-4.144E-4	
25.733	-2.453E-4	
25.741	-1.322E-5	
25.749	2.647E-4	
25.758	5.535E-4	
25.766	7.833E-4	
25.774	9.428E-4	
25.783	1.060E-3	
25.791	1.071E-3	
25.800	9.141E-4	
25.808	7.043E-4	
25.816	4.222E-4	
25.825	1.522E-4	
25.833	-1.441E-4	
25.841	-4.535E-4	
25.850	-6.340E-4	
25.858	-7.493E-4	
25.867	-7.404E-4	
25.875	-5.946E-4	
25.883	-4.209E-4	
25.892	-1.431E-4	
25.900	1.609E-4	
25.908	4.955E-4	
25.917	7.918E-4	
25.925	1.015E-3	
25.934	1.108E-3	
25.942	1.113E-3	
25.950	1.012E-3	
25.959	7.223E-4	
25.967	4.202E-4	
25.975	8.724E-5	
25.984	-2.713E-4	
25.992	-5.620E-4	
26.001	-7.627E-4	
26.009	-8.230E-4	
26.017	-8.693E-4	
26.026	-7.707E-4	
26.034	-5.243E-4	
26.043	-2.123E-4	
26.051	1.453E-4	
26.059	5.033E-4	
26.068	8.288E-4	
26.076	1.094E-3	
26.084	1.277E-3	
26.093	1.294E-3	
26.101	1.127E-3	
26.110	8.847E-4	
26.118	5.872E-4	
26.126	2.037E-4	
26.135	-1.345E-4	
26.143	-4.885E-4	
26.151	-7.202E-4	
26.160	-7.813E-4	
26.168	-7.681E-4	
26.177	-7.067E-4	
26.185	-4.776E-4	
26.193	-1.595E-4	
26.202	1.775E-4	
26.210	5.555E-4	
26.218	8.559E-4	
26.227	1.110E-3	
26.235	1.284E-3	
26.244	1.306E-3	
26.252	1.143E-3	
26.260	8.937E-4	
26.269	6.057E-4	
26.277	2.267E-4	
26.285	-9.264E-5	
26.294	-4.203E-4	
26.302	-6.565E-4	
26.311	-7.571E-4	
26.319	-7.505E-4	
26.327	-6.812E-4	
26.336	-4.685E-4	
26.344	-1.637E-4	
26.352	1.652E-4	
26.361	4.903E-4	
26.369	8.204E-4	
26.378	1.078E-3	
26.386	1.170E-3	
26.394	1.164E-3	
26.403	1.077E-3	
26.411	8.615E-4	
26.419	5.982E-4	
26.428	2.414E-4	
26.436	-5.685E-5	
26.445	-3.096E-4	
26.453	-5.128E-4	
26.461	-6.389E-4	
26.470	-6.832E-4	
26.478	-5.484E-4	
26.486	-3.665E-4	
26.495	-1.159E-4	
26.503	1.462E-4	
26.512	4.220E-4	
26.520	6.913E-4	
26.528	8.879E-4	
26.537	1.040E-3	
26.545	1.056E-3	
26.553	9.317E-4	
26.562	7.776E-4	
26.570	5.024E-4	
26.579	2.189E-4	
26.587	-4.012E-5	
26.595	-2.661E-4	
26.604	-4.387E-4	
26.612	-5.421E-4	
26.620	-5.371E-4	
26.629	-4.913E-4	
26.637	-3.140E-4	
26.646	-9.750E-5	
26.654	1.524E-4	
26.662	3.872E-4	
26.671	6.099E-4	
26.679	7.653E-4	
26.688	8.601E-4	
26.696	8.737E-4	
26.704	8.615E-4	
26.713	7.170E-4	
26.721	5.548E-4	
26.729	3.649E-4	
26.738	1.743E-4	
26.746	-2.669E-5	
26.755	-1.649E-4	
26.763	-2.828E-4	
26.771	-2.921E-4	
26.780	-2.800E-4	
26.788	-2.290E-4	
26.796	-6.705E-5	
26.805	9.758E-5	
26.813	2.013E-4	
26.822	3.839E-4	
26.830	4.830E-4	
26.838	5.834E-4	
26.847	6.315E-4	
26.855	6.475E-4	
26.863	6.316E-4	
26.872	5.434E-4	
26.880	4.107E-4	
26.889	2.999E-4	
26.897	1.738E-4	
26.905	5.430E-5	
26.914	-5.235E-5	
26.922	-7.278E-5	
26.930	-8.033E-5	
26.939	-6.878E-5	
26.947	-4.625E-5	
26.956	-7.280E-6	
26.964	1.223E-4	
26.972	1.970E-4	
26.981	2.600E-4	
26.989	3.806E-4	
26.997	4.120E-4	
27.006	4.662E-4	
27.014	5.005E-4	
27.023	4.843E-4	
27.031	4.583E-4	
27.039	4.185E-4	
27.048	4.100E-4	
27.056	3.181E-4	
27.064	1.949E-4	
27.073	1.519E-4	
27.081	4.512E-5	
27.090	-4.522E-5	
27.098	-5.240E-5	
27.106	-7.753E-5	
27.115	-6.922E-5	
27.123	-4.961E-5	
27.131	-8.808E-6	
27.140	1.145E-4	
27.148	1.711E-4	
27.157	2.757E-4	
27.165	3.888E-4	
27.173	4.717E-4	
27.182	5.803E-4	
27.190	6.234E-4	
27.198	6.325E-4	
27.207	6.344E-4	
27.215	4.883E-4	
27.224	3.919E-4	
27.232	2.193E-4	
27.240	1.199E-4	
27.249	-3.553E-5	
27.257	-1.498E-4	
27.265	-2.627E-4	
27.274	-2.744E-4	
27.282	-2.653E-4	
27.291	-1.528E-4	
27.299	-5.314E-5	
27.307	1.571E-4	
27.316	3.481E-4	
27.324	5.102E-4	
27.332	6.547E-4	
27.341	7.879E-4	
27.349	8.278E-4	
27.358	8.438E-4	
27.366	7.048E-4	
27.374	5.780E-4	
27.383	3.623E-4	
27.391	1.544E-4	
27.400	-6.424E-5	
27.408	-2.660E-4	
27.416	-3.671E-4	
27.425	-4.929E-4	
27.433	-4.877E-4	
27.441	-3.474E-4	
27.450	-2.077E-4	
27.458	8.794E-7	
27.467	2.349E-4	
27.475	4.816E-4	
27.483	7.005E-4	
27.492	8.671E-4	
27.500	9.793E-4	
27.508	9.579E-4	
27.517	8.457E-4	
27.525	6.602E-4	
27.534	4.198E-4	
27.542	1.601E-4	
27.550	-9.726E-5	
27.559	-3.192E-4	
27.567	-5.136E-4	
27.575	-5.652E-4	
27.584	-5.494E-4	
27.592	-4.787E-4	
27.601	-2.867E-4	
27.609	-4.334E-5	
27.617	2.338E-4	
27.626	5.517E-4	
27.634	8.311E-4	
27.642	1.055E-3	
27.651	1.144E-3	
27.659	1.134E-3	
27.668	1.072E-3	
27.676	8.631E-4	
27.684	5.874E-4	
27.693	2.383E-4	
27.701	-5.771E-5	
27.709	-3.245E-4	
27.718	-5.189E-4	
27.726	-6.823E-4	
27.735	-6.990E-4	
27.743	-5.560E-4	
27.751	-3.619E-4	
27.760	-9.668E-5	
27.768	2.109E-4	
27.776	5.678E-4	
27.785	8.505E-4	
27.793	1.097E-3	
27.802	1.201E-3	
27.810	1.189E-3	
27.818	1.096E-3	
27.827	8.653E-4	
27.835	5.928E-4	
27.843	2.311E-4	
27.852	-8.454E-5	
27.860	-3.787E-4	
27.869	-6.232E-4	
27.877	-7.580E-4	
27.885	-7.542E-4	
27.894	-6.718E-4	
27.902	-4.705E-4	
27.910	-1.851E-4	
27.919	1.556E-4	
27.927	4.870E-4	
27.936	8.182E-4	
27.944	1.078E-3	
27.952	1.186E-3	
27.961	1.186E-3	
27.969	1.090E-3	
27.977	8.616E-4	
27.986	5.972E-4	
27.994	2.378E-4	
28.003	-7.413E-5	
28.011	-3.405E-4	
28.019	-5.416E-4	
28.028	-7.042E-4	
28.036	-7.149E-4	
28.044	-5.910E-4	
28.053	-4.493E-4	
28.061	-1.659E-4	
28.070	1.470E-4	
28.078	4.554E-4	
28.086	7.607E-4	
28.095	9.888E-4	
28.103	1.095E-3	
28.112	1.106E-3	
28.120	1.061E-3	
28.128	8.404E-4	
28.137	6.024E-4	
28.145	2.696E-4	
28.153	-4.847E-5	
28.162	-2.924E-4	
28.170	-5.075E-4	
28.179	-5.886E-4	
28.187	-6.324E-4	
28.195	-5.520E-4	
28.204	-3.792E-4	
28.212	-1.622E-4	
28.220	1.294E-4	
28.229	4.048E-4	
28.237	6.604E-4	
28.246	8.717E-4	
28.254	1.036E-3	
28.262	1.039E-3	
28.271	8.958E-4	
28.279	7.380E-4	
28.287	4.851E-4	
28.296	2.136E-4	
28.304	-2.915E-5	
28.313	-2.560E-4	
28.321	-4.269E-4	
28.329	-5.316E-4	
28.338	-5.322E-4	
28.346	-4.893E-4	
28.354	-3.245E-4	
28.363	-1.053E-4	
28.371	1.426E-4	
28.380	3.803E-4	
28.388	6.096E-4	
28.396	7.454E-4	
28.405	8.604E-4	
28.413	8.793E-4	
28.421	8.659E-4	
28.430	7.124E-4	
28.438	5.583E-4	
28.447	3.669E-4	
28.455	1.768E-4	
28.463	-2.891E-5	
28.472	-1.713E-4	
28.480	-2.817E-4	
28.488	-2.920E-4	
28.497	-2.846E-4	
28.505	-2.074E-4	
28.514	-6.397E-5	
28.522	1.200E-4	
28.530	2.397E-4	
28.539	4.136E-4	
28.547	5.329E-4	
28.555	6.264E-4	
28.564	6.542E-4	
28.572	6.532E-4	
28.581	6.279E-4	
28.589	5.146E-4	
28.597	4.042E-4	
28.606	2.590E-4	
28.614	1.695E-4	
28.622	2.533E-5	
28.631	-5.389E-5	
28.639	-7.251E-5	
28.648	-6.541E-5	
28.656	-5.593E-5	
28.664	-3.089E-5	
28.673	2.336E-5	
28.681	1.548E-4	
28.689	2.064E-4	
28.698	2.716E-4	
28.706	3.838E-4	
28.715	4.325E-4	
28.723	4.652E-4	
28.731	4.730E-4	
28.740	4.617E-4	
28.748	4.507E-4	
28.756	4.098E-4	
28.765	3.604E-4	
28.773	2.659E-4	
28.782	1.821E-4	
28.790	1.495E-4	
28.798	6.343E-5	
28.807	-2.601E-6	
28.815	-5.636E-5	
28.824	-5.725E-5	
28.832	-5.030E-5	
28.840	-2.037E-5	
28.849	3.896E-5	
28.857	1.433E-4	
28.865	2.032E-4	
28.874	3.143E-4	
28.882	3.885E-4	
28.891	4.456E-4	
28.899	5.142E-4	
28.907	5.015E-4	
28.916	5.015E-4	
28.924	4.470E-4	
28.932	3.892E-4	
28.941	2.992E-4	
28.949	1.612E-4	
28.958	4.551E-5	
28.966	-7.859E-5	
28.974	-1.513E-4	
28.983	-2.492E-4	
28.991	-2.638E-4	
28.999	-2.368E-4	
29.008	-1.509E-4	
29.016	-5.538E-5	
29.025	1.301E-4	
29.033	2.799E-4	
29.041	4.166E-4	
29.050	5.892E-4	
29.058	6.721E-4	
29.066	7.125E-4	
29.075	6.843E-4	
29.083	6.202E-4	
29.092	4.820E-4	
29.100	3.174E-4	
29.108	1.287E-4	
29.117	-7.190E-5	
29.125	-2.466E-4	
29.133	-3.249E-4	
29.142	-3.866E-4	
29.150	-4.016E-4	
29.159	-3.169E-4	
29.167	-1.869E-4	
29.175	-8.194E-6	
29.184	2.069E-4	
29.192	4.352E-4	
29.200	6.376E-4	
29.209	8.265E-4	
29.217	8.926E-4	
29.226	8.925E-4	
29.234	8.429E-4	
29.242	6.583E-4	
29.251	4.329E-4	
29.259	1.964E-4	
29.267	-4.857E-5	
29.276	-2.757E-4	
29.284	-4.651E-4	
29.293	-5.243E-4	
29.301	-5.208E-4	
29.309	-4.677E-4	
29.318	-2.837E-4	
29.326	-4.819E-5	
29.334	2.152E-4	
29.343	4.817E-4	
29.351	7.248E-4	
29.360	9.056E-4	
29.368	1.077E-3	
29.376	1.089E-3	
29.385	9.679E-4	
29.393	7.921E-4	
29.401	4.910E-4	
29.410	1.957E-4	
29.418	-8.138E-5	
29.427	-3.262E-4	
29.435	-5.228E-4	
29.443	-6.297E-4	
29.452	-6.606E-4	
29.460	-5.577E-4	
29.468	-3.714E-4	
29.477	-1.132E-4	
29.485	1.810E-4	
29.494	4.723E-4	
29.502	7.767E-4	
29.510	9.751E-4	
29.519	1.091E-3	
29.527	1.101E-3	
29.536	1.060E-3	
29.544	8.530E-4	
29.552	5.945E-4	
29.561	2.491E-4	
29.569	-5.814E-5	
29.577	-3.112E-4	
29.586	-5.197E-4	
29.594	-6.812E-4	
29.603	-7.044E-4	
29.611	-5.706E-4	
29.619	-4.063E-4	
29.628	-1.204E-4	
29.636	1.586E-4	
29.644	4.667E-4	
29.653	7.699E-4	
29.661	9.942E-4	
29.670	1.096E-3	
29.678	1.106E-3	
29.686	1.067E-3	
29.695	8.552E-4	
29.703	6.080E-4	
29.711	2.659E-4	
29.720	-5.594E-5	
29.728	-3.117E-4	
29.737	-5.176E-4	
29.745	-6.556E-4	
29.753	-6.990E-4	
29.762	-5.746E-4	
29.770	-4.082E-4	
29.778	-1.494E-4	
29.787	1.499E-4	
29.795	4.349E-4	
29.804	7.196E-4	
29.812	9.329E-4	
29.820	1.084E-3	
29.829	1.101E-3	
29.837	1.058E-3	
29.845	8.612E-4	
29.854	6.185E-4	
29.862	3.124E-4	
29.871	-1.546E-5	
29.879	-2.799E-4	
29.887	-4.851E-4	
29.896	-5.555E-4	
29.904	-5.499E-4	
29.912	-5.014E-4	
29.921	-3.163E-4	
29.929	-7.090E-5	
29.938	1.979E-4	
29.946	4.416E-4	
29.954	6.844E-4	
29.963	8.908E-4	
29.971	1.043E-3	
29.979	1.090E-3	
29.988	1.008E-3	
29.996	8.347E-4	
30.005	6.251E-4	
30.013	3.851E-4	
30.021	1.437E-4	
30.030	-7.669E-5	
30.038	-2.565E-4	
30.046	-3.752E-4	
30.055	-4.539E-4	
30.063	-3.996E-4	
30.072	-2.828E-4	
30.080	-6.699E-5	
30.088	1.695E-4	
30.097	3.981E-4	
30.105	6.195E-4	
30.113	7.612E-4	
30.122	8.675E-4	
30.130	8.808E-4	
30.139	8.631E-4	
30.147	7.205E-4	
30.155	5.705E-4	
30.164	3.710E-4	
30.172	1.784E-4	
30.180	-2.980E-5	
30.189	-1.693E-4	
30.197	-2.780E-4	
30.206	-2.832E-4	
30.214	-2.751E-4	
30.222	-2.103E-4	
30.231	-6.681E-5	
30.239	1.239E-4	
30.248	2.512E-4	
30.256	4.155E-4	
30.264	5.595E-4	
30.273	6.223E-4	
30.281	6.565E-4	
30.289	6.495E-4	
30.298	6.355E-4	
30.306	4.992E-4	
30.315	3.849E-4	
30.323	2.397E-4	
30.331	1.579E-4	
30.340	1.125E-5	
30.348	-5.496E-5	
30.356	-7.086E-5	
30.365	-7.572E-5	
30.373	-5.443E-5	
30.382	-2.179E-5	
30.390	4.508E-5	
30.398	1.649E-4	
30.407	2.223E-4	
30.415	3.549E-4	
30.423	4.242E-4	
30.432	4.687E-4	
30.440	4.856E-4	
30.449	4.737E-4	
30.457	4.613E-4	
30.465	4.181E-4	
30.474	3.834E-4	
30.482	3.251E-4	
30.490	1.983E-4	
30.499	1.603E-4	
30.507	1.239E-4	
30.516	6.704E-5	
30.524	-2.636E-5	
30.532	-3.979E-5	
30.541	-3.988E-5	
30.549	-2.642E-5	
30.557	-8.152E-6	
30.566	1.213E-4	
