#multi:
	mass A	mass B	
t	x	x	
0.000	-4.573E-3	2.733E-2
0.008	-4.571E-3	2.734E-2
0.017	-4.571E-3	2.734E-2
0.025	-4.571E-3	2.734E-2
0.034	-4.570E-3	2.734E-2
0.042	-4.571E-3	2.734E-2
0.050	-4.571E-3	2.734E-2
0.059	-4.571E-3	2.734E-2
0.067	-4.571E-3	2.734E-2
0.075	-4.568E-3	2.734E-2
0.084	-4.556E-3	2.734E-2
0.092	-4.537E-3	2.734E-2
0.101	-4.496E-3	2.734E-2
0.109	-4.385E-3	2.734E-2
0.117	-4.315E-3	2.734E-2
0.126	-4.230E-3	2.734E-2
0.134	-4.101E-3	2.735E-2
0.142	-3.974E-3	2.736E-2
0.151	-3.791E-3	2.737E-2
0.159	-3.552E-3	2.738E-2
0.168	-3.170E-3	2.746E-2
0.176	-2.576E-3	2.751E-2
0.184	-1.696E-3	2.763E-2
0.193	-6.786E-4	2.775E-2
0.201	3.955E-4	2.791E-2
0.209	1.318E-3	2.817E-2
0.218	1.963E-3	2.848E-2
0.226	2.303E-3	2.881E-2
0.235	2.202E-3	2.915E-2
0.243	1.783E-3	2.944E-2
0.251	1.096E-3	2.963E-2
0.260	1.928E-4	2.963E-2
0.268	-6.892E-4	2.947E-2
0.276	-1.497E-3	2.912E-2
0.285	-2.180E-3	2.861E-2
0.293	-2.554E-3	2.798E-2
0.302	-2.599E-3	2.731E-2
0.310	-2.423E-3	2.667E-2
0.318	-1.982E-3	2.620E-2
0.327	-1.403E-3	2.599E-2
0.335	-7.586E-4	2.607E-2
0.343	-7.305E-5	2.646E-2
0.352	4.459E-4	2.717E-2
0.360	7.907E-4	2.804E-2
0.369	9.521E-4	2.896E-2
0.377	9.418E-4	2.980E-2
0.385	8.011E-4	3.044E-2
0.394	5.912E-4	3.081E-2
0.402	2.757E-4	3.081E-2
0.410	-2.082E-5	3.049E-2
0.419	-3.523E-4	2.988E-2
0.427	-6.336E-4	2.900E-2
0.436	-8.453E-4	2.798E-2
0.444	-1.029E-3	2.696E-2
0.452	-1.175E-3	2.608E-2
0.461	-1.211E-3	2.552E-2
0.469	-1.341E-3	2.535E-2
0.477	-1.351E-3	2.559E-2
0.486	-1.375E-3	2.620E-2
0.494	-1.371E-3	2.710E-2
0.503	-1.191E-3	2.808E-2
0.511	-9.164E-4	2.904E-2
0.519	-5.785E-4	2.984E-2
0.528	-1.616E-4	3.038E-2
0.536	2.764E-4	3.063E-2
0.544	6.873E-4	3.056E-2
0.553	1.041E-3	3.015E-2
0.561	1.230E-3	2.952E-2
0.570	1.205E-3	2.873E-2
0.578	9.538E-4	2.788E-2
0.586	4.585E-4	2.711E-2
0.595	-1.921E-4	2.652E-2
0.603	-9.438E-4	2.621E-2
0.611	-1.720E-3	2.621E-2
0.620	-2.336E-3	2.639E-2
0.628	-2.760E-3	2.681E-2
0.637	-2.911E-3	2.735E-2
0.645	-2.737E-3	2.788E-2
0.653	-2.265E-3	2.838E-2
0.662	-1.534E-3	2.880E-2
0.670	-5.987E-4	2.907E-2
0.678	3.229E-4	2.920E-2
0.687	1.204E-3	2.920E-2
0.695	1.873E-3	2.910E-2
0.704	2.216E-3	2.893E-2
0.712	2.238E-3	2.872E-2
0.720	1.806E-3	2.853E-2
0.729	1.041E-3	2.836E-2
0.737	1.129E-4	2.824E-2
0.746	-9.685E-4	2.809E-2
0.754	-1.918E-3	2.795E-2
0.762	-2.669E-3	2.780E-2
0.771	-3.148E-3	2.761E-2
0.779	-3.214E-3	2.740E-2
0.787	-2.968E-3	2.724E-2
0.796	-2.402E-3	2.714E-2
0.804	-1.586E-3	2.713E-2
0.813	-6.176E-4	2.714E-2
0.821	2.945E-4	2.740E-2
0.829	1.124E-3	2.776E-2
0.838	1.671E-3	2.824E-2
0.846	1.886E-3	2.877E-2
0.854	1.793E-3	2.929E-2
0.863	1.394E-3	2.975E-2
0.871	7.673E-4	3.002E-2
0.880	3.117E-5	3.004E-2
0.888	-7.195E-4	2.985E-2
0.896	-1.391E-3	2.940E-2
0.905	-1.870E-3	2.875E-2
0.913	-2.170E-3	2.796E-2
0.921	-2.153E-3	2.716E-2
0.930	-2.023E-3	2.643E-2
0.938	-1.718E-3	2.592E-2
0.947	-1.312E-3	2.571E-2
0.955	-8.614E-4	2.588E-2
0.963	-4.402E-4	2.640E-2
0.972	-4.767E-5	2.721E-2
0.980	2.139E-4	2.819E-2
0.988	3.904E-4	2.916E-2
0.997	4.561E-4	3.002E-2
1.005	4.556E-4	3.060E-2
1.014	4.378E-4	3.090E-2
1.022	3.858E-4	3.092E-2
1.030	2.275E-4	3.054E-2
1.039	1.017E-4	2.987E-2
1.047	-7.634E-5	2.897E-2
1.055	-2.740E-4	2.797E-2
1.064	-4.744E-4	2.698E-2
1.072	-7.451E-4	2.617E-2
1.081	-1.053E-3	2.568E-2
1.089	-1.354E-3	2.558E-2
1.097	-1.615E-3	2.588E-2
1.106	-1.783E-3	2.650E-2
1.114	-1.792E-3	2.732E-2
1.122	-1.662E-3	2.821E-2
1.131	-1.319E-3	2.905E-2
1.139	-8.456E-4	2.976E-2
1.148	-2.753E-4	3.020E-2
1.156	3.469E-4	3.040E-2
1.164	9.480E-4	3.030E-2
1.173	1.383E-3	2.993E-2
1.181	1.639E-3	2.938E-2
1.189	1.623E-3	2.872E-2
1.198	1.285E-3	2.804E-2
1.206	7.447E-4	2.746E-2
1.215	-4.905E-5	2.705E-2
1.223	-9.240E-4	2.683E-2
1.231	-1.768E-3	2.684E-2
1.240	-2.492E-3	2.696E-2
1.248	-2.917E-3	2.720E-2
1.256	-3.027E-3	2.753E-2
1.265	-2.812E-3	2.787E-2
1.273	-2.249E-3	2.817E-2
1.282	-1.462E-3	2.845E-2
1.290	-4.744E-4	2.862E-2
1.298	5.315E-4	2.876E-2
1.307	1.397E-3	2.876E-2
1.315	2.023E-3	2.878E-2
1.323	2.323E-3	2.881E-2
1.332	2.223E-3	2.880E-2
1.340	1.785E-3	2.879E-2
1.349	1.046E-3	2.878E-2
1.357	8.645E-5	2.876E-2
1.365	-9.043E-4	2.857E-2
1.374	-1.790E-3	2.833E-2
1.382	-2.502E-3	2.803E-2
1.390	-2.892E-3	2.765E-2
1.399	-2.924E-3	2.727E-2
1.407	-2.712E-3	2.693E-2
1.416	-2.148E-3	2.668E-2
1.424	-1.363E-3	2.659E-2
1.432	-5.067E-4	2.667E-2
1.441	3.189E-4	2.700E-2
1.449	9.514E-4	2.753E-2
1.458	1.376E-3	2.817E-2
1.466	1.564E-3	2.889E-2
1.474	1.444E-3	2.955E-2
1.483	1.112E-3	3.006E-2
1.491	6.599E-4	3.034E-2
1.499	8.254E-5	3.034E-2
1.508	-4.920E-4	3.006E-2
1.516	-9.895E-4	2.955E-2
1.525	-1.371E-3	2.880E-2
1.533	-1.601E-3	2.789E-2
1.541	-1.636E-3	2.700E-2
1.550	-1.624E-3	2.625E-2
1.558	-1.403E-3	2.572E-2
1.566	-1.180E-3	2.556E-2
1.575	-9.217E-4	2.577E-2
1.583	-6.768E-4	2.637E-2
1.592	-4.651E-4	2.724E-2
1.600	-2.501E-4	2.824E-2
1.608	-5.879E-5	2.921E-2
1.617	1.052E-4	3.000E-2
1.625	2.530E-4	3.056E-2
1.633	3.929E-4	3.081E-2
1.642	4.989E-4	3.073E-2
1.650	5.347E-4	3.032E-2
1.659	5.197E-4	2.966E-2
1.667	4.623E-4	2.878E-2
1.675	2.317E-4	2.782E-2
1.684	-1.121E-4	2.693E-2
1.692	-4.972E-4	2.624E-2
1.700	-9.713E-4	2.585E-2
1.709	-1.453E-3	2.588E-2
1.717	-1.838E-3	2.617E-2
1.726	-2.094E-3	2.674E-2
1.734	-2.130E-3	2.744E-2
1.742	-1.964E-3	2.817E-2
1.751	-1.587E-3	2.889E-2
1.759	-9.936E-4	2.943E-2
1.767	-2.640E-4	2.979E-2
1.776	4.854E-4	2.991E-2
1.784	1.177E-3	2.982E-2
1.793	1.687E-3	2.955E-2
1.801	1.924E-3	2.915E-2
1.809	1.894E-3	2.865E-2
1.818	1.466E-3	2.820E-2
1.826	7.894E-4	2.780E-2
1.834	-5.517E-5	2.752E-2
1.843	-1.011E-3	2.736E-2
1.851	-1.898E-3	2.734E-2
1.860	-2.591E-3	2.734E-2
1.868	-3.000E-3	2.742E-2
1.876	-3.030E-3	2.754E-2
1.885	-2.787E-3	2.769E-2
1.893	-2.210E-3	2.784E-2
1.901	-1.378E-3	2.797E-2
1.910	-3.908E-4	2.810E-2
1.918	5.616E-4	2.824E-2
1.927	1.388E-3	2.840E-2
1.935	1.951E-3	2.863E-2
1.943	2.208E-3	2.886E-2
1.952	2.092E-3	2.910E-2
1.960	1.618E-3	2.928E-2
1.968	8.758E-4	2.941E-2
1.977	1.755E-5	2.940E-2
1.985	-8.614E-4	2.919E-2
1.994	-1.687E-3	2.886E-2
2.002	-2.250E-3	2.844E-2
2.010	-2.582E-3	2.792E-2
2.019	-2.563E-3	2.737E-2
2.027	-2.312E-3	2.688E-2
2.035	-1.828E-3	2.650E-2
2.044	-1.193E-3	2.635E-2
2.052	-4.754E-4	2.648E-2
2.061	1.716E-4	2.688E-2
2.069	7.069E-4	2.752E-2
2.077	1.027E-3	2.829E-2
2.086	1.136E-3	2.909E-2
2.094	1.118E-3	2.983E-2
2.103	8.672E-4	3.035E-2
2.111	5.314E-4	3.059E-2
2.119	1.572E-4	3.058E-2
2.128	-2.306E-4	3.022E-2
2.136	-5.791E-4	2.962E-2
2.144	-8.732E-4	2.881E-2
2.153	-1.077E-3	2.785E-2
2.161	-1.166E-3	2.691E-2
2.170	-1.175E-3	2.615E-2
2.178	-1.193E-3	2.567E-2
2.186	-1.185E-3	2.557E-2
2.195	-1.172E-3	2.586E-2
2.203	-1.096E-3	2.651E-2
2.211	-9.430E-4	2.738E-2
2.220	-7.746E-4	2.831E-2
2.228	-5.173E-4	2.920E-2
2.237	-2.320E-4	2.993E-2
2.245	8.858E-5	3.038E-2
2.253	4.081E-4	3.056E-2
2.262	7.040E-4	3.045E-2
2.270	9.072E-4	3.005E-2
2.278	9.995E-4	2.942E-2
2.287	9.479E-4	2.862E-2
2.295	6.670E-4	2.779E-2
2.304	2.399E-4	2.704E-2
2.312	-3.468E-4	2.650E-2
2.320	-1.012E-3	2.620E-2
2.329	-1.597E-3	2.620E-2
2.337	-2.112E-3	2.649E-2
2.345	-2.421E-3	2.693E-2
2.354	-2.493E-3	2.751E-2
2.362	-2.301E-3	2.810E-2
2.371	-1.830E-3	2.862E-2
2.379	-1.135E-3	2.905E-2
2.387	-3.133E-4	2.935E-2
2.396	5.605E-4	2.943E-2
2.404	1.293E-3	2.942E-2
2.412	1.843E-3	2.918E-2
2.421	2.095E-3	2.893E-2
2.429	2.027E-3	2.865E-2
2.438	1.573E-3	2.837E-2
2.446	8.642E-4	2.818E-2
2.454	-2.424E-5	2.802E-2
2.463	-1.002E-3	2.787E-2
2.471	-1.854E-3	2.777E-2
2.479	-2.539E-3	2.766E-2
2.488	-2.923E-3	2.758E-2
2.496	-2.942E-3	2.755E-2
2.505	-2.684E-3	2.743E-2
2.513	-2.091E-3	2.741E-2
2.521	-1.243E-3	2.739E-2
2.530	-2.791E-4	2.753E-2
2.538	6.284E-4	2.775E-2
2.546	1.368E-3	2.803E-2
2.555	1.836E-3	2.840E-2
2.563	2.005E-3	2.883E-2
2.572	1.840E-3	2.924E-2
2.580	1.395E-3	2.955E-2
2.588	7.226E-4	2.972E-2
2.597	-1.955E-5	2.969E-2
2.605	-7.938E-4	2.944E-2
2.613	-1.426E-3	2.902E-2
2.622	-1.890E-3	2.843E-2
2.630	-2.122E-3	2.777E-2
2.639	-2.111E-3	2.710E-2
2.647	-1.902E-3	2.650E-2
2.655	-1.521E-3	2.609E-2
2.664	-1.042E-3	2.599E-2
2.672	-5.449E-4	2.616E-2
2.680	-3.590E-5	2.667E-2
2.689	3.345E-4	2.740E-2
2.697	5.513E-4	2.826E-2
2.706	6.670E-4	2.912E-2
2.714	6.704E-4	2.987E-2
2.722	6.180E-4	3.038E-2
2.731	4.580E-4	3.061E-2
2.739	2.555E-4	3.052E-2
2.747	4.513E-5	3.013E-2
2.756	-1.697E-4	2.948E-2
2.764	-3.683E-4	2.860E-2
2.773	-5.650E-4	2.769E-2
2.781	-7.160E-4	2.680E-2
2.789	-9.043E-4	2.610E-2
2.798	-1.092E-3	2.572E-2
2.806	-1.277E-3	2.572E-2
2.815	-1.414E-3	2.602E-2
2.823	-1.439E-3	2.666E-2
2.831	-1.421E-3	2.748E-2
2.840	-1.222E-3	2.836E-2
2.848	-9.254E-4	2.919E-2
2.856	-5.086E-4	2.981E-2
2.865	-2.135E-5	3.022E-2
2.873	4.600E-4	3.037E-2
2.882	9.124E-4	3.019E-2
2.890	1.254E-3	2.984E-2
2.898	1.363E-3	2.926E-2
2.907	1.361E-3	2.855E-2
2.915	1.000E-3	2.785E-2
2.923	4.518E-4	2.724E-2
2.932	-2.427E-4	2.685E-2
2.940	-1.008E-3	2.666E-2
2.949	-1.715E-3	2.666E-2
2.957	-2.318E-3	2.688E-2
2.965	-2.664E-3	2.720E-2
2.974	-2.726E-3	2.759E-2
2.982	-2.479E-3	2.800E-2
2.990	-1.950E-3	2.836E-2
2.999	-1.181E-3	2.867E-2
3.007	-2.846E-4	2.887E-2
3.016	6.180E-4	2.896E-2
3.024	1.396E-3	2.896E-2
3.032	1.926E-3	2.895E-2
3.041	2.103E-3	2.884E-2
3.049	1.973E-3	2.878E-2
3.057	1.515E-3	2.870E-2
3.066	7.701E-4	2.859E-2
3.074	-1.307E-4	2.852E-2
3.083	-1.104E-3	2.835E-2
3.091	-1.946E-3	2.817E-2
3.099	-2.562E-3	2.796E-2
3.108	-2.870E-3	2.772E-2
3.116	-2.896E-3	2.745E-2
3.124	-2.585E-3	2.726E-2
3.133	-1.987E-3	2.712E-2
3.141	-1.205E-3	2.710E-2
3.150	-3.394E-4	2.718E-2
3.158	4.721E-4	2.745E-2
3.166	1.089E-3	2.790E-2
3.175	1.486E-3	2.847E-2
3.183	1.578E-3	2.902E-2
3.191	1.430E-3	2.954E-2
3.200	1.041E-3	2.992E-2
3.208	5.286E-4	3.011E-2
3.217	-1.038E-4	3.009E-2
3.225	-6.775E-4	2.979E-2
3.233	-1.194E-3	2.928E-2
3.242	-1.578E-3	2.864E-2
3.250	-1.770E-3	2.785E-2
3.258	-1.789E-3	2.707E-2
3.267	-1.670E-3	2.642E-2
3.275	-1.410E-3	2.599E-2
3.284	-1.090E-3	2.589E-2
3.292	-7.607E-4	2.617E-2
3.300	-4.456E-4	2.674E-2
3.309	-1.936E-4	2.755E-2
3.317	4.510E-6	2.845E-2
3.325	1.674E-4	2.932E-2
3.334	2.342E-4	3.005E-2
3.342	2.764E-4	3.053E-2
3.351	3.015E-4	3.071E-2
3.359	3.007E-4	3.060E-2
3.367	2.894E-4	3.014E-2
3.376	2.331E-4	2.947E-2
3.384	6.193E-5	2.862E-2
3.392	-1.533E-4	2.773E-2
3.401	-4.341E-4	2.690E-2
3.409	-7.629E-4	2.627E-2
3.418	-1.104E-3	2.593E-2
3.426	-1.451E-3	2.594E-2
3.434	-1.725E-3	2.632E-2
3.443	-1.899E-3	2.691E-2
3.451	-1.878E-3	2.766E-2
3.459	-1.683E-3	2.839E-2
3.468	-1.296E-3	2.909E-2
3.476	-7.849E-4	2.962E-2
3.485	-1.608E-4	2.993E-2
3.493	4.670E-4	2.999E-2
3.501	1.031E-3	2.988E-2
3.510	1.462E-3	2.954E-2
3.518	1.626E-3	2.909E-2
3.527	1.549E-3	2.855E-2
3.535	1.160E-3	2.802E-2
3.543	5.322E-4	2.760E-2
3.552	-2.776E-4	2.730E-2
3.560	-1.121E-3	2.715E-2
3.568	-1.891E-3	2.714E-2
3.577	-2.479E-3	2.724E-2
3.585	-2.809E-3	2.743E-2
3.594	-2.797E-3	2.764E-2
3.602	-2.510E-3	2.784E-2
3.610	-1.940E-3	2.804E-2
3.619	-1.101E-3	2.822E-2
3.627	-1.928E-4	2.834E-2
3.635	6.918E-4	2.847E-2
3.644	1.439E-3	2.856E-2
3.652	1.900E-3	2.866E-2
3.661	2.051E-3	2.877E-2
3.669	1.863E-3	2.889E-2
3.677	1.364E-3	2.896E-2
3.686	6.482E-4	2.897E-2
3.694	-2.135E-4	2.894E-2
3.702	-1.077E-3	2.875E-2
3.711	-1.826E-3	2.848E-2
3.719	-2.352E-3	2.811E-2
3.728	-2.603E-3	2.769E-2
3.736	-2.577E-3	2.729E-2
3.744	-2.249E-3	2.691E-2
3.753	-1.700E-3	2.667E-2
3.761	-1.011E-3	2.662E-2
3.769	-2.799E-4	2.675E-2
3.778	3.856E-4	2.712E-2
3.786	8.994E-4	2.768E-2
3.795	1.183E-3	2.839E-2
3.803	1.241E-3	2.909E-2
3.811	1.115E-3	2.970E-2
3.820	8.436E-4	3.010E-2
3.828	4.465E-4	3.030E-2
3.836	-7.362E-6	3.025E-2
3.845	-4.412E-4	2.989E-2
3.853	-8.234E-4	2.932E-2
3.862	-1.122E-3	2.855E-2
3.870	-1.296E-3	2.770E-2
3.878	-1.327E-3	2.689E-2
3.887	-1.340E-3	2.623E-2
3.895	-1.291E-3	2.583E-2
3.903	-1.155E-3	2.579E-2
3.912	-1.009E-3	2.609E-2
3.920	-8.468E-4	2.674E-2
3.929	-6.920E-4	2.757E-2
3.937	-5.102E-4	2.846E-2
3.945	-3.083E-4	2.931E-2
3.954	-7.418E-5	2.997E-2
3.962	1.672E-4	3.041E-2
3.970	3.972E-4	3.053E-2
3.979	5.731E-4	3.035E-2
3.987	6.929E-4	2.992E-2
3.996	6.923E-4	2.925E-2
4.004	6.017E-4	2.844E-2
4.012	3.853E-4	2.763E-2
4.021	2.712E-6	2.689E-2
4.029	-4.652E-4	2.637E-2
4.037	-9.740E-4	2.617E-2
4.046	-1.476E-3	2.622E-2
4.054	-1.858E-3	2.655E-2
4.063	-2.084E-3	2.708E-2
4.071	-2.081E-3	2.771E-2
4.079	-1.850E-3	2.833E-2
4.088	-1.412E-3	2.884E-2
4.096	-7.945E-4	2.927E-2
4.104	-2.998E-5	2.949E-2
4.113	6.991E-4	2.949E-2
4.121	1.330E-3	2.941E-2
4.130	1.778E-3	2.916E-2
4.138	1.933E-3	2.882E-2
4.146	1.788E-3	2.850E-2
4.155	1.372E-3	2.816E-2
4.163	6.574E-4	2.790E-2
4.171	-1.871E-4	2.770E-2
4.180	-1.081E-3	2.759E-2
4.188	-1.867E-3	2.756E-2
4.197	-2.464E-3	2.756E-2
4.205	-2.774E-3	2.756E-2
4.213	-2.765E-3	2.756E-2
4.222	-2.408E-3	2.760E-2
4.230	-1.821E-3	2.763E-2
4.239	-1.012E-3	2.775E-2
4.247	-9.543E-5	2.786E-2
4.255	7.515E-4	2.802E-2
4.264	1.405E-3	2.825E-2
4.272	1.805E-3	2.851E-2
4.280	1.902E-3	2.880E-2
4.289	1.681E-3	2.908E-2
4.297	1.188E-3	2.931E-2
4.306	5.109E-4	2.941E-2
4.314	-2.718E-4	2.937E-2
4.322	-1.026E-3	2.914E-2
4.331	-1.633E-3	2.875E-2
4.339	-2.060E-3	2.825E-2
4.347	-2.270E-3	2.771E-2
4.356	-2.270E-3	2.716E-2
4.364	-1.978E-3	2.667E-2
4.373	-1.554E-3	2.638E-2
4.381	-9.935E-4	2.631E-2
4.389	-4.282E-4	2.654E-2
4.398	7.335E-5	2.703E-2
4.406	4.521E-4	2.773E-2
4.414	6.834E-4	2.849E-2
4.423	7.215E-4	2.926E-2
4.431	7.052E-4	2.987E-2
4.440	5.219E-4	3.029E-2
4.448	2.812E-4	3.047E-2
4.456	1.971E-6	3.036E-2
4.465	-2.573E-4	2.995E-2
4.473	-4.986E-4	2.930E-2
4.481	-6.974E-4	2.850E-2
4.490	-8.655E-4	2.762E-2
4.498	-9.805E-4	2.678E-2
4.507	-1.062E-3	2.619E-2
4.515	-1.143E-3	2.584E-2
4.523	-1.196E-3	2.581E-2
4.532	-1.192E-3	2.620E-2
4.540	-1.184E-3	2.684E-2
4.548	-1.117E-3	2.766E-2
4.557	-9.346E-4	2.848E-2
4.565	-6.850E-4	2.925E-2
4.574	-3.449E-4	2.982E-2
4.582	1.682E-5	3.017E-2
4.590	3.905E-4	3.022E-2
4.599	7.231E-4	3.008E-2
4.607	9.406E-4	2.965E-2
4.615	9.687E-4	2.905E-2
4.624	8.936E-4	2.836E-2
4.632	6.004E-4	2.769E-2
4.641	1.194E-4	2.711E-2
4.649	-4.476E-4	2.670E-2
4.657	-1.104E-3	2.652E-2
4.666	-1.725E-3	2.659E-2
4.674	-2.207E-3	2.686E-2
4.682	-2.474E-3	2.727E-2
4.691	-2.476E-3	2.775E-2
4.699	-2.216E-3	2.821E-2
4.708	-1.705E-3	2.860E-2
4.716	-9.503E-4	2.892E-2
4.724	-1.563E-4	2.910E-2
4.733	6.212E-4	2.913E-2
4.741	1.319E-3	2.914E-2
4.749	1.765E-3	2.900E-2
4.758	1.905E-3	2.881E-2
4.766	1.723E-3	2.862E-2
4.775	1.247E-3	2.848E-2
4.783	4.867E-4	2.833E-2
4.791	-3.874E-4	2.820E-2
4.800	-1.270E-3	2.807E-2
4.808	-2.025E-3	2.794E-2
4.816	-2.555E-3	2.781E-2
4.825	-2.788E-3	2.764E-2
4.833	-2.757E-3	2.749E-2
4.842	-2.381E-3	2.737E-2
4.850	-1.763E-3	2.732E-2
4.858	-9.857E-4	2.732E-2
4.867	-1.497E-4	2.745E-2
4.875	5.691E-4	2.773E-2
4.883	1.162E-3	2.809E-2
4.892	1.520E-3	2.851E-2
4.900	1.554E-3	2.895E-2
4.909	1.395E-3	2.936E-2
4.917	9.668E-4	2.965E-2
4.925	3.732E-4	2.976E-2
4.934	-2.696E-4	2.973E-2
4.942	-8.859E-4	2.944E-2
4.951	-1.390E-3	2.897E-2
4.959	-1.741E-3	2.835E-2
4.967	-1.903E-3	2.766E-2
4.976	-1.880E-3	2.697E-2
4.984	-1.654E-3	2.642E-2
4.992	-1.334E-3	2.612E-2
5.001	-9.372E-4	2.613E-2
5.009	-5.598E-4	2.639E-2
5.018	-1.922E-4	2.694E-2
5.026	7.977E-5	2.769E-2
5.034	2.467E-4	2.853E-2
5.043	3.470E-4	2.931E-2
5.051	3.849E-4	3.001E-2
5.059	4.033E-4	3.037E-2
5.068	4.033E-4	3.053E-2
5.076	2.527E-4	3.036E-2
5.085	1.329E-4	2.991E-2
5.093	-9.872E-7	2.922E-2
5.101	-1.496E-4	2.841E-2
5.110	-3.562E-4	2.752E-2
5.118	-5.925E-4	2.676E-2
5.126	-8.555E-4	2.622E-2
5.135	-1.103E-3	2.596E-2
5.143	-1.351E-3	2.602E-2
5.152	-1.529E-3	2.640E-2
5.160	-1.572E-3	2.702E-2
5.168	-1.574E-3	2.778E-2
5.177	-1.364E-3	2.852E-2
5.185	-1.032E-3	2.917E-2
5.193	-6.039E-4	2.967E-2
5.202	-9.908E-5	2.994E-2
5.210	4.396E-4	2.992E-2
5.219	8.937E-4	2.976E-2
5.227	1.188E-3	2.940E-2
5.235	1.286E-3	2.889E-2
5.244	1.172E-3	2.832E-2
5.252	7.742E-4	2.776E-2
5.260	2.119E-4	2.732E-2
5.269	-4.758E-4	2.704E-2
5.277	-1.229E-3	2.693E-2
5.286	-1.881E-3	2.692E-2
5.294	-2.362E-3	2.713E-2
5.302	-2.598E-3	2.738E-2
5.311	-2.572E-3	2.767E-2
5.319	-2.218E-3	2.795E-2
5.327	-1.647E-3	2.823E-2
5.336	-8.971E-4	2.845E-2
5.344	-4.731E-5	2.857E-2
5.353	7.634E-4	2.861E-2
5.361	1.401E-3	2.867E-2
5.369	1.820E-3	2.869E-2
5.378	1.895E-3	2.871E-2
5.386	1.662E-3	2.872E-2
5.394	1.139E-3	2.872E-2
5.403	4.041E-4	2.872E-2
5.411	-4.285E-4	2.861E-2
5.420	-1.258E-3	2.848E-2
5.428	-1.904E-3	2.825E-2
5.436	-2.354E-3	2.797E-2
5.445	-2.543E-3	2.766E-2
5.453	-2.505E-3	2.734E-2
5.461	-2.117E-3	2.710E-2
5.470	-1.549E-3	2.693E-2
5.478	-8.796E-4	2.692E-2
5.487	-1.626E-4	2.707E-2
5.495	4.713E-4	2.741E-2
5.503	9.593E-4	2.788E-2
5.512	1.227E-3	2.843E-2
5.520	1.209E-3	2.902E-2
5.528	1.060E-3	2.951E-2
5.537	7.216E-4	2.986E-2
5.545	2.478E-4	3.000E-2
5.554	-2.459E-4	2.990E-2
5.562	-7.164E-4	2.955E-2
5.570	-1.111E-3	2.900E-2
5.579	-1.376E-3	2.831E-2
5.587	-1.503E-3	2.754E-2
5.596	-1.533E-3	2.684E-2
5.604	-1.463E-3	2.628E-2
5.612	-1.242E-3	2.597E-2
5.621	-9.991E-4	2.597E-2
5.629	-7.506E-4	2.632E-2
5.637	-5.224E-4	2.695E-2
5.646	-3.305E-4	2.773E-2
5.654	-1.566E-4	2.859E-2
5.663	-2.682E-5	2.937E-2
5.671	1.393E-4	2.997E-2
5.679	2.614E-4	3.034E-2
5.688	3.471E-4	3.038E-2
5.696	4.264E-4	3.019E-2
5.704	4.322E-4	2.976E-2
5.713	4.354E-4	2.912E-2
5.721	2.673E-4	2.833E-2
5.730	3.673E-5	2.752E-2
5.738	-2.744E-4	2.685E-2
5.746	-6.437E-4	2.638E-2
5.755	-1.068E-3	2.620E-2
5.763	-1.458E-3	2.629E-2
5.771	-1.714E-3	2.664E-2
5.780	-1.836E-3	2.720E-2
5.788	-1.833E-3	2.782E-2
5.797	-1.571E-3	2.845E-2
5.805	-1.162E-3	2.899E-2
5.813	-6.076E-4	2.939E-2
5.822	1.383E-5	2.961E-2
5.830	6.389E-4	2.962E-2
5.838	1.167E-3	2.945E-2
5.847	1.499E-3	2.915E-2
5.855	1.601E-3	2.875E-2
5.864	1.432E-3	2.833E-2
5.872	9.818E-4	2.793E-2
5.880	3.156E-4	2.764E-2
5.889	-4.620E-4	2.742E-2
5.897	-1.269E-3	2.732E-2
5.905	-1.971E-3	2.733E-2
5.914	-2.492E-3	2.738E-2
5.922	-2.720E-3	2.750E-2
5.931	-2.680E-3	2.762E-2
5.939	-2.286E-3	2.776E-2
5.947	-1.683E-3	2.787E-2
5.956	-8.873E-4	2.799E-2
5.964	-6.482E-5	2.810E-2
5.972	7.341E-4	2.823E-2
5.981	1.355E-3	2.841E-2
5.989	1.713E-3	2.858E-2
5.998	1.688E-3	2.878E-2
6.006	1.451E-3	2.894E-2
6.014	9.430E-4	2.906E-2
6.023	2.542E-4	2.909E-2
6.031	-5.172E-4	2.910E-2
6.039	-1.239E-3	2.885E-2
6.048	-1.795E-3	2.853E-2
6.056	-2.217E-3	2.812E-2
6.065	-2.388E-3	2.763E-2
6.073	-2.291E-3	2.717E-2
6.081	-1.952E-3	2.681E-2
6.090	-1.468E-3	2.662E-2
6.098	-8.662E-4	2.663E-2
6.106	-2.639E-4	2.684E-2
6.115	2.413E-4	2.729E-2
6.123	6.313E-4	2.788E-2
6.132	8.569E-4	2.854E-2
6.140	8.772E-4	2.919E-2
6.148	8.094E-4	2.973E-2
6.157	5.747E-4	3.006E-2
6.165	2.622E-4	3.016E-2
6.173	-8.227E-5	3.001E-2
6.182	-3.924E-4	2.962E-2
6.190	-6.847E-4	2.902E-2
6.199	-9.009E-4	2.825E-2
6.207	-1.030E-3	2.745E-2
6.215	-1.090E-3	2.673E-2
6.224	-1.132E-3	2.618E-2
6.232	-1.132E-3	2.594E-2
6.240	-1.129E-3	2.600E-2
6.249	-1.038E-3	2.639E-2
6.257	-9.477E-4	2.703E-2
6.266	-8.250E-4	2.783E-2
6.274	-6.609E-4	2.863E-2
6.282	-4.450E-4	2.937E-2
6.291	-2.026E-4	2.990E-2
6.299	7.308E-5	3.018E-2
6.308	3.268E-4	3.016E-2
6.316	5.142E-4	2.996E-2
6.324	6.389E-4	2.955E-2
6.333	6.568E-4	2.893E-2
6.341	5.302E-4	2.821E-2
6.349	2.354E-4	2.753E-2
6.358	-1.895E-4	2.695E-2
6.366	-6.963E-4	2.658E-2
6.375	-1.225E-3	2.646E-2
6.383	-1.705E-3	2.658E-2
6.391	-2.037E-3	2.690E-2
6.400	-2.207E-3	2.735E-2
6.408	-2.218E-3	2.786E-2
6.416	-1.886E-3	2.834E-2
6.425	-1.369E-3	2.874E-2
6.433	-7.505E-4	2.904E-2
6.442	-5.266E-6	2.922E-2
6.450	6.890E-4	2.921E-2
6.458	1.237E-3	2.913E-2
6.467	1.588E-3	2.894E-2
6.475	1.622E-3	2.870E-2
6.483	1.440E-3	2.845E-2
6.492	9.263E-4	2.823E-2
6.500	2.348E-4	2.804E-2
6.509	-5.753E-4	2.789E-2
6.517	-1.379E-3	2.778E-2
6.525	-2.047E-3	2.776E-2
6.534	-2.504E-3	2.764E-2
6.542	-2.691E-3	2.762E-2
6.550	-2.587E-3	2.754E-2
6.559	-2.193E-3	2.755E-2
6.567	-1.601E-3	2.755E-2
6.576	-8.259E-4	2.756E-2
6.584	-5.739E-5	2.774E-2
6.592	6.885E-4	2.797E-2
6.601	1.213E-3	2.824E-2
6.609	1.503E-3	2.856E-2
6.617	1.538E-3	2.890E-2
6.626	1.317E-3	2.919E-2
6.634	8.405E-4	2.940E-2
6.643	2.382E-4	2.942E-2
6.651	-4.304E-4	2.938E-2
6.659	-1.065E-3	2.909E-2
6.668	-1.573E-3	2.867E-2
6.676	-1.898E-3	2.816E-2
6.684	-2.003E-3	2.760E-2
6.693	-1.967E-3	2.704E-2
6.701	-1.697E-3	2.663E-2
6.710	-1.282E-3	2.640E-2
6.718	-8.502E-4	2.641E-2
6.726	-4.279E-4	2.669E-2
6.735	-3.474E-5	2.722E-2
6.743	2.544E-4	2.792E-2
6.751	4.322E-4	2.868E-2
6.760	4.594E-4	2.938E-2
6.768	4.580E-4	2.991E-2
6.777	3.523E-4	3.023E-2
6.785	2.088E-4	3.031E-2
6.793	2.774E-5	3.013E-2
6.802	-1.606E-4	2.967E-2
6.810	-3.627E-4	2.901E-2
6.818	-5.386E-4	2.821E-2
6.827	-6.701E-4	2.742E-2
6.835	-8.391E-4	2.670E-2
6.844	-9.860E-4	2.621E-2
6.852	-1.110E-3	2.601E-2
6.860	-1.239E-3	2.612E-2
6.869	-1.241E-3	2.654E-2
6.877	-1.233E-3	2.719E-2
6.885	-1.170E-3	2.791E-2
6.894	-9.549E-4	2.866E-2
6.902	-6.699E-4	2.931E-2
6.911	-2.839E-4	2.979E-2
6.919	1.236E-4	3.004E-2
6.927	5.344E-4	3.005E-2
6.936	8.637E-4	2.983E-2
6.944	1.074E-3	2.940E-2
6.952	1.087E-3	2.884E-2
6.961	9.510E-4	2.825E-2
6.969	5.956E-4	2.768E-2
6.978	8.579E-5	2.724E-2
6.986	-5.481E-4	2.697E-2
6.994	-1.174E-3	2.688E-2
7.003	-1.747E-3	2.695E-2
7.011	-2.162E-3	2.718E-2
7.020	-2.300E-3	2.751E-2
7.028	-2.251E-3	2.787E-2
7.036	-1.892E-3	2.821E-2
7.045	-1.351E-3	2.850E-2
7.053	-6.464E-4	2.872E-2
7.061	1.084E-4	2.883E-2
7.070	8.158E-4	2.886E-2
7.078	1.403E-3	2.888E-2
7.087	1.738E-3	2.882E-2
7.095	1.763E-3	2.876E-2
7.103	1.533E-3	2.866E-2
7.112	1.003E-3	2.859E-2
7.120	2.757E-4	2.851E-2
7.128	-5.387E-4	2.838E-2
7.137	-1.291E-3	2.827E-2
7.145	-1.916E-3	2.809E-2
7.154	-2.315E-3	2.788E-2
7.162	-2.475E-3	2.765E-2
7.170	-2.346E-3	2.744E-2
7.179	-1.953E-3	2.728E-2
7.187	-1.379E-3	2.721E-2
7.195	-6.964E-4	2.718E-2
7.204	1.943E-5	2.736E-2
7.212	6.413E-4	2.766E-2
7.221	1.103E-3	2.806E-2
7.229	1.348E-3	2.851E-2
7.237	1.355E-3	2.897E-2
7.246	1.118E-3	2.937E-2
7.254	7.108E-4	2.963E-2
7.262	1.935E-4	2.967E-2
7.271	-3.577E-4	2.956E-2
7.279	-8.765E-4	2.923E-2
7.288	-1.259E-3	2.871E-2
7.296	-1.553E-3	2.809E-2
7.304	-1.637E-3	2.743E-2
7.313	-1.623E-3	2.680E-2
7.321	-1.410E-3	2.636E-2
7.329	-1.143E-3	2.616E-2
7.338	-8.612E-4	2.619E-2
7.346	-5.776E-4	2.658E-2
7.355	-3.261E-4	2.718E-2
7.363	-1.032E-4	2.790E-2
7.371	5.907E-5	2.870E-2
7.380	1.576E-4	2.939E-2
7.388	2.006E-4	2.992E-2
7.396	2.255E-4	3.020E-2
7.405	2.377E-4	3.024E-2
7.413	2.359E-4	3.004E-2
7.422	2.066E-4	2.958E-2
7.430	9.004E-5	2.891E-2
7.438	-8.395E-5	2.816E-2
7.447	-2.527E-4	2.742E-2
7.455	-5.035E-4	2.676E-2
7.463	-7.834E-4	2.637E-2
7.472	-1.074E-3	2.624E-2
7.480	-1.355E-3	2.638E-2
7.489	-1.542E-3	2.679E-2
7.497	-1.571E-3	2.738E-2
7.505	-1.571E-3	2.802E-2
7.514	-1.302E-3	2.866E-2
7.522	-9.416E-4	2.919E-2
7.530	-4.586E-4	2.958E-2
7.539	6.897E-5	2.975E-2
7.547	5.733E-4	2.977E-2
7.556	1.001E-3	2.957E-2
7.564	1.240E-3	2.921E-2
7.572	1.227E-3	2.874E-2
7.581	1.037E-3	2.827E-2
7.589	6.561E-4	2.783E-2
7.597	4.384E-5	2.750E-2
7.606	-6.706E-4	2.732E-2
7.614	-1.356E-3	2.731E-2
7.623	-1.953E-3	2.731E-2
7.631	-2.368E-3	2.742E-2
7.639	-2.513E-3	2.760E-2
7.648	-2.399E-3	2.781E-2
7.656	-1.998E-3	2.801E-2
7.664	-1.417E-3	2.819E-2
7.673	-6.599E-4	2.832E-2
7.681	7.460E-5	2.842E-2
7.690	7.959E-4	2.852E-2
7.698	1.337E-3	2.858E-2
7.706	1.642E-3	2.866E-2
7.715	1.632E-3	2.874E-2
7.723	1.338E-3	2.877E-2
7.732	7.993E-4	2.877E-2
7.740	9.062E-5	2.876E-2
7.748	-6.708E-4	2.870E-2
7.757	-1.373E-3	2.849E-2
7.765	-1.918E-3	2.823E-2
7.773	-2.252E-3	2.790E-2
7.782	-2.362E-3	2.758E-2
7.790	-2.209E-3	2.725E-2
7.799	-1.844E-3	2.701E-2
7.807	-1.326E-3	2.690E-2
7.815	-7.178E-4	2.690E-2
7.824	-1.026E-4	2.713E-2
7.832	4.390E-4	2.753E-2
7.840	8.235E-4	2.805E-2
7.849	1.001E-3	2.864E-2
7.857	9.710E-4	2.919E-2
7.866	7.867E-4	2.963E-2
7.874	4.501E-4	2.989E-2
7.882	5.335E-5	2.990E-2
7.891	-3.582E-4	2.976E-2
7.899	-7.260E-4	2.939E-2
7.907	-9.962E-4	2.881E-2
7.916	-1.191E-3	2.809E-2
7.924	-1.280E-3	2.736E-2
7.933	-1.311E-3	2.672E-2
7.941	-1.302E-3	2.626E-2
7.949	-1.149E-3	2.606E-2
7.958	-1.019E-3	2.616E-2
7.966	-8.416E-4	2.656E-2
7.974	-6.996E-4	2.721E-2
7.983	-5.468E-4	2.795E-2
7.991	-3.776E-4	2.871E-2
8.000	-2.199E-4	2.938E-2
8.008	-3.929E-5	2.986E-2
8.016	1.432E-4	3.011E-2
8.025	2.957E-4	3.010E-2
8.033	3.873E-4	2.984E-2
8.041	4.184E-4	2.937E-2
8.050	4.279E-4	2.873E-2
8.058	2.631E-4	2.802E-2
8.067	7.860E-6	2.734E-2
8.075	-3.430E-4	2.680E-2
8.083	-7.720E-4	2.647E-2
8.092	-1.174E-3	2.641E-2
8.100	-1.560E-3	2.656E-2
8.108	-1.817E-3	2.693E-2
8.117	-1.867E-3	2.743E-2
8.125	-1.834E-3	2.795E-2
8.134	-1.536E-3	2.848E-2
8.142	-1.091E-3	2.892E-2
8.150	-5.219E-4	2.921E-2
8.159	1.119E-4	2.937E-2
8.167	6.821E-4	2.937E-2
8.175	1.153E-3	2.918E-2
8.184	1.413E-3	2.892E-2
8.192	1.409E-3	2.861E-2
8.201	1.175E-3	2.829E-2
8.209	6.783E-4	2.801E-2
8.217	2.182E-5	2.780E-2
8.226	-7.102E-4	2.765E-2
8.234	-1.433E-3	2.758E-2
8.242	-2.013E-3	2.758E-2
8.251	-2.421E-3	2.757E-2
8.259	-2.544E-3	2.758E-2
8.268	-2.396E-3	2.764E-2
8.276	-1.966E-3	2.764E-2
8.284	-1.375E-3	2.777E-2
8.293	-6.374E-4	2.786E-2
8.301	1.135E-4	2.798E-2
8.309	7.726E-4	2.816E-2
8.318	1.249E-3	2.835E-2
8.326	1.469E-3	2.856E-2
8.335	1.440E-3	2.877E-2
8.343	1.113E-3	2.896E-2
8.351	6.214E-4	2.909E-2
8.360	-9.797E-6	2.912E-2
8.368	-6.766E-4	2.901E-2
8.377	-1.298E-3	2.874E-2
8.385	-1.783E-3	2.839E-2
8.393	-2.064E-3	2.796E-2
8.402	-2.107E-3	2.751E-2
8.410	-1.990E-3	2.707E-2
8.418	-1.680E-3	2.675E-2
8.427	-1.210E-3	2.659E-2
8.435	-6.942E-4	2.662E-2
8.444	-2.303E-4	2.694E-2
8.452	1.856E-4	2.741E-2
8.460	4.727E-4	2.802E-2
8.469	6.332E-4	2.867E-2
8.477	6.445E-4	2.929E-2
8.485	5.508E-4	2.977E-2
8.494	3.313E-4	3.006E-2
8.502	6.967E-5	3.007E-2
8.511	-2.053E-4	2.986E-2
8.519	-4.360E-4	2.941E-2
8.527	-6.648E-4	2.878E-2
8.536	-8.226E-4	2.804E-2
8.544	-9.404E-4	2.731E-2
8.552	-1.036E-3	2.668E-2
8.561	-1.068E-3	2.625E-2
8.569	-1.108E-3	2.612E-2
8.578	-1.132E-3	2.628E-2
8.586	-1.131E-3	2.669E-2
8.594	-1.127E-3	2.732E-2
8.603	-9.785E-4	2.804E-2
8.611	-7.798E-4	2.874E-2
8.619	-4.937E-4	2.934E-2
8.628	-2.054E-4	2.978E-2
8.636	9.975E-5	3.000E-2
8.645	3.778E-4	3.001E-2
8.653	6.296E-4	2.970E-2
8.661	7.498E-4	2.924E-2
8.670	7.325E-4	2.865E-2
8.678	5.342E-4	2.803E-2
8.686	1.965E-4	2.745E-2
8.695	-2.456E-4	2.704E-2
8.703	-7.587E-4	2.680E-2
8.712	-1.298E-3	2.679E-2
8.720	-1.763E-3	2.692E-2
8.728	-2.062E-3	2.721E-2
8.737	-2.160E-3	2.758E-2
8.745	-2.047E-3	2.800E-2
8.753	-1.697E-3	2.840E-2
8.762	-1.164E-3	2.872E-2
8.770	-4.950E-4	2.894E-2
8.779	1.971E-4	2.902E-2
8.787	8.296E-4	2.900E-2
8.795	1.312E-3	2.892E-2
8.804	1.586E-3	2.876E-2
8.812	1.587E-3	2.858E-2
8.820	1.275E-3	2.841E-2
8.829	7.678E-4	2.827E-2
8.837	6.800E-5	2.815E-2
8.846	-6.825E-4	2.805E-2
8.854	-1.393E-3	2.797E-2
8.862	-1.969E-3	2.784E-2
8.871	-2.333E-3	2.774E-2
8.879	-2.378E-3	2.762E-2
8.887	-2.221E-3	2.754E-2
8.896	-1.814E-3	2.749E-2
8.904	-1.227E-3	2.750E-2
8.913	-5.168E-4	2.753E-2
8.921	2.005E-4	2.774E-2
8.929	7.934E-4	2.799E-2
8.938	1.186E-3	2.830E-2
8.946	1.369E-3	2.867E-2
8.954	1.361E-3	2.901E-2
8.963	1.020E-3	2.928E-2
8.971	5.338E-4	2.947E-2
8.980	-9.071E-6	2.946E-2
8.988	-5.785E-4	2.932E-2
8.996	-1.098E-3	2.901E-2
9.005	-1.504E-3	2.854E-2
9.013	-1.748E-3	2.799E-2
9.021	-1.774E-3	2.743E-2
9.030	-1.766E-3	2.690E-2
9.038	-1.511E-3	2.653E-2
9.047	-1.174E-3	2.641E-2
9.055	-8.069E-4	2.650E-2
9.063	-4.697E-4	2.684E-2
9.072	-1.842E-4	2.740E-2
9.080	2.165E-5	2.807E-2
9.089	1.607E-4	2.875E-2
9.097	1.991E-4	2.937E-2
9.105	2.097E-4	2.983E-2
9.114	2.159E-4	3.008E-2
9.122	8.515E-5	3.008E-2
9.130	-3.075E-5	2.982E-2
9.139	-1.557E-4	2.935E-2
9.147	-2.775E-4	2.869E-2
9.156	-4.411E-4	2.797E-2
9.164	-6.149E-4	2.727E-2
9.172	-8.077E-4	2.669E-2
9.181	-1.008E-3	2.633E-2
9.189	-1.163E-3	2.626E-2
9.197	-1.319E-3	2.643E-2
9.206	-1.373E-3	2.687E-2
9.214	-1.378E-3	2.748E-2
9.223	-1.332E-3	2.815E-2
9.231	-1.089E-3	2.879E-2
9.239	-7.513E-4	2.929E-2
9.248	-3.351E-4	2.965E-2
9.256	1.084E-4	2.981E-2
9.264	4.819E-4	2.980E-2
9.273	7.978E-4	2.950E-2
9.281	9.567E-4	2.912E-2
9.290	9.478E-4	2.863E-2
9.298	7.094E-4	2.813E-2
9.306	2.992E-4	2.771E-2
9.315	-2.400E-4	2.738E-2
9.323	-8.588E-4	2.716E-2
9.331	-1.460E-3	2.715E-2
9.340	-1.941E-3	2.720E-2
9.348	-2.244E-3	2.739E-2
9.357	-2.308E-3	2.764E-2
9.365	-2.170E-3	2.791E-2
9.373	-1.766E-3	2.820E-2
9.382	-1.199E-3	2.842E-2
9.390	-4.912E-4	2.857E-2
9.398	2.312E-4	2.865E-2
9.407	8.597E-4	2.867E-2
9.415	1.344E-3	2.869E-2
9.424	1.562E-3	2.870E-2
9.432	1.552E-3	2.870E-2
9.440	1.191E-3	2.870E-2
9.449	6.625E-4	2.869E-2
9.457	-2.698E-5	2.857E-2
9.465	-7.407E-4	2.845E-2
9.474	-1.391E-3	2.829E-2
9.482	-1.907E-3	2.808E-2
9.491	-2.208E-3	2.783E-2
9.499	-2.236E-3	2.758E-2
9.507	-2.088E-3	2.735E-2
9.516	-1.687E-3	2.718E-2
9.524	-1.108E-3	2.712E-2
9.532	-4.987E-4	2.715E-2
9.541	1.277E-4	2.738E-2
9.549	6.542E-4	2.772E-2
9.558	9.898E-4	2.818E-2
9.566	1.113E-3	2.868E-2
9.574	1.115E-3	2.913E-2
9.583	8.211E-4	2.947E-2
9.591	4.573E-4	2.966E-2
9.599	1.281E-5	2.965E-2
9.608	-4.360E-4	2.947E-2
9.616	-8.386E-4	2.907E-2
9.625	-1.146E-3	2.856E-2
9.633	-1.333E-3	2.792E-2
9.641	-1.365E-3	2.731E-2
9.650	-1.363E-3	2.678E-2
9.658	-1.198E-3	2.642E-2
9.666	-1.001E-3	2.629E-2
9.675	-7.582E-4	2.643E-2
9.683	-5.339E-4	2.683E-2
9.692	-3.412E-4	2.744E-2
9.700	-1.558E-4	2.817E-2
9.708	-4.091E-5	2.888E-2
9.717	7.471E-5	2.950E-2
9.725	1.642E-4	2.989E-2
9.733	2.053E-4	3.009E-2
9.742	2.300E-4	3.007E-2
9.750	2.364E-4	2.974E-2
9.759	2.357E-4	2.928E-2
9.767	2.219E-4	2.865E-2
9.775	1.686E-5	2.796E-2
9.784	-2.147E-4	2.732E-2
9.792	-4.932E-4	2.681E-2
9.801	-8.139E-4	2.651E-2
9.809	-1.146E-3	2.648E-2
9.817	-1.407E-3	2.665E-2
9.826	-1.582E-3	2.707E-2
9.834	-1.594E-3	2.759E-2
9.842	-1.556E-3	2.816E-2
9.851	-1.246E-3	2.870E-2
9.859	-8.130E-4	2.913E-2
9.868	-3.227E-4	2.941E-2
9.876	2.190E-4	2.951E-2
9.884	7.014E-4	2.948E-2
9.893	1.060E-3	2.922E-2
9.901	1.258E-3	2.890E-2
9.909	1.285E-3	2.851E-2
9.918	1.002E-3	2.815E-2
9.926	5.147E-4	2.783E-2
9.935	-1.169E-4	2.759E-2
9.943	-8.048E-4	2.744E-2
9.951	-1.456E-3	2.747E-2
9.960	-1.945E-3	2.749E-2
9.968	-2.281E-3	2.760E-2
9.976	-2.293E-3	2.772E-2
9.985	-2.170E-3	2.785E-2
9.993	-1.734E-3	2.799E-2
10.002	-1.147E-3	2.809E-2
10.010	-4.409E-4	2.821E-2
10.018	2.816E-4	2.830E-2
10.027	8.729E-4	2.841E-2
10.035	1.318E-3	2.854E-2
10.043	1.502E-3	2.866E-2
10.052	1.434E-3	2.878E-2
10.060	1.090E-3	2.889E-2
10.069	5.650E-4	2.890E-2
10.077	-9.381E-5	2.891E-2
10.085	-7.572E-4	2.878E-2
10.094	-1.325E-3	2.854E-2
10.102	-1.780E-3	2.824E-2
10.110	-2.046E-3	2.788E-2
10.119	-2.051E-3	2.751E-2
10.127	-1.893E-3	2.717E-2
10.136	-1.531E-3	2.693E-2
10.144	-1.043E-3	2.685E-2
10.152	-5.231E-4	2.692E-2
10.161	-1.282E-5	2.719E-2
10.169	4.028E-4	2.761E-2
10.177	6.886E-4	2.815E-2
10.186	7.884E-4	2.873E-2
10.194	7.557E-4	2.924E-2
10.203	5.324E-4	2.962E-2
10.211	2.592E-4	2.983E-2
10.219	-5.963E-5	2.984E-2
10.228	-3.610E-4	2.958E-2
10.236	-6.588E-4	2.914E-2
10.244	-8.920E-4	2.857E-2
10.253	-1.043E-3	2.788E-2
10.261	-1.138E-3	2.721E-2
10.270	-1.137E-3	2.664E-2
10.278	-1.134E-3	2.630E-2
10.286	-1.109E-3	2.624E-2
10.295	-1.000E-3	2.643E-2
10.303	-9.181E-4	2.686E-2
10.311	-7.961E-4	2.750E-2
10.320	-6.284E-4	2.820E-2
10.328	-4.596E-4	2.888E-2
10.337	-2.712E-4	2.945E-2
10.345	-4.367E-5	2.982E-2
10.353	1.750E-4	2.995E-2
10.362	3.618E-4	2.988E-2
10.370	4.888E-4	2.956E-2
10.378	4.864E-4	2.910E-2
10.387	4.824E-4	2.850E-2
10.395	2.679E-4	2.788E-2
10.404	-1.845E-5	2.730E-2
10.412	-4.084E-4	2.688E-2
10.420	-8.487E-4	2.666E-2
10.429	-1.304E-3	2.666E-2
10.437	-1.645E-3	2.685E-2
10.445	-1.844E-3	2.719E-2
10.454	-1.848E-3	2.762E-2
10.462	-1.765E-3	2.808E-2
10.471	-1.422E-3	2.848E-2
10.479	-9.350E-4	2.882E-2
10.487	-3.594E-4	2.906E-2
10.496	2.347E-4	2.913E-2
10.504	7.664E-4	2.914E-2
10.513	1.151E-3	2.897E-2
10.521	1.330E-3	2.875E-2
10.529	1.336E-3	2.851E-2
10.538	9.829E-4	2.827E-2
10.546	4.498E-4	2.805E-2
10.554	-1.829E-4	2.789E-2
10.563	-8.964E-4	2.778E-2
10.571	-1.533E-3	2.777E-2
10.580	-2.051E-3	2.770E-2
10.588	-2.321E-3	2.772E-2
10.596	-2.314E-3	2.772E-2
10.605	-2.127E-3	2.771E-2
10.613	-1.694E-3	2.773E-2
10.621	-1.077E-3	2.775E-2
10.630	-4.113E-4	2.785E-2
10.638	2.622E-4	2.800E-2
10.647	8.033E-4	2.820E-2
10.655	1.208E-3	2.843E-2
10.663	1.338E-3	2.871E-2
10.672	1.233E-3	2.895E-2
10.680	8.974E-4	2.915E-2
10.688	4.110E-4	2.924E-2
10.697	-1.545E-4	2.922E-2
10.705	-7.364E-4	2.903E-2
10.714	-1.246E-3	2.873E-2
10.722	-1.595E-3	2.833E-2
10.730	-1.803E-3	2.785E-2
10.739	-1.811E-3	2.737E-2
10.747	-1.653E-3	2.695E-2
10.755	-1.356E-3	2.667E-2
10.764	-9.725E-4	2.660E-2
10.772	-5.383E-4	2.672E-2
10.781	-1.476E-4	2.706E-2
10.789	1.552E-4	2.759E-2
10.797	3.907E-4	2.819E-2
10.806	4.800E-4	2.882E-2
10.814	4.744E-4	2.938E-2
10.822	4.164E-4	2.977E-2
10.831	2.459E-4	2.994E-2
10.839	5.520E-5	2.991E-2
10.848	-1.241E-4	2.960E-2
10.856	-3.193E-4	2.913E-2
10.864	-4.702E-4	2.851E-2
10.873	-6.184E-4	2.782E-2
10.881	-7.377E-4	2.717E-2
10.889	-8.555E-4	2.664E-2
10.898	-9.303E-4	2.634E-2
10.906	-1.012E-3	2.636E-2
10.915	-1.022E-3	2.656E-2
10.923	-1.008E-3	2.704E-2
10.931	-9.917E-4	2.764E-2
10.940	-8.834E-4	2.826E-2
10.948	-6.742E-4	2.888E-2
