#multi:
	mass A	mass B	
t	x	x	
-0.000	-3.883E-3	2.627E-2
0.008	-3.880E-3	2.629E-2
0.017	-3.860E-3	2.628E-2
0.025	-3.859E-3	2.628E-2
0.033	-3.858E-3	2.628E-2
0.042	-3.844E-3	2.628E-2
0.050	-3.826E-3	2.629E-2
0.059	-3.769E-3	2.630E-2
0.067	-3.670E-3	2.631E-2
0.075	-3.515E-3	2.632E-2
0.084	-3.254E-3	2.635E-2
0.092	-2.893E-3	2.635E-2
0.100	-2.375E-3	2.639E-2
0.109	-1.611E-3	2.651E-2
0.117	-6.155E-4	2.661E-2
0.126	4.739E-4	2.679E-2
0.134	1.558E-3	2.703E-2
0.142	2.448E-3	2.738E-2
0.151	3.010E-3	2.783E-2
0.159	3.171E-3	2.830E-2
0.167	2.936E-3	2.875E-2
0.176	2.365E-3	2.907E-2
0.184	1.550E-3	2.922E-2
0.193	6.395E-4	2.910E-2
0.201	-2.069E-4	2.874E-2
0.209	-9.184E-4	2.817E-2
0.218	-1.429E-3	2.740E-2
0.226	-1.621E-3	2.656E-2
0.235	-1.610E-3	2.572E-2
0.243	-1.320E-3	2.507E-2
0.251	-8.654E-4	2.472E-2
0.260	-3.602E-4	2.471E-2
0.268	1.460E-4	2.512E-2
0.276	6.300E-4	2.594E-2
0.285	9.745E-4	2.698E-2
0.293	1.193E-3	2.806E-2
0.302	1.344E-3	2.906E-2
0.310	1.368E-3	2.980E-2
0.318	1.377E-3	3.021E-2
0.327	1.385E-3	3.023E-2
0.335	1.292E-3	2.993E-2
0.343	1.219E-3	2.926E-2
0.352	1.048E-3	2.832E-2
0.360	8.324E-4	2.723E-2
0.369	5.582E-4	2.614E-2
0.377	1.390E-4	2.523E-2
0.385	-2.949E-4	2.468E-2
0.394	-7.314E-4	2.454E-2
0.402	-1.143E-3	2.480E-2
0.410	-1.411E-3	2.544E-2
0.419	-1.409E-3	2.626E-2
0.427	-1.291E-3	2.715E-2
0.436	-8.710E-4	2.800E-2
0.444	-2.302E-4	2.867E-2
0.452	5.466E-4	2.911E-2
0.461	1.403E-3	2.928E-2
0.469	2.157E-3	2.922E-2
0.477	2.711E-3	2.889E-2
0.486	3.012E-3	2.842E-2
0.494	2.914E-3	2.789E-2
0.503	2.473E-3	2.737E-2
0.511	1.689E-3	2.697E-2
0.519	6.365E-4	2.668E-2
0.528	-4.409E-4	2.650E-2
0.536	-1.435E-3	2.640E-2
0.544	-2.203E-3	2.642E-2
0.553	-2.578E-3	2.644E-2
0.561	-2.557E-3	2.650E-2
0.570	-2.174E-3	2.652E-2
0.578	-1.435E-3	2.661E-2
0.586	-4.312E-4	2.679E-2
0.595	6.607E-4	2.695E-2
0.603	1.749E-3	2.721E-2
0.611	2.563E-3	2.754E-2
0.620	3.030E-3	2.796E-2
0.628	3.125E-3	2.839E-2
0.637	2.838E-3	2.877E-2
0.645	2.215E-3	2.905E-2
0.653	1.391E-3	2.913E-2
0.662	4.823E-4	2.902E-2
0.670	-3.647E-4	2.863E-2
0.678	-1.062E-3	2.806E-2
0.687	-1.533E-3	2.731E-2
0.695	-1.703E-3	2.651E-2
0.704	-1.603E-3	2.572E-2
0.712	-1.267E-3	2.512E-2
0.720	-8.161E-4	2.480E-2
0.729	-2.948E-4	2.490E-2
0.737	2.314E-4	2.536E-2
0.745	6.923E-4	2.619E-2
0.754	1.020E-3	2.719E-2
0.762	1.215E-3	2.826E-2
0.771	1.328E-3	2.921E-2
0.779	1.350E-3	2.990E-2
0.787	1.358E-3	3.025E-2
0.796	1.347E-3	3.023E-2
0.804	1.215E-3	2.987E-2
0.812	1.102E-3	2.917E-2
0.821	9.160E-4	2.825E-2
0.829	6.859E-4	2.716E-2
0.838	4.092E-4	2.611E-2
0.846	1.146E-5	2.527E-2
0.854	-4.016E-4	2.474E-2
0.863	-8.336E-4	2.467E-2
0.871	-1.214E-3	2.498E-2
0.879	-1.412E-3	2.562E-2
0.888	-1.402E-3	2.650E-2
0.896	-1.211E-3	2.737E-2
0.905	-7.329E-4	2.820E-2
0.913	-9.353E-5	2.879E-2
0.921	7.079E-4	2.919E-2
0.930	1.521E-3	2.932E-2
0.938	2.246E-3	2.921E-2
0.947	2.761E-3	2.885E-2
0.955	2.982E-3	2.837E-2
0.963	2.838E-3	2.784E-2
0.972	2.315E-3	2.732E-2
0.980	1.508E-3	2.693E-2
0.988	5.138E-4	2.663E-2
0.997	-5.457E-4	2.649E-2
1.005	-1.495E-3	2.643E-2
1.014	-2.217E-3	2.644E-2
1.022	-2.552E-3	2.650E-2
1.030	-2.527E-3	2.656E-2
1.039	-2.045E-3	2.660E-2
1.047	-1.259E-3	2.673E-2
1.055	-2.981E-4	2.683E-2
1.064	8.172E-4	2.700E-2
1.072	1.860E-3	2.725E-2
1.081	2.593E-3	2.757E-2
1.089	3.022E-3	2.796E-2
1.097	3.007E-3	2.837E-2
1.106	2.678E-3	2.872E-2
1.114	2.055E-3	2.897E-2
1.122	1.220E-3	2.903E-2
1.131	2.968E-4	2.886E-2
1.139	-5.043E-4	2.847E-2
1.148	-1.151E-3	2.790E-2
1.156	-1.560E-3	2.716E-2
1.164	-1.691E-3	2.637E-2
1.173	-1.553E-3	2.562E-2
1.181	-1.200E-3	2.506E-2
1.189	-6.877E-4	2.485E-2
1.198	-1.713E-4	2.497E-2
1.206	3.680E-4	2.545E-2
1.215	8.295E-4	2.627E-2
1.223	1.148E-3	2.726E-2
1.231	1.360E-3	2.828E-2
1.240	1.454E-3	2.918E-2
1.248	1.429E-3	2.982E-2
1.256	1.413E-3	3.019E-2
1.265	1.288E-3	3.015E-2
1.273	1.188E-3	2.971E-2
1.282	1.037E-3	2.897E-2
1.290	8.649E-4	2.804E-2
1.298	6.513E-4	2.695E-2
1.307	3.742E-4	2.595E-2
1.315	1.028E-5	2.517E-2
1.323	-3.897E-4	2.474E-2
1.332	-7.904E-4	2.473E-2
1.340	-1.097E-3	2.508E-2
1.349	-1.272E-3	2.579E-2
1.357	-1.300E-3	2.665E-2
1.365	-1.081E-3	2.752E-2
1.374	-6.145E-4	2.829E-2
1.382	1.180E-5	2.887E-2
1.390	7.620E-4	2.923E-2
1.399	1.552E-3	2.931E-2
1.407	2.224E-3	2.913E-2
1.416	2.701E-3	2.879E-2
1.424	2.886E-3	2.830E-2
1.432	2.717E-3	2.774E-2
1.441	2.181E-3	2.722E-2
1.449	1.384E-3	2.680E-2
1.457	3.629E-4	2.653E-2
1.466	-6.185E-4	2.636E-2
1.474	-1.560E-3	2.633E-2
1.483	-2.191E-3	2.632E-2
1.491	-2.475E-3	2.638E-2
1.499	-2.381E-3	2.647E-2
1.508	-1.878E-3	2.657E-2
1.516	-1.067E-3	2.671E-2
1.524	-6.028E-5	2.685E-2
1.533	1.020E-3	2.704E-2
1.541	1.959E-3	2.728E-2
1.550	2.691E-3	2.759E-2
1.558	3.067E-3	2.796E-2
1.566	3.036E-3	2.835E-2
1.575	2.598E-3	2.864E-2
1.583	1.944E-3	2.883E-2
1.591	1.109E-3	2.883E-2
1.600	2.234E-4	2.864E-2
1.608	-5.855E-4	2.823E-2
1.617	-1.193E-3	2.767E-2
1.625	-1.568E-3	2.695E-2
1.633	-1.619E-3	2.621E-2
1.642	-1.500E-3	2.552E-2
1.650	-1.119E-3	2.504E-2
1.659	-6.289E-4	2.490E-2
1.667	-5.995E-5	2.505E-2
1.675	4.629E-4	2.560E-2
1.684	9.080E-4	2.645E-2
1.692	1.193E-3	2.743E-2
1.700	1.368E-3	2.842E-2
1.709	1.393E-3	2.924E-2
1.717	1.399E-3	2.986E-2
1.726	1.369E-3	3.016E-2
1.734	1.217E-3	3.003E-2
1.742	1.088E-3	2.954E-2
1.751	9.287E-4	2.879E-2
1.759	7.270E-4	2.781E-2
1.767	4.910E-4	2.674E-2
1.776	2.106E-4	2.578E-2
1.784	-1.502E-4	2.504E-2
1.793	-5.128E-4	2.471E-2
1.801	-8.659E-4	2.475E-2
1.809	-1.147E-3	2.515E-2
1.818	-1.295E-3	2.586E-2
1.826	-1.302E-3	2.672E-2
1.834	-1.007E-3	2.758E-2
1.843	-4.862E-4	2.835E-2
1.851	1.494E-4	2.893E-2
1.860	9.070E-4	2.927E-2
1.868	1.630E-3	2.929E-2
1.876	2.259E-3	2.909E-2
1.885	2.672E-3	2.869E-2
1.893	2.800E-3	2.819E-2
1.901	2.545E-3	2.761E-2
1.910	1.979E-3	2.712E-2
1.918	1.179E-3	2.675E-2
1.927	1.763E-4	2.648E-2
1.935	-8.068E-4	2.635E-2
1.943	-1.698E-3	2.633E-2
1.952	-2.224E-3	2.633E-2
1.960	-2.445E-3	2.646E-2
1.968	-2.289E-3	2.656E-2
1.977	-1.761E-3	2.671E-2
1.985	-9.488E-4	2.681E-2
1.994	6.169E-5	2.698E-2
2.002	1.121E-3	2.717E-2
2.010	2.038E-3	2.742E-2
2.019	2.713E-3	2.770E-2
2.027	3.020E-3	2.805E-2
2.035	2.922E-3	2.839E-2
2.044	2.490E-3	2.864E-2
2.052	1.792E-3	2.882E-2
2.061	9.392E-4	2.881E-2
2.069	5.987E-5	2.857E-2
2.077	-7.191E-4	2.816E-2
2.086	-1.291E-3	2.757E-2
2.094	-1.618E-3	2.687E-2
2.102	-1.613E-3	2.619E-2
2.111	-1.428E-3	2.555E-2
2.119	-1.006E-3	2.513E-2
2.128	-4.625E-4	2.497E-2
2.136	1.030E-4	2.518E-2
2.144	6.119E-4	2.577E-2
2.153	1.032E-3	2.662E-2
2.161	1.331E-3	2.759E-2
2.169	1.497E-3	2.856E-2
2.178	1.529E-3	2.933E-2
2.186	1.544E-3	2.983E-2
2.195	1.418E-3	3.005E-2
2.203	1.291E-3	2.993E-2
2.211	1.133E-3	2.944E-2
2.220	9.445E-4	2.867E-2
2.228	7.304E-4	2.771E-2
2.236	4.924E-4	2.667E-2
2.245	2.098E-4	2.575E-2
2.253	-1.158E-4	2.506E-2
2.262	-4.809E-4	2.474E-2
2.270	-8.103E-4	2.483E-2
2.278	-1.061E-3	2.532E-2
2.287	-1.170E-3	2.606E-2
2.295	-1.100E-3	2.692E-2
2.303	-8.168E-4	2.781E-2
2.312	-3.368E-4	2.855E-2
2.320	3.006E-4	2.905E-2
2.329	1.018E-3	2.931E-2
2.337	1.690E-3	2.929E-2
2.345	2.261E-3	2.906E-2
2.354	2.625E-3	2.862E-2
2.362	2.599E-3	2.809E-2
2.371	2.349E-3	2.751E-2
2.379	1.763E-3	2.699E-2
2.387	9.219E-4	2.660E-2
2.396	-4.511E-5	2.634E-2
2.404	-9.813E-4	2.626E-2
2.412	-1.775E-3	2.627E-2
2.421	-2.272E-3	2.633E-2
2.429	-2.408E-3	2.647E-2
2.438	-2.232E-3	2.658E-2
2.446	-1.673E-3	2.674E-2
2.454	-7.857E-4	2.690E-2
2.463	2.312E-4	2.703E-2
2.471	1.252E-3	2.723E-2
2.479	2.108E-3	2.745E-2
2.488	2.697E-3	2.772E-2
2.496	2.971E-3	2.806E-2
2.505	2.838E-3	2.837E-2
2.513	2.331E-3	2.860E-2
2.521	1.604E-3	2.876E-2
2.530	7.259E-4	2.876E-2
2.538	-1.294E-4	2.846E-2
2.546	-8.842E-4	2.808E-2
2.555	-1.433E-3	2.747E-2
2.563	-1.688E-3	2.679E-2
2.572	-1.664E-3	2.610E-2
2.580	-1.394E-3	2.548E-2
2.588	-9.451E-4	2.515E-2
2.597	-3.921E-4	2.507E-2
2.605	1.762E-4	2.534E-2
2.613	6.902E-4	2.596E-2
2.622	1.097E-3	2.682E-2
2.630	1.369E-3	2.776E-2
2.639	1.492E-3	2.870E-2
2.647	1.524E-3	2.944E-2
2.655	1.494E-3	2.990E-2
2.664	1.361E-3	3.003E-2
2.672	1.193E-3	2.981E-2
2.680	1.025E-3	2.932E-2
2.689	8.171E-4	2.852E-2
2.697	6.191E-4	2.754E-2
2.706	4.000E-4	2.655E-2
2.714	1.335E-4	2.561E-2
2.722	-1.755E-4	2.498E-2
2.731	-4.850E-4	2.474E-2
2.739	-7.650E-4	2.490E-2
2.747	-9.705E-4	2.541E-2
2.756	-9.919E-4	2.618E-2
2.764	-9.058E-4	2.705E-2
2.773	-5.887E-4	2.786E-2
2.781	-1.340E-4	2.856E-2
2.789	4.735E-4	2.905E-2
2.798	1.156E-3	2.929E-2
2.806	1.800E-3	2.928E-2
2.814	2.343E-3	2.898E-2
2.823	2.619E-3	2.853E-2
2.831	2.590E-3	2.798E-2
2.840	2.261E-3	2.739E-2
2.848	1.663E-3	2.691E-2
2.856	8.029E-4	2.655E-2
2.865	-1.386E-4	2.632E-2
2.873	-1.075E-3	2.628E-2
2.881	-1.823E-3	2.628E-2
2.890	-2.249E-3	2.636E-2
2.898	-2.299E-3	2.651E-2
2.907	-2.069E-3	2.668E-2
2.915	-1.489E-3	2.682E-2
2.923	-6.466E-4	2.698E-2
2.932	3.429E-4	2.715E-2
2.940	1.381E-3	2.734E-2
2.948	2.215E-3	2.758E-2
2.957	2.775E-3	2.786E-2
2.965	2.959E-3	2.815E-2
2.974	2.769E-3	2.841E-2
2.982	2.249E-3	2.861E-2
2.990	1.486E-3	2.865E-2
2.999	6.472E-4	2.860E-2
3.007	-1.891E-4	2.833E-2
3.016	-9.096E-4	2.789E-2
3.024	-1.414E-3	2.732E-2
3.032	-1.636E-3	2.668E-2
3.041	-1.607E-3	2.603E-2
3.049	-1.294E-3	2.549E-2
3.057	-8.687E-4	2.519E-2
3.066	-2.910E-4	2.518E-2
3.074	2.843E-4	2.545E-2
3.083	7.949E-4	2.606E-2
3.091	1.155E-3	2.690E-2
3.099	1.393E-3	2.786E-2
3.108	1.474E-3	2.872E-2
3.116	1.445E-3	2.941E-2
3.124	1.340E-3	2.984E-2
3.133	1.186E-3	2.995E-2
3.141	9.995E-4	2.970E-2
3.150	7.879E-4	2.913E-2
3.158	5.864E-4	2.834E-2
3.166	3.977E-4	2.737E-2
3.175	1.961E-4	2.641E-2
3.183	-6.273E-5	2.556E-2
3.191	-3.261E-4	2.500E-2
3.200	-5.936E-4	2.478E-2
3.208	-8.568E-4	2.498E-2
3.217	-1.039E-3	2.553E-2
3.225	-1.070E-3	2.632E-2
3.233	-9.468E-4	2.717E-2
3.242	-6.118E-4	2.801E-2
3.250	-1.222E-4	2.872E-2
3.258	4.621E-4	2.916E-2
3.267	1.128E-3	2.936E-2
3.275	1.760E-3	2.935E-2
3.284	2.245E-3	2.899E-2
3.292	2.498E-3	2.853E-2
3.300	2.494E-3	2.795E-2
3.309	2.093E-3	2.736E-2
3.317	1.451E-3	2.689E-2
3.325	6.048E-4	2.654E-2
3.334	-3.070E-4	2.634E-2
3.342	-1.153E-3	2.631E-2
3.351	-1.837E-3	2.631E-2
3.359	-2.216E-3	2.645E-2
3.367	-2.238E-3	2.660E-2
3.376	-1.967E-3	2.678E-2
3.384	-1.342E-3	2.695E-2
3.392	-4.653E-4	2.710E-2
3.401	5.295E-4	2.728E-2
3.409	1.467E-3	2.745E-2
3.418	2.246E-3	2.766E-2
3.426	2.755E-3	2.790E-2
3.434	2.867E-3	2.816E-2
3.443	2.651E-3	2.838E-2
3.451	2.131E-3	2.858E-2
3.459	1.323E-3	2.859E-2
3.468	4.821E-4	2.855E-2
3.476	-3.313E-4	2.825E-2
3.485	-1.019E-3	2.783E-2
3.493	-1.463E-3	2.725E-2
3.501	-1.625E-3	2.662E-2
3.510	-1.530E-3	2.601E-2
3.518	-1.222E-3	2.553E-2
3.526	-7.099E-4	2.525E-2
3.535	-1.428E-4	2.528E-2
3.543	4.281E-4	2.567E-2
3.552	9.340E-4	2.630E-2
3.560	1.290E-3	2.713E-2
3.568	1.528E-3	2.806E-2
3.577	1.580E-3	2.887E-2
3.585	1.579E-3	2.948E-2
3.593	1.437E-3	2.983E-2
3.602	1.246E-3	2.987E-2
3.610	1.036E-3	2.962E-2
3.619	8.492E-4	2.904E-2
3.627	6.408E-4	2.821E-2
3.635	4.402E-4	2.726E-2
3.644	2.187E-4	2.630E-2
3.652	-2.468E-5	2.544E-2
3.660	-2.751E-4	2.494E-2
3.669	-5.168E-4	2.482E-2
3.677	-7.334E-4	2.510E-2
3.686	-8.541E-4	2.570E-2
3.694	-8.717E-4	2.651E-2
3.702	-7.091E-4	2.740E-2
3.711	-3.601E-4	2.820E-2
3.719	1.216E-4	2.880E-2
3.728	7.048E-4	2.919E-2
3.736	1.345E-3	2.934E-2
3.744	1.918E-3	2.923E-2
3.753	2.320E-3	2.888E-2
3.761	2.513E-3	2.837E-2
3.769	2.436E-3	2.778E-2
3.778	2.046E-3	2.723E-2
3.786	1.383E-3	2.675E-2
3.795	5.279E-4	2.640E-2
3.803	-4.058E-4	2.627E-2
3.811	-1.208E-3	2.627E-2
3.820	-1.821E-3	2.632E-2
3.828	-2.124E-3	2.647E-2
3.836	-2.102E-3	2.665E-2
3.845	-1.723E-3	2.684E-2
3.853	-1.107E-3	2.706E-2
3.862	-2.387E-4	2.722E-2
3.870	7.413E-4	2.738E-2
3.878	1.663E-3	2.755E-2
3.887	2.386E-3	2.774E-2
3.895	2.809E-3	2.796E-2
3.903	2.851E-3	2.818E-2
3.912	2.548E-3	2.838E-2
3.920	1.960E-3	2.855E-2
3.929	1.187E-3	2.856E-2
3.937	3.042E-4	2.841E-2
3.945	-5.026E-4	2.813E-2
3.954	-1.142E-3	2.767E-2
3.962	-1.561E-3	2.712E-2
3.970	-1.703E-3	2.652E-2
3.979	-1.565E-3	2.593E-2
3.987	-1.198E-3	2.552E-2
3.996	-6.668E-4	2.530E-2
4.004	-8.172E-5	2.540E-2
4.012	5.170E-4	2.577E-2
4.021	1.001E-3	2.644E-2
4.029	1.324E-3	2.727E-2
4.037	1.524E-3	2.814E-2
4.046	1.549E-3	2.891E-2
4.054	1.550E-3	2.950E-2
4.063	1.375E-3	2.980E-2
4.071	1.167E-3	2.978E-2
4.079	9.460E-4	2.943E-2
4.088	7.202E-4	2.882E-2
4.096	5.042E-4	2.799E-2
4.104	2.847E-4	2.705E-2
4.113	5.515E-5	2.610E-2
4.121	-1.783E-4	2.534E-2
4.130	-4.147E-4	2.493E-2
4.138	-6.534E-4	2.488E-2
4.146	-8.382E-4	2.518E-2
4.155	-9.276E-4	2.579E-2
4.163	-9.221E-4	2.661E-2
4.171	-7.041E-4	2.748E-2
4.180	-3.522E-4	2.824E-2
4.188	1.313E-4	2.884E-2
4.197	7.225E-4	2.922E-2
4.205	1.314E-3	2.932E-2
4.213	1.869E-3	2.915E-2
4.222	2.247E-3	2.881E-2
4.230	2.397E-3	2.829E-2
4.238	2.246E-3	2.768E-2
4.247	1.832E-3	2.712E-2
4.255	1.160E-3	2.667E-2
4.264	3.241E-4	2.636E-2
4.272	-5.608E-4	2.620E-2
4.280	-1.343E-3	2.622E-2
4.289	-1.905E-3	2.634E-2
4.297	-2.126E-3	2.651E-2
4.305	-2.086E-3	2.671E-2
4.314	-1.650E-3	2.692E-2
4.322	-9.531E-4	2.711E-2
4.331	-4.400E-5	2.729E-2
4.339	9.153E-4	2.745E-2
4.347	1.807E-3	2.761E-2
4.356	2.483E-3	2.779E-2
4.364	2.850E-3	2.801E-2
4.372	2.821E-3	2.824E-2
4.381	2.480E-3	2.843E-2
4.389	1.882E-3	2.853E-2
4.398	1.069E-3	2.854E-2
4.406	2.192E-4	2.838E-2
4.414	-5.518E-4	2.807E-2
4.423	-1.165E-3	2.763E-2
4.431	-1.546E-3	2.708E-2
4.440	-1.629E-3	2.653E-2
4.448	-1.476E-3	2.598E-2
4.456	-1.061E-3	2.559E-2
4.465	-5.364E-4	2.542E-2
4.473	9.030E-5	2.552E-2
4.481	6.529E-4	2.594E-2
4.490	1.119E-3	2.665E-2
4.498	1.437E-3	2.747E-2
4.507	1.598E-3	2.831E-2
4.515	1.597E-3	2.904E-2
4.523	1.513E-3	2.955E-2
4.532	1.342E-3	2.978E-2
4.540	1.117E-3	2.975E-2
4.548	8.956E-4	2.932E-2
4.557	6.675E-4	2.868E-2
4.565	4.528E-4	2.784E-2
4.574	2.481E-4	2.692E-2
4.582	4.403E-5	2.602E-2
4.590	-1.837E-4	2.534E-2
4.599	-3.845E-4	2.493E-2
4.607	-6.058E-4	2.493E-2
4.615	-7.570E-4	2.528E-2
4.624	-7.726E-4	2.599E-2
4.632	-7.492E-4	2.681E-2
4.641	-4.977E-4	2.762E-2
4.649	-1.367E-4	2.838E-2
4.657	3.301E-4	2.892E-2
4.666	8.795E-4	2.927E-2
4.674	1.452E-3	2.930E-2
4.682	1.910E-3	2.911E-2
4.691	2.239E-3	2.872E-2
4.699	2.343E-3	2.817E-2
4.708	2.150E-3	2.756E-2
4.716	1.689E-3	2.701E-2
4.724	9.986E-4	2.656E-2
4.733	1.572E-4	2.628E-2
4.741	-6.569E-4	2.613E-2
4.749	-1.404E-3	2.612E-2
4.758	-1.893E-3	2.628E-2
4.766	-2.072E-3	2.649E-2
4.775	-1.964E-3	2.673E-2
4.783	-1.563E-3	2.695E-2
4.791	-8.272E-4	2.715E-2
4.800	4.638E-5	2.733E-2
4.808	9.730E-4	2.750E-2
4.816	1.815E-3	2.766E-2
4.825	2.458E-3	2.782E-2
4.833	2.784E-3	2.800E-2
4.842	2.766E-3	2.819E-2
4.850	2.341E-3	2.836E-2
4.858	1.680E-3	2.838E-2
4.867	8.538E-4	2.837E-2
4.875	2.560E-5	2.819E-2
4.883	-7.401E-4	2.788E-2
4.892	-1.296E-3	2.743E-2
4.900	-1.640E-3	2.691E-2
4.909	-1.646E-3	2.636E-2
4.917	-1.448E-3	2.586E-2
4.925	-1.013E-3	2.552E-2
4.934	-4.380E-4	2.541E-2
4.942	1.747E-4	2.557E-2
4.950	7.512E-4	2.600E-2
4.959	1.184E-3	2.670E-2
4.967	1.477E-3	2.750E-2
4.976	1.581E-3	2.830E-2
4.984	1.588E-3	2.899E-2
4.992	1.458E-3	2.948E-2
5.001	1.216E-3	2.970E-2
5.009	9.731E-4	2.956E-2
5.017	7.125E-4	2.915E-2
5.026	4.781E-4	2.851E-2
5.034	2.568E-4	2.766E-2
5.043	5.193E-5	2.674E-2
5.051	-1.438E-4	2.588E-2
5.059	-3.242E-4	2.520E-2
5.068	-4.754E-4	2.490E-2
5.076	-6.483E-4	2.494E-2
5.084	-7.540E-4	2.534E-2
5.093	-7.445E-4	2.602E-2
5.101	-7.127E-4	2.689E-2
5.110	-4.395E-4	2.771E-2
5.118	-7.893E-5	2.843E-2
5.126	4.219E-4	2.894E-2
5.135	9.565E-4	2.926E-2
5.143	1.497E-3	2.926E-2
5.152	1.956E-3	2.905E-2
5.160	2.253E-3	2.861E-2
5.168	2.272E-3	2.805E-2
5.177	2.091E-3	2.744E-2
5.185	1.610E-3	2.689E-2
5.193	9.193E-4	2.647E-2
5.202	1.227E-4	2.622E-2
5.210	-6.724E-4	2.612E-2
5.219	-1.362E-3	2.615E-2
5.227	-1.812E-3	2.631E-2
5.235	-1.991E-3	2.653E-2
5.244	-1.842E-3	2.677E-2
5.252	-1.363E-3	2.700E-2
5.260	-6.177E-4	2.721E-2
5.269	2.451E-4	2.740E-2
5.277	1.164E-3	2.754E-2
5.286	1.974E-3	2.769E-2
5.294	2.553E-3	2.787E-2
5.302	2.804E-3	2.801E-2
5.311	2.690E-3	2.818E-2
5.319	2.292E-3	2.832E-2
5.327	1.621E-3	2.834E-2
5.336	7.775E-4	2.834E-2
5.344	-6.965E-5	2.812E-2
5.353	-7.867E-4	2.779E-2
5.361	-1.307E-3	2.738E-2
5.369	-1.603E-3	2.688E-2
5.378	-1.605E-3	2.637E-2
5.386	-1.371E-3	2.589E-2
5.394	-9.151E-4	2.560E-2
5.403	-3.365E-4	2.551E-2
5.411	2.994E-4	2.571E-2
5.420	8.521E-4	2.621E-2
5.428	1.292E-3	2.689E-2
5.436	1.593E-3	2.768E-2
5.445	1.691E-3	2.847E-2
5.453	1.649E-3	2.911E-2
5.461	1.451E-3	2.951E-2
5.470	1.192E-3	2.967E-2
5.478	9.235E-4	2.951E-2
5.487	6.683E-4	2.906E-2
5.495	4.383E-4	2.839E-2
5.503	2.281E-4	2.752E-2
5.512	3.999E-5	2.664E-2
5.520	-1.518E-4	2.583E-2
5.528	-3.203E-4	2.520E-2
5.537	-4.592E-4	2.494E-2
5.545	-5.977E-4	2.503E-2
5.554	-6.843E-4	2.550E-2
5.562	-6.845E-4	2.624E-2
5.570	-6.044E-4	2.709E-2
5.579	-3.493E-4	2.791E-2
5.587	1.773E-5	2.859E-2
5.595	4.581E-4	2.907E-2
5.604	9.768E-4	2.930E-2
5.612	1.469E-3	2.929E-2
5.621	1.856E-3	2.901E-2
5.629	2.086E-3	2.855E-2
5.637	2.083E-3	2.797E-2
5.646	1.847E-3	2.734E-2
5.654	1.348E-3	2.681E-2
5.662	6.681E-4	2.637E-2
5.671	-1.138E-4	2.611E-2
5.679	-8.608E-4	2.606E-2
5.688	-1.508E-3	2.611E-2
5.696	-1.900E-3	2.631E-2
5.704	-1.994E-3	2.654E-2
5.713	-1.789E-3	2.680E-2
5.721	-1.284E-3	2.702E-2
5.729	-5.337E-4	2.724E-2
5.738	3.451E-4	2.742E-2
5.746	1.262E-3	2.758E-2
5.755	2.051E-3	2.769E-2
5.763	2.552E-3	2.786E-2
5.771	2.757E-3	2.797E-2
5.780	2.594E-3	2.810E-2
5.788	2.121E-3	2.819E-2
5.797	1.419E-3	2.818E-2
5.805	6.040E-4	2.814E-2
5.813	-2.027E-4	2.791E-2
5.822	-9.190E-4	2.759E-2
5.830	-1.416E-3	2.717E-2
5.838	-1.634E-3	2.669E-2
5.847	-1.620E-3	2.623E-2
5.855	-1.313E-3	2.583E-2
5.864	-8.461E-4	2.559E-2
5.872	-2.648E-4	2.559E-2
5.880	3.766E-4	2.580E-2
5.889	9.359E-4	2.628E-2
5.897	1.335E-3	2.695E-2
5.905	1.596E-3	2.772E-2
5.914	1.639E-3	2.845E-2
5.922	1.597E-3	2.906E-2
5.931	1.399E-3	2.946E-2
5.939	1.140E-3	2.955E-2
5.947	8.790E-4	2.933E-2
5.956	6.147E-4	2.886E-2
5.964	3.897E-4	2.816E-2
5.972	1.883E-4	2.728E-2
5.981	6.160E-6	2.640E-2
5.989	-1.594E-4	2.564E-2
5.998	-2.974E-4	2.512E-2
6.006	-4.239E-4	2.493E-2
6.014	-5.380E-4	2.510E-2
6.023	-5.392E-4	2.558E-2
6.031	-5.259E-4	2.631E-2
6.039	-3.944E-4	2.713E-2
6.048	-1.569E-4	2.794E-2
6.056	2.055E-4	2.858E-2
6.065	6.562E-4	2.904E-2
6.073	1.151E-3	2.926E-2
6.081	1.601E-3	2.925E-2
6.090	1.979E-3	2.889E-2
6.098	2.171E-3	2.840E-2
6.106	2.196E-3	2.780E-2
6.115	1.909E-3	2.719E-2
6.123	1.377E-3	2.667E-2
6.132	6.828E-4	2.630E-2
6.140	-9.741E-5	2.608E-2
6.148	-8.216E-4	2.607E-2
6.157	-1.421E-3	2.613E-2
6.165	-1.753E-3	2.634E-2
6.173	-1.785E-3	2.659E-2
6.182	-1.588E-3	2.687E-2
6.190	-1.053E-3	2.715E-2
6.199	-3.149E-4	2.738E-2
6.207	5.824E-4	2.754E-2
6.215	1.446E-3	2.769E-2
6.224	2.151E-3	2.781E-2
6.232	2.589E-3	2.793E-2
6.240	2.730E-3	2.804E-2
6.249	2.535E-3	2.816E-2
6.257	2.028E-3	2.817E-2
6.266	1.319E-3	2.816E-2
6.274	5.199E-4	2.810E-2
6.282	-2.940E-4	2.789E-2
6.291	-9.667E-4	2.754E-2
6.299	-1.413E-3	2.717E-2
6.307	-1.595E-3	2.670E-2
6.316	-1.553E-3	2.625E-2
6.324	-1.209E-3	2.587E-2
6.333	-6.882E-4	2.566E-2
6.341	-6.903E-5	2.565E-2
6.349	5.470E-4	2.590E-2
6.358	1.061E-3	2.639E-2
6.366	1.469E-3	2.710E-2
6.374	1.666E-3	2.785E-2
6.383	1.653E-3	2.856E-2
6.391	1.587E-3	2.910E-2
6.400	1.364E-3	2.945E-2
6.408	1.095E-3	2.947E-2
6.416	8.123E-4	2.927E-2
6.425	5.540E-4	2.877E-2
6.433	2.895E-4	2.808E-2
6.441	6.599E-5	2.721E-2
6.450	-1.152E-4	2.636E-2
6.458	-2.615E-4	2.560E-2
6.467	-3.842E-4	2.514E-2
6.475	-4.716E-4	2.498E-2
6.483	-5.341E-4	2.519E-2
6.492	-5.332E-4	2.571E-2
6.500	-5.122E-4	2.647E-2
6.509	-3.333E-4	2.729E-2
6.517	-5.049E-5	2.807E-2
6.525	3.055E-4	2.868E-2
6.534	7.290E-4	2.910E-2
6.542	1.182E-3	2.927E-2
6.550	1.597E-3	2.917E-2
6.559	1.933E-3	2.885E-2
6.567	2.054E-3	2.834E-2
6.576	2.018E-3	2.772E-2
6.584	1.671E-3	2.712E-2
6.592	1.142E-3	2.660E-2
6.601	4.597E-4	2.623E-2
6.609	-2.895E-4	2.606E-2
6.617	-9.637E-4	2.606E-2
6.626	-1.479E-3	2.618E-2
6.634	-1.763E-3	2.644E-2
6.643	-1.785E-3	2.674E-2
6.651	-1.499E-3	2.702E-2
6.659	-9.386E-4	2.726E-2
6.668	-1.831E-4	2.747E-2
6.676	6.824E-4	2.765E-2
6.684	1.506E-3	2.773E-2
6.693	2.193E-3	2.785E-2
6.701	2.610E-3	2.792E-2
6.710	2.684E-3	2.801E-2
6.718	2.460E-3	2.811E-2
6.726	1.953E-3	2.812E-2
6.735	1.220E-3	2.813E-2
6.743	4.130E-4	2.801E-2
6.751	-3.872E-4	2.781E-2
6.760	-1.040E-3	2.749E-2
6.768	-1.477E-3	2.707E-2
6.777	-1.603E-3	2.666E-2
6.785	-1.478E-3	2.626E-2
6.793	-1.114E-3	2.591E-2
6.802	-5.967E-4	2.574E-2
6.810	2.303E-5	2.577E-2
6.818	6.331E-4	2.611E-2
6.827	1.155E-3	2.660E-2
6.835	1.529E-3	2.725E-2
6.844	1.729E-3	2.796E-2
6.852	1.757E-3	2.860E-2
6.860	1.632E-3	2.910E-2
6.869	1.385E-3	2.939E-2
6.877	1.095E-3	2.942E-2
6.885	8.066E-4	2.916E-2
6.894	5.234E-4	2.865E-2
6.902	2.451E-4	2.791E-2
6.911	4.141E-5	2.707E-2
6.919	-9.841E-5	2.626E-2
6.927	-1.979E-4	2.557E-2
6.936	-2.784E-4	2.516E-2
6.944	-3.306E-4	2.505E-2
6.952	-3.966E-4	2.533E-2
6.961	-4.207E-4	2.590E-2
6.969	-4.242E-4	2.664E-2
6.978	-2.161E-4	2.745E-2
6.986	6.380E-5	2.821E-2
6.994	4.098E-4	2.878E-2
7.003	8.295E-4	2.914E-2
7.011	1.273E-3	2.930E-2
7.019	1.682E-3	2.914E-2
7.028	1.933E-3	2.881E-2
7.036	2.020E-3	2.828E-2
7.045	1.929E-3	2.766E-2
7.053	1.572E-3	2.705E-2
7.061	1.035E-3	2.653E-2
7.070	3.859E-4	2.616E-2
7.078	-3.063E-4	2.606E-2
7.086	-9.583E-4	2.607E-2
7.095	-1.453E-3	2.625E-2
7.103	-1.674E-3	2.651E-2
7.112	-1.653E-3	2.680E-2
7.120	-1.278E-3	2.707E-2
7.128	-7.081E-4	2.738E-2
7.137	5.746E-5	2.760E-2
7.145	8.896E-4	2.774E-2
7.153	1.667E-3	2.785E-2
7.162	2.284E-3	2.791E-2
7.170	2.643E-3	2.796E-2
7.179	2.674E-3	2.803E-2
7.187	2.442E-3	2.807E-2
7.195	1.886E-3	2.812E-2
7.204	1.126E-3	2.811E-2
7.212	2.908E-4	2.795E-2
7.221	-4.790E-4	2.771E-2
7.229	-1.073E-3	2.738E-2
7.237	-1.459E-3	2.699E-2
7.246	-1.556E-3	2.657E-2
7.254	-1.409E-3	2.616E-2
7.262	-1.019E-3	2.590E-2
7.271	-4.450E-4	2.579E-2
7.279	1.868E-4	2.587E-2
7.288	7.799E-4	2.617E-2
7.296	1.285E-3	2.671E-2
7.304	1.623E-3	2.737E-2
7.313	1.781E-3	2.808E-2
7.321	1.786E-3	2.871E-2
7.329	1.606E-3	2.917E-2
7.338	1.340E-3	2.943E-2
7.346	1.057E-3	2.943E-2
7.355	7.256E-4	2.910E-2
7.363	4.320E-4	2.855E-2
7.371	1.950E-4	2.782E-2
7.380	-8.656E-6	2.700E-2
7.388	-1.268E-4	2.620E-2
7.396	-2.201E-4	2.556E-2
7.405	-2.877E-4	2.520E-2
7.413	-3.343E-4	2.518E-2
7.422	-3.211E-4	2.543E-2
7.430	-3.065E-4	2.602E-2
7.438	-2.560E-4	2.678E-2
7.447	-3.792E-5	2.758E-2
7.455	2.312E-4	2.831E-2
7.463	5.784E-4	2.885E-2
7.472	9.785E-4	2.919E-2
7.480	1.364E-3	2.927E-2
7.489	1.724E-3	2.910E-2
7.497	1.981E-3	2.871E-2
7.505	2.024E-3	2.816E-2
7.514	1.906E-3	2.752E-2
7.522	1.545E-3	2.695E-2
7.530	9.947E-4	2.646E-2
7.539	3.051E-4	2.613E-2
7.547	-3.942E-4	2.601E-2
7.556	-1.018E-3	2.606E-2
7.564	-1.421E-3	2.627E-2
7.572	-1.627E-3	2.655E-2
7.581	-1.575E-3	2.684E-2
7.589	-1.173E-3	2.715E-2
7.597	-5.557E-4	2.743E-2
7.606	2.223E-4	2.765E-2
7.614	1.038E-3	2.775E-2
7.623	1.817E-3	2.787E-2
7.631	2.380E-3	2.789E-2
7.639	2.675E-3	2.793E-2
7.648	2.688E-3	2.795E-2
7.656	2.342E-3	2.797E-2
7.664	1.761E-3	2.795E-2
7.673	1.003E-3	2.793E-2
7.681	1.710E-4	2.774E-2
7.690	-5.660E-4	2.749E-2
7.698	-1.118E-3	2.718E-2
7.706	-1.460E-3	2.681E-2
7.715	-1.459E-3	2.641E-2
7.723	-1.289E-3	2.609E-2
7.731	-9.008E-4	2.584E-2
7.740	-3.330E-4	2.578E-2
7.748	3.295E-4	2.588E-2
7.757	8.971E-4	2.623E-2
7.765	1.379E-3	2.675E-2
7.773	1.686E-3	2.739E-2
7.782	1.786E-3	2.809E-2
7.790	1.782E-3	2.866E-2
7.798	1.565E-3	2.906E-2
7.807	1.289E-3	2.926E-2
7.815	9.549E-4	2.922E-2
7.824	6.273E-4	2.886E-2
7.832	3.529E-4	2.829E-2
7.840	1.354E-4	2.756E-2
7.849	-3.852E-5	2.677E-2
7.857	-1.532E-4	2.600E-2
7.865	-2.059E-4	2.542E-2
7.874	-2.588E-4	2.514E-2
7.882	-2.678E-4	2.514E-2
7.891	-2.741E-4	2.547E-2
7.899	-2.692E-4	2.612E-2
7.907	-1.622E-4	2.687E-2
7.916	1.789E-5	2.767E-2
7.924	2.888E-4	2.836E-2
7.933	6.226E-4	2.888E-2
7.941	1.005E-3	2.918E-2
7.949	1.359E-3	2.922E-2
7.958	1.674E-3	2.904E-2
7.966	1.840E-3	2.861E-2
7.974	1.844E-3	2.804E-2
7.983	1.723E-3	2.741E-2
7.991	1.354E-3	2.682E-2
8.000	8.150E-4	2.633E-2
8.008	1.897E-4	2.605E-2
8.016	-4.816E-4	2.594E-2
8.025	-1.047E-3	2.607E-2
8.033	-1.450E-3	2.629E-2
8.041	-1.595E-3	2.657E-2
8.050	-1.466E-3	2.691E-2
8.058	-1.054E-3	2.723E-2
8.067	-4.359E-4	2.749E-2
8.075	3.241E-4	2.768E-2
8.083	1.112E-3	2.782E-2
8.092	1.832E-3	2.788E-2
8.100	2.359E-3	2.790E-2
8.108	2.591E-3	2.791E-2
8.117	2.545E-3	2.792E-2
8.125	2.138E-3	2.793E-2
8.134	1.530E-3	2.792E-2
8.142	7.726E-4	2.789E-2
8.150	-4.702E-5	2.769E-2
8.159	-7.488E-4	2.745E-2
8.167	-1.256E-3	2.716E-2
8.175	-1.526E-3	2.680E-2
8.184	-1.552E-3	2.644E-2
8.192	-1.347E-3	2.612E-2
8.201	-9.005E-4	2.589E-2
8.209	-2.908E-4	2.585E-2
8.217	3.539E-4	2.602E-2
8.226	9.583E-4	2.636E-2
8.234	1.401E-3	2.687E-2
8.242	1.688E-3	2.752E-2
8.251	1.750E-3	2.815E-2
8.259	1.708E-3	2.869E-2
8.268	1.446E-3	2.908E-2
8.276	1.130E-3	2.924E-2
8.284	7.876E-4	2.910E-2
8.293	4.377E-4	2.874E-2
8.301	1.579E-4	2.817E-2
8.309	-5.941E-5	2.743E-2
8.318	-2.105E-4	2.664E-2
8.326	-2.774E-4	2.592E-2
8.335	-2.927E-4	2.537E-2
8.343	-2.985E-4	2.514E-2
8.351	-2.958E-4	2.518E-2
8.360	-2.857E-4	2.557E-2
8.368	-2.657E-4	2.622E-2
8.376	-9.175E-5	2.699E-2
8.385	1.309E-4	2.776E-2
8.393	4.144E-4	2.846E-2
8.402	7.223E-4	2.897E-2
8.410	1.090E-3	2.925E-2
8.418	1.442E-3	2.925E-2
8.427	1.699E-3	2.900E-2
8.435	1.837E-3	2.855E-2
8.443	1.832E-3	2.796E-2
8.452	1.628E-3	2.731E-2
8.460	1.216E-3	2.675E-2
8.469	6.622E-4	2.630E-2
8.477	3.378E-5	2.604E-2
8.485	-5.997E-4	2.601E-2
8.494	-1.139E-3	2.610E-2
8.502	-1.484E-3	2.633E-2
8.510	-1.570E-3	2.665E-2
8.519	-1.399E-3	2.701E-2
8.527	-9.699E-4	2.731E-2
8.536	-3.116E-4	2.761E-2
8.544	4.562E-4	2.780E-2
8.552	1.237E-3	2.794E-2
8.561	1.905E-3	2.794E-2
8.569	2.370E-3	2.794E-2
8.578	2.543E-3	2.794E-2
8.586	2.426E-3	2.793E-2
8.594	2.049E-3	2.792E-2
8.603	1.411E-3	2.791E-2
8.611	6.517E-4	2.779E-2
8.619	-1.351E-4	2.765E-2
8.628	-8.435E-4	2.742E-2
8.636	-1.347E-3	2.712E-2
8.645	-1.580E-3	2.679E-2
8.653	-1.580E-3	2.646E-2
8.661	-1.295E-3	2.617E-2
8.670	-8.314E-4	2.604E-2
8.678	-2.275E-4	2.604E-2
8.686	4.119E-4	2.618E-2
8.695	9.917E-4	2.657E-2
8.703	1.423E-3	2.709E-2
8.712	1.660E-3	2.771E-2
8.720	1.675E-3	2.831E-2
8.728	1.591E-3	2.881E-2
8.737	1.353E-3	2.912E-2
8.745	1.023E-3	2.924E-2
8.753	6.465E-4	2.907E-2
8.762	3.087E-4	2.868E-2
8.770	8.263E-6	2.811E-2
8.779	-2.125E-4	2.737E-2
8.787	-3.490E-4	2.661E-2
8.795	-4.107E-4	2.588E-2
8.804	-4.340E-4	2.539E-2
8.812	-4.425E-4	2.518E-2
8.820	-4.486E-4	2.529E-2
8.829	-4.441E-4	2.573E-2
8.837	-3.144E-4	2.640E-2
8.846	-1.622E-4	2.718E-2
8.854	4.309E-5	2.792E-2
8.862	3.039E-4	2.856E-2
8.871	6.269E-4	2.902E-2
8.879	9.584E-4	2.924E-2
8.887	1.284E-3	2.924E-2
8.896	1.541E-3	2.891E-2
8.904	1.663E-3	2.847E-2
8.913	1.649E-3	2.788E-2
8.921	1.390E-3	2.724E-2
8.929	9.872E-4	2.667E-2
8.938	4.389E-4	2.625E-2
8.946	-1.607E-4	2.602E-2
8.954	-7.515E-4	2.602E-2
8.963	-1.219E-3	2.614E-2
8.971	-1.515E-3	2.639E-2
8.980	-1.563E-3	2.676E-2
8.988	-1.382E-3	2.710E-2
8.996	-9.176E-4	2.745E-2
9.005	-2.641E-4	2.770E-2
9.013	4.984E-4	2.787E-2
9.021	1.227E-3	2.796E-2
9.030	1.860E-3	2.795E-2
9.038	2.313E-3	2.794E-2
9.047	2.457E-3	2.793E-2
9.055	2.325E-3	2.792E-2
9.063	1.884E-3	2.789E-2
9.072	1.220E-3	2.786E-2
9.080	4.301E-4	2.770E-2
9.088	-3.233E-4	2.751E-2
9.097	-9.440E-4	2.727E-2
9.105	-1.377E-3	2.698E-2
9.114	-1.580E-3	2.669E-2
9.122	-1.571E-3	2.638E-2
9.130	-1.226E-3	2.611E-2
9.139	-6.993E-4	2.600E-2
9.147	-7.445E-5	2.602E-2
9.155	5.750E-4	2.623E-2
9.164	1.162E-3	2.661E-2
9.172	1.570E-3	2.712E-2
9.181	1.799E-3	2.771E-2
9.189	1.809E-3	2.829E-2
9.197	1.688E-3	2.877E-2
9.206	1.387E-3	2.906E-2
9.214	1.044E-3	2.908E-2
9.222	6.795E-4	2.893E-2
9.231	3.463E-4	2.853E-2
9.239	8.252E-5	2.794E-2
9.248	-1.560E-4	2.720E-2
9.256	-2.870E-4	2.646E-2
9.264	-2.864E-4	2.580E-2
9.273	-2.903E-4	2.538E-2
9.281	-2.807E-4	2.520E-2
9.290	-2.685E-4	2.537E-2
9.298	-1.997E-4	2.582E-2
9.306	-7.103E-5	2.649E-2
9.315	9.408E-5	2.725E-2
9.323	2.629E-4	2.799E-2
9.331	5.056E-4	2.861E-2
9.340	7.978E-4	2.903E-2
9.348	1.101E-3	2.922E-2
9.357	1.387E-3	2.916E-2
9.365	1.591E-3	2.884E-2
9.373	1.683E-3	2.833E-2
9.382	1.623E-3	2.771E-2
9.390	1.349E-3	2.708E-2
9.398	9.463E-4	2.654E-2
9.407	4.012E-4	2.612E-2
9.415	-1.842E-4	2.590E-2
9.424	-7.464E-4	2.589E-2
9.432	-1.167E-3	2.608E-2
9.440	-1.412E-3	2.636E-2
9.449	-1.404E-3	2.673E-2
9.457	-1.167E-3	2.709E-2
9.465	-6.934E-4	2.744E-2
9.474	-5.397E-5	2.769E-2
9.482	6.863E-4	2.788E-2
9.491	1.416E-3	2.794E-2
9.499	2.020E-3	2.793E-2
9.507	2.425E-3	2.792E-2
9.516	2.523E-3	2.789E-2
9.524	2.320E-3	2.788E-2
9.532	1.840E-3	2.784E-2
9.541	1.200E-3	2.771E-2
9.549	4.000E-4	2.762E-2
9.558	-3.374E-4	2.744E-2
9.566	-9.232E-4	2.722E-2
9.574	-1.343E-3	2.696E-2
9.583	-1.525E-3	2.667E-2
9.591	-1.434E-3	2.639E-2
9.599	-1.087E-3	2.622E-2
9.608	-5.728E-4	2.611E-2
9.616	4.548E-5	2.611E-2
9.625	6.818E-4	2.635E-2
9.633	1.211E-3	2.673E-2
9.641	1.599E-3	2.724E-2
9.650	1.795E-3	2.781E-2
9.658	1.803E-3	2.837E-2
9.666	1.624E-3	2.880E-2
9.675	1.331E-3	2.905E-2
9.683	9.731E-4	2.905E-2
9.692	5.760E-4	2.883E-2
9.700	2.431E-4	2.840E-2
9.708	-4.313E-5	2.777E-2
9.717	-2.258E-4	2.708E-2
9.725	-3.089E-4	2.638E-2
9.733	-3.032E-4	2.574E-2
9.742	-2.993E-4	2.538E-2
9.750	-2.863E-4	2.523E-2
9.759	-2.174E-4	2.543E-2
9.767	-1.126E-4	2.591E-2
9.775	1.726E-5	2.658E-2
9.784	1.905E-4	2.732E-2
9.792	3.991E-4	2.807E-2
9.800	6.503E-4	2.865E-2
9.809	9.259E-4	2.903E-2
9.817	1.202E-3	2.919E-2
9.826	1.442E-3	2.906E-2
9.834	1.598E-3	2.872E-2
9.842	1.614E-3	2.821E-2
9.851	1.576E-3	2.761E-2
9.859	1.304E-3	2.698E-2
9.867	8.946E-4	2.645E-2
9.876	3.763E-4	2.609E-2
9.884	-1.797E-4	2.589E-2
9.893	-7.113E-4	2.588E-2
9.901	-1.123E-3	2.611E-2
9.909	-1.355E-3	2.643E-2
9.918	-1.350E-3	2.682E-2
9.926	-1.053E-3	2.719E-2
9.934	-5.754E-4	2.750E-2
9.943	6.622E-5	2.773E-2
9.951	7.622E-4	2.790E-2
9.960	1.435E-3	2.795E-2
9.968	2.015E-3	2.794E-2
9.976	2.358E-3	2.791E-2
9.985	2.359E-3	2.785E-2
9.993	2.132E-3	2.781E-2
10.002	1.626E-3	2.775E-2
10.010	9.349E-4	2.763E-2
10.018	1.905E-4	2.749E-2
10.027	-5.344E-4	2.733E-2
10.035	-1.100E-3	2.714E-2
10.043	-1.470E-3	2.690E-2
10.052	-1.552E-3	2.664E-2
10.060	-1.431E-3	2.642E-2
10.069	-1.017E-3	2.626E-2
10.077	-4.526E-4	2.618E-2
10.085	1.869E-4	2.625E-2
10.094	7.911E-4	2.652E-2
10.102	1.309E-3	2.691E-2
10.110	1.681E-3	2.742E-2
10.119	1.828E-3	2.795E-2
10.127	1.821E-3	2.844E-2
10.136	1.584E-3	2.885E-2
10.144	1.254E-3	2.905E-2
10.152	8.600E-4	2.904E-2
10.161	4.777E-4	2.878E-2
10.169	1.256E-4	2.833E-2
10.177	-1.285E-4	2.770E-2
10.186	-3.141E-4	2.699E-2
10.194	-3.321E-4	2.630E-2
10.203	-3.152E-4	2.567E-2
10.211	-2.968E-4	2.535E-2
10.219	-2.692E-4	2.530E-2
10.228	-1.449E-4	2.555E-2
10.236	-6.236E-5	2.606E-2
10.244	9.978E-5	2.675E-2
10.253	2.346E-4	2.748E-2
10.261	4.311E-4	2.816E-2
10.270	6.681E-4	2.871E-2
10.278	9.429E-4	2.907E-2
10.286	1.195E-3	2.918E-2
10.295	1.405E-3	2.903E-2
10.303	1.537E-3	2.865E-2
10.311	1.552E-3	2.809E-2
10.320	1.473E-3	2.747E-2
10.328	1.160E-3	2.683E-2
10.337	7.372E-4	2.631E-2
10.345	2.224E-4	2.597E-2
10.353	-3.171E-4	2.585E-2
10.362	-7.964E-4	2.589E-2
10.370	-1.142E-3	2.612E-2
10.378	-1.315E-3	2.647E-2
10.387	-1.305E-3	2.686E-2
10.395	-9.608E-4	2.725E-2
10.404	-4.471E-4	2.758E-2
10.412	1.900E-4	2.784E-2
10.420	9.088E-4	2.797E-2
10.429	1.572E-3	2.796E-2
10.437	2.095E-3	2.795E-2
10.445	2.374E-3	2.790E-2
10.454	2.349E-3	2.784E-2
10.462	2.067E-3	2.773E-2
10.471	1.549E-3	2.765E-2
10.479	8.749E-4	2.755E-2
10.487	1.421E-4	2.744E-2
10.496	-5.468E-4	2.725E-2
10.504	-1.076E-3	2.703E-2
10.512	-1.422E-3	2.679E-2
10.521	-1.455E-3	2.655E-2
10.529	-1.278E-3	2.632E-2
10.538	-9.079E-4	2.618E-2
10.546	-3.362E-4	2.616E-2
10.554	3.168E-4	2.627E-2
10.563	9.096E-4	2.653E-2
10.571	1.418E-3	2.693E-2
10.579	1.738E-3	2.742E-2
10.588	1.877E-3	2.794E-2
10.596	1.837E-3	2.840E-2
10.605	1.564E-3	2.877E-2
10.613	1.221E-3	2.894E-2
10.621	8.038E-4	2.895E-2
10.630	4.261E-4	2.863E-2
10.638	8.784E-5	2.815E-2
10.646	-1.861E-4	2.752E-2
10.655	-3.669E-4	2.681E-2
10.663	-4.100E-4	2.614E-2
10.672	-4.206E-4	2.560E-2
10.680	-4.269E-4	2.534E-2
10.688	-3.041E-4	2.535E-2
10.697	-1.816E-4	2.561E-2
10.705	-6.076E-5	2.614E-2
10.714	8.935E-5	2.681E-2
10.722	2.380E-4	2.753E-2
10.730	4.361E-4	2.822E-2
10.739	6.755E-4	2.877E-2
10.747	9.136E-4	2.907E-2
10.755	1.145E-3	2.908E-2
10.764	1.341E-3	2.893E-2
10.772	1.451E-3	2.853E-2
10.781	1.432E-3	2.799E-2
10.789	1.283E-3	2.738E-2
10.797	1.011E-3	2.677E-2
10.806	5.780E-4	2.628E-2
10.814	9.582E-5	2.594E-2
10.822	-4.302E-4	2.587E-2
10.831	-8.959E-4	2.596E-2
10.839	-1.200E-3	2.624E-2
10.848	-1.325E-3	2.660E-2
10.856	-1.221E-3	2.699E-2
10.864	-8.806E-4	2.737E-2
10.873	-3.751E-4	2.769E-2
10.881	2.540E-4	2.792E-2
10.889	9.429E-4	2.805E-2
10.898	1.579E-3	2.808E-2
10.906	2.067E-3	2.808E-2
10.915	2.297E-3	2.796E-2
10.923	2.290E-3	2.787E-2
10.931	1.944E-3	2.773E-2
10.940		2.763E-2
