#multi:
	mass A	mass B	
t	x	x	
0.000	2.334E-4	3.095E-2
0.008	2.339E-4	3.097E-2
0.017	2.352E-4	3.096E-2
0.025	2.392E-4	3.096E-2
0.034	2.510E-4	3.092E-2
0.042	3.060E-4	3.092E-2
0.050	3.405E-4	3.091E-2
0.059	3.844E-4	3.092E-2
0.067	4.260E-4	3.093E-2
0.075	4.721E-4	3.094E-2
0.084	4.926E-4	3.099E-2
0.092	5.175E-4	3.101E-2
0.101	5.335E-4	3.101E-2
0.109	6.317E-4	3.105E-2
0.117	7.330E-4	3.105E-2
0.126	9.120E-4	3.105E-2
0.134	1.180E-3	3.104E-2
0.142	1.587E-3	3.103E-2
0.151	2.252E-3	3.104E-2
0.159	3.223E-3	3.107E-2
0.168	4.370E-3	3.123E-2
0.176	5.648E-3	3.144E-2
0.184	6.768E-3	3.175E-2
0.193	7.570E-3	3.217E-2
0.201	7.954E-3	3.270E-2
0.209	7.917E-3	3.328E-2
0.218	7.414E-3	3.373E-2
0.226	6.626E-3	3.402E-2
0.235	5.639E-3	3.402E-2
0.243	4.689E-3	3.380E-2
0.251	3.850E-3	3.329E-2
0.260	3.187E-3	3.255E-2
0.268	2.838E-3	3.165E-2
0.276	2.753E-3	3.068E-2
0.285	2.930E-3	2.982E-2
0.293	3.378E-3	2.920E-2
0.302	3.911E-3	2.895E-2
0.310	4.461E-3	2.919E-2
0.318	5.004E-3	2.989E-2
0.327	5.389E-3	3.093E-2
0.335	5.691E-3	3.213E-2
0.343	5.885E-3	3.333E-2
0.352	5.951E-3	3.431E-2
0.360	6.000E-3	3.499E-2
0.369	5.989E-3	3.530E-2
0.377	5.977E-3	3.513E-2
0.385	5.957E-3	3.457E-2
0.394	5.820E-3	3.367E-2
0.402	5.622E-3	3.254E-2
0.410	5.399E-3	3.132E-2
0.419	5.019E-3	3.022E-2
0.427	4.529E-3	2.939E-2
0.436	4.020E-3	2.899E-2
0.444	3.473E-3	2.912E-2
0.452	3.051E-3	2.965E-2
0.461	2.819E-3	3.051E-2
0.469	2.807E-3	3.147E-2
0.477	3.151E-3	3.239E-2
0.486	3.743E-3	3.319E-2
0.494	4.545E-3	3.377E-2
0.503	5.506E-3	3.407E-2
0.511	6.453E-3	3.411E-2
0.519	7.227E-3	3.391E-2
0.528	7.783E-3	3.347E-2
0.536	7.898E-3	3.295E-2
0.544	7.600E-3	3.238E-2
0.553	6.888E-3	3.190E-2
0.561	5.844E-3	3.152E-2
0.570	4.652E-3	3.127E-2
0.578	3.449E-3	3.116E-2
0.586	2.433E-3	3.116E-2
0.595	1.822E-3	3.115E-2
0.603	1.601E-3	3.116E-2
0.611	1.821E-3	3.117E-2
0.620	2.477E-3	3.118E-2
0.628	3.467E-3	3.126E-2
0.637	4.645E-3	3.139E-2
0.645	5.853E-3	3.161E-2
0.653	6.911E-3	3.193E-2
0.662	7.609E-3	3.234E-2
0.670	7.936E-3	3.286E-2
0.678	7.789E-3	3.336E-2
0.687	7.267E-3	3.380E-2
0.695	6.488E-3	3.402E-2
0.704	5.492E-3	3.400E-2
0.712	4.547E-3	3.374E-2
0.720	3.718E-3	3.322E-2
0.729	3.096E-3	3.248E-2
0.737	2.808E-3	3.159E-2
0.746	2.783E-3	3.069E-2
0.754	2.975E-3	2.985E-2
0.762	3.438E-3	2.929E-2
0.771	3.964E-3	2.915E-2
0.779	4.531E-3	2.944E-2
0.787	5.043E-3	3.017E-2
0.796	5.434E-3	3.123E-2
0.804	5.706E-3	3.242E-2
0.813	5.881E-3	3.354E-2
0.821	5.915E-3	3.445E-2
0.829	5.956E-3	3.502E-2
0.838	5.955E-3	3.529E-2
0.846	5.945E-3	3.505E-2
0.854	5.879E-3	3.446E-2
0.863	5.741E-3	3.352E-2
0.871	5.544E-3	3.236E-2
0.880	5.275E-3	3.115E-2
0.888	4.877E-3	3.010E-2
0.896	4.404E-3	2.935E-2
0.905	3.889E-3	2.906E-2
0.913	3.399E-3	2.925E-2
0.921	3.035E-3	2.984E-2
0.930	2.845E-3	3.070E-2
0.938	2.843E-3	3.165E-2
0.947	3.233E-3	3.257E-2
0.955	3.850E-3	3.340E-2
0.963	4.666E-3	3.393E-2
0.972	5.615E-3	3.419E-2
0.980	6.516E-3	3.419E-2
0.988	7.256E-3	3.389E-2
0.997	7.724E-3	3.345E-2
1.005	7.751E-3	3.290E-2
1.014	7.458E-3	3.235E-2
1.022	6.758E-3	3.188E-2
1.030	5.715E-3	3.152E-2
1.039	4.524E-3	3.127E-2
1.047	3.397E-3	3.117E-2
1.055	2.423E-3	3.117E-2
1.064	1.893E-3	3.117E-2
1.072	1.691E-3	3.118E-2
1.081	1.954E-3	3.122E-2
1.089	2.686E-3	3.127E-2
1.097	3.705E-3	3.136E-2
1.106	4.903E-3	3.150E-2
1.114	6.079E-3	3.171E-2
1.122	7.070E-3	3.201E-2
1.131	7.700E-3	3.244E-2
1.139	7.968E-3	3.298E-2
1.148	7.762E-3	3.345E-2
1.156	7.199E-3	3.382E-2
1.164	6.411E-3	3.404E-2
1.173	5.445E-3	3.406E-2
1.181	4.511E-3	3.375E-2
1.189	3.707E-3	3.322E-2
1.198	3.117E-3	3.247E-2
1.206	2.862E-3	3.161E-2
1.215	2.895E-3	3.072E-2
1.223	3.186E-3	2.989E-2
1.231	3.662E-3	2.939E-2
1.240	4.213E-3	2.928E-2
1.248	4.747E-3	2.966E-2
1.256	5.249E-3	3.042E-2
1.265	5.599E-3	3.147E-2
1.273	5.891E-3	3.264E-2
1.282	6.015E-3	3.374E-2
1.290	6.003E-3	3.459E-2
1.298	6.008E-3	3.512E-2
1.307	5.987E-3	3.524E-2
1.315	5.927E-3	3.501E-2
1.323	5.842E-3	3.440E-2
1.332	5.691E-3	3.344E-2
1.340	5.501E-3	3.229E-2
1.349	5.226E-3	3.114E-2
1.357	4.838E-3	3.009E-2
1.365	4.392E-3	2.939E-2
1.374	3.899E-3	2.917E-2
1.382	3.440E-3	2.938E-2
1.390	3.130E-3	3.000E-2
1.399	2.998E-3	3.088E-2
1.407	3.078E-3	3.183E-2
1.416	3.466E-3	3.275E-2
1.424	4.086E-3	3.348E-2
1.432	4.912E-3	3.396E-2
1.441	5.815E-3	3.419E-2
1.449	6.645E-3	3.416E-2
1.458	7.325E-3	3.380E-2
1.466	7.702E-3	3.330E-2
1.474	7.725E-3	3.274E-2
1.483	7.334E-3	3.218E-2
1.491	6.571E-3	3.170E-2
1.499	5.544E-3	3.137E-2
1.508	4.369E-3	3.119E-2
1.516	3.246E-3	3.111E-2
1.525	2.349E-3	3.112E-2
1.533	1.857E-3	3.114E-2
1.541	1.784E-3	3.121E-2
1.550	2.101E-3	3.123E-2
1.558	2.836E-3	3.133E-2
1.566	3.840E-3	3.145E-2
1.575	5.032E-3	3.159E-2
1.583	6.177E-3	3.182E-2
1.592	7.097E-3	3.214E-2
1.600	7.686E-3	3.254E-2
1.608	7.879E-3	3.301E-2
1.617	7.589E-3	3.345E-2
1.625	7.004E-3	3.378E-2
1.633	6.170E-3	3.394E-2
1.642	5.210E-3	3.385E-2
1.650	4.303E-3	3.354E-2
1.659	3.524E-3	3.300E-2
1.667	2.991E-3	3.223E-2
1.675	2.763E-3	3.140E-2
1.684	2.779E-3	3.055E-2
1.692	3.121E-3	2.982E-2
1.700	3.638E-3	2.941E-2
1.709	4.198E-3	2.939E-2
1.717	4.767E-3	2.976E-2
1.726	5.256E-3	3.057E-2
1.734	5.607E-3	3.160E-2
1.742	5.866E-3	3.275E-2
1.751	5.990E-3	3.379E-2
1.759	5.985E-3	3.457E-2
1.767	5.977E-3	3.506E-2
1.776	5.943E-3	3.513E-2
1.784	5.823E-3	3.480E-2
1.793	5.702E-3	3.415E-2
1.801	5.533E-3	3.319E-2
1.809	5.321E-3	3.205E-2
1.818	5.041E-3	3.094E-2
1.826	4.666E-3	2.998E-2
1.834	4.236E-3	2.937E-2
1.843	3.807E-3	2.921E-2
1.851	3.411E-3	2.947E-2
1.860	3.130E-3	3.011E-2
1.868	3.040E-3	3.098E-2
1.876	3.189E-3	3.190E-2
1.885	3.604E-3	3.279E-2
1.893	4.234E-3	3.347E-2
1.901	5.054E-3	3.394E-2
1.910	5.910E-3	3.415E-2
1.918	6.714E-3	3.402E-2
1.927	7.316E-3	3.369E-2
1.935	7.635E-3	3.319E-2
1.943	7.598E-3	3.261E-2
1.952	7.095E-3	3.206E-2
1.960	6.313E-3	3.161E-2
1.968	5.261E-3	3.128E-2
1.977	4.117E-3	3.110E-2
1.985	3.087E-3	3.104E-2
1.994	2.318E-3	3.103E-2
2.002	1.872E-3	3.108E-2
2.010	1.858E-3	3.118E-2
2.019	2.233E-3	3.124E-2
2.027	3.005E-3	3.138E-2
2.035	4.011E-3	3.146E-2
2.044	5.188E-3	3.163E-2
2.052	6.295E-3	3.187E-2
2.061	7.186E-3	3.215E-2
2.069	7.682E-3	3.255E-2
2.077	7.815E-3	3.299E-2
2.086	7.510E-3	3.338E-2
2.094	6.873E-3	3.371E-2
2.103	5.998E-3	3.380E-2
2.111	5.033E-3	3.370E-2
2.119	4.149E-3	3.334E-2
2.128	3.416E-3	3.278E-2
2.136	2.957E-3	3.203E-2
2.144	2.769E-3	3.121E-2
2.153	2.857E-3	3.040E-2
2.161	3.228E-3	2.976E-2
2.170	3.736E-3	2.943E-2
2.178	4.302E-3	2.942E-2
2.186	4.861E-3	2.987E-2
2.195	5.317E-3	3.068E-2
2.203	5.657E-3	3.173E-2
2.211	5.885E-3	3.284E-2
2.220	5.970E-3	3.378E-2
2.228	5.970E-3	3.455E-2
2.237	5.964E-3	3.498E-2
2.245	5.853E-3	3.501E-2
2.253	5.759E-3	3.468E-2
2.262	5.628E-3	3.396E-2
2.270	5.469E-3	3.297E-2
2.278	5.252E-3	3.186E-2
2.287	4.983E-3	3.072E-2
2.295	4.636E-3	2.982E-2
2.304	4.214E-3	2.928E-2
2.312	3.759E-3	2.921E-2
2.320	3.397E-3	2.954E-2
2.329	3.163E-3	3.024E-2
2.337	3.150E-3	3.113E-2
2.345	3.307E-3	3.207E-2
2.354	3.702E-3	3.298E-2
2.362	4.337E-3	3.362E-2
2.371	5.113E-3	3.404E-2
2.379	5.926E-3	3.421E-2
2.387	6.672E-3	3.406E-2
2.396	7.251E-3	3.371E-2
2.404	7.537E-3	3.321E-2
2.412	7.417E-3	3.260E-2
2.421	6.884E-3	3.206E-2
2.429	6.060E-3	3.162E-2
2.438	5.025E-3	3.132E-2
2.446	3.925E-3	3.118E-2
2.454	2.942E-3	3.118E-2
2.463	2.244E-3	3.118E-2
2.471	1.891E-3	3.125E-2
2.479	1.875E-3	3.132E-2
2.488	2.321E-3	3.144E-2
2.496	3.103E-3	3.155E-2
2.505	4.147E-3	3.167E-2
2.513	5.277E-3	3.184E-2
2.521	6.339E-3	3.207E-2
2.530	7.187E-3	3.235E-2
2.538	7.610E-3	3.274E-2
2.546	7.600E-3	3.315E-2
2.555	7.301E-3	3.352E-2
2.563	6.607E-3	3.377E-2
2.572	5.727E-3	3.381E-2
2.580	4.791E-3	3.371E-2
2.588	3.941E-3	3.336E-2
2.597	3.248E-3	3.280E-2
2.605	2.824E-3	3.207E-2
2.613	2.685E-3	3.127E-2
2.622	2.826E-3	3.047E-2
2.630	3.204E-3	2.985E-2
2.639	3.715E-3	2.955E-2
2.647	4.304E-3	2.964E-2
2.655	4.876E-3	3.012E-2
2.664	5.322E-3	3.096E-2
2.672	5.651E-3	3.201E-2
2.680	5.850E-3	3.310E-2
2.689	5.921E-3	3.399E-2
2.697	5.932E-3	3.466E-2
2.706	5.897E-3	3.498E-2
2.714	5.771E-3	3.500E-2
2.722	5.648E-3	3.461E-2
2.731	5.502E-3	3.387E-2
2.739	5.314E-3	3.289E-2
2.747	5.088E-3	3.177E-2
2.756	4.817E-3	3.072E-2
2.764	4.480E-3	2.982E-2
2.773	4.125E-3	2.936E-2
2.781	3.719E-3	2.935E-2
2.789	3.374E-3	2.972E-2
2.798	3.198E-3	3.046E-2
2.806	3.198E-3	3.136E-2
2.815	3.397E-3	3.233E-2
2.823	3.842E-3	3.315E-2
2.831	4.470E-3	3.377E-2
2.840	5.248E-3	3.412E-2
2.848	6.035E-3	3.422E-2
2.856	6.716E-3	3.402E-2
2.865	7.232E-3	3.361E-2
2.873	7.445E-3	3.309E-2
2.882	7.303E-3	3.247E-2
2.890	6.764E-3	3.196E-2
2.898	5.920E-3	3.150E-2
2.907	4.885E-3	3.121E-2
2.915	3.818E-3	3.105E-2
2.923	2.917E-3	3.103E-2
2.932	2.273E-3	3.103E-2
2.940	1.974E-3	3.116E-2
2.949	2.047E-3	3.125E-2
2.957	2.545E-3	3.140E-2
2.965	3.354E-3	3.148E-2
2.974	4.369E-3	3.163E-2
2.982	5.479E-3	3.179E-2
2.990	6.498E-3	3.203E-2
2.999	7.254E-3	3.233E-2
3.007	7.666E-3	3.268E-2
3.016	7.696E-3	3.308E-2
3.024	7.289E-3	3.340E-2
3.032	6.591E-3	3.364E-2
3.041	5.689E-3	3.366E-2
3.049	4.761E-3	3.354E-2
3.057	3.922E-3	3.314E-2
3.066	3.282E-3	3.259E-2
3.074	2.888E-3	3.187E-2
3.083	2.819E-3	3.110E-2
3.091	2.971E-3	3.034E-2
3.099	3.367E-3	2.980E-2
3.108	3.936E-3	2.958E-2
3.116	4.515E-3	2.970E-2
3.124	5.074E-3	3.027E-2
3.133	5.516E-3	3.112E-2
3.141	5.797E-3	3.218E-2
3.150	5.956E-3	3.319E-2
3.158	5.964E-3	3.407E-2
3.166	5.960E-3	3.470E-2
3.175	5.849E-3	3.495E-2
3.183	5.738E-3	3.485E-2
3.191	5.572E-3	3.442E-2
3.200	5.402E-3	3.365E-2
3.208	5.244E-3	3.266E-2
3.217	5.033E-3	3.155E-2
3.225	4.770E-3	3.052E-2
3.233	4.435E-3	2.975E-2
3.242	4.075E-3	2.936E-2
3.250	3.714E-3	2.938E-2
3.258	3.416E-3	2.983E-2
3.267	3.243E-3	3.058E-2
3.275	3.236E-3	3.145E-2
3.284	3.493E-3	3.236E-2
3.292	3.936E-3	3.315E-2
3.300	4.556E-3	3.374E-2
3.309	5.302E-3	3.406E-2
3.317	6.055E-3	3.412E-2
3.325	6.729E-3	3.394E-2
3.334	7.153E-3	3.351E-2
3.342	7.304E-3	3.295E-2
3.351	7.079E-3	3.236E-2
3.359	6.511E-3	3.183E-2
3.367	5.680E-3	3.141E-2
3.376	4.651E-3	3.115E-2
3.384	3.627E-3	3.104E-2
3.392	2.769E-3	3.102E-2
3.401	2.188E-3	3.107E-2
3.409	1.981E-3	3.123E-2
3.418	2.135E-3	3.135E-2
3.426	2.630E-3	3.150E-2
3.434	3.473E-3	3.161E-2
3.443	4.479E-3	3.174E-2
3.451	5.589E-3	3.191E-2
3.459	6.555E-3	3.212E-2
3.468	7.275E-3	3.238E-2
3.476	7.625E-3	3.271E-2
3.485	7.556E-3	3.307E-2
3.493	7.074E-3	3.334E-2
3.501	6.348E-3	3.352E-2
3.510	5.449E-3	3.351E-2
3.518	4.552E-3	3.331E-2
3.527	3.733E-3	3.292E-2
3.535	3.131E-3	3.235E-2
3.543	2.805E-3	3.165E-2
3.552	2.780E-3	3.092E-2
3.560	2.956E-3	3.026E-2
3.568	3.405E-3	2.979E-2
3.577	3.970E-3	2.962E-2
3.585	4.562E-3	2.981E-2
3.594	5.100E-3	3.037E-2
3.602	5.512E-3	3.120E-2
3.610	5.784E-3	3.222E-2
3.619	5.934E-3	3.322E-2
3.627	5.940E-3	3.409E-2
3.635	5.937E-3	3.466E-2
3.644	5.759E-3	3.489E-2
3.652	5.607E-3	3.472E-2
3.661	5.477E-3	3.423E-2
3.669	5.289E-3	3.344E-2
3.677	5.088E-3	3.245E-2
3.686	4.857E-3	3.141E-2
3.694	4.592E-3	3.038E-2
3.702	4.313E-3	2.964E-2
3.711	3.965E-3	2.931E-2
3.719	3.629E-3	2.942E-2
3.728	3.398E-3	2.989E-2
3.736	3.257E-3	3.065E-2
3.744	3.250E-3	3.157E-2
3.753	3.577E-3	3.249E-2
3.761	4.062E-3	3.325E-2
3.769	4.665E-3	3.378E-2
3.778	5.392E-3	3.410E-2
3.786	6.134E-3	3.412E-2
3.795	6.760E-3	3.389E-2
3.803	7.160E-3	3.347E-2
3.811	7.254E-3	3.285E-2
3.820	6.993E-3	3.223E-2
3.828	6.422E-3	3.172E-2
3.836	5.525E-3	3.130E-2
3.845	4.533E-3	3.109E-2
3.853	3.567E-3	3.102E-2
3.862	2.765E-3	3.101E-2
3.870	2.238E-3	3.113E-2
3.878	2.066E-3	3.127E-2
3.887	2.255E-3	3.142E-2
3.895	2.822E-3	3.154E-2
3.903	3.650E-3	3.172E-2
3.912	4.673E-3	3.184E-2
3.920	5.697E-3	3.201E-2
3.929	6.645E-3	3.224E-2
3.937	7.305E-3	3.253E-2
3.945	7.577E-3	3.284E-2
3.954	7.458E-3	3.314E-2
3.962	6.972E-3	3.343E-2
3.970	6.234E-3	3.359E-2
3.979	5.297E-3	3.361E-2
3.987	4.410E-3	3.340E-2
3.996	3.623E-3	3.300E-2
4.004	3.067E-3	3.242E-2
4.012	2.761E-3	3.171E-2
4.021	2.755E-3	3.099E-2
4.029	3.004E-3	3.035E-2
4.037	3.467E-3	2.991E-2
4.046	4.051E-3	2.976E-2
4.054	4.668E-3	3.003E-2
4.063	5.194E-3	3.063E-2
4.071	5.607E-3	3.150E-2
4.079	5.907E-3	3.246E-2
4.088	6.013E-3	3.343E-2
4.096	5.992E-3	3.421E-2
4.104	5.908E-3	3.469E-2
4.113	5.748E-3	3.485E-2
4.121	5.566E-3	3.466E-2
4.130	5.383E-3	3.415E-2
4.138	5.230E-3	3.333E-2
4.146	5.046E-3	3.231E-2
4.155	4.824E-3	3.128E-2
4.163	4.571E-3	3.028E-2
4.171	4.293E-3	2.963E-2
4.180	3.982E-3	2.937E-2
4.188	3.680E-3	2.951E-2
4.197	3.454E-3	3.006E-2
4.205	3.386E-3	3.086E-2
4.213	3.458E-3	3.177E-2
4.222	3.738E-3	3.269E-2
4.230	4.189E-3	3.344E-2
4.239	4.803E-3	3.395E-2
4.247	5.516E-3	3.418E-2
4.255	6.185E-3	3.414E-2
4.264	6.735E-3	3.386E-2
4.272	7.080E-3	3.340E-2
4.280	7.088E-3	3.283E-2
4.289	6.820E-3	3.222E-2
4.297	6.201E-3	3.171E-2
4.306	5.320E-3	3.131E-2
4.314	4.344E-3	3.112E-2
4.322	3.396E-3	3.108E-2
4.331	2.632E-3	3.113E-2
4.339	2.211E-3	3.126E-2
4.347	2.114E-3	3.141E-2
4.356	2.343E-3	3.158E-2
4.364	2.942E-3	3.174E-2
4.373	3.811E-3	3.187E-2
4.381	4.835E-3	3.202E-2
4.389	5.864E-3	3.218E-2
4.398	6.765E-3	3.236E-2
4.406	7.383E-3	3.261E-2
4.414	7.577E-3	3.288E-2
4.423	7.385E-3	3.313E-2
4.431	6.841E-3	3.339E-2
4.440	6.048E-3	3.351E-2
4.448	5.120E-3	3.348E-2
4.456	4.236E-3	3.323E-2
4.465	3.514E-3	3.281E-2
4.473	2.981E-3	3.224E-2
4.481	2.745E-3	3.159E-2
4.490	2.755E-3	3.092E-2
4.498	3.092E-3	3.032E-2
4.507	3.620E-3	2.994E-2
4.515	4.212E-3	2.990E-2
4.523	4.807E-3	3.015E-2
4.532	5.329E-3	3.075E-2
4.540	5.712E-3	3.160E-2
4.548	5.957E-3	3.257E-2
4.557	6.016E-3	3.347E-2
4.565	5.997E-3	3.420E-2
4.574	5.878E-3	3.464E-2
4.582	5.717E-3	3.477E-2
4.590	5.527E-3	3.458E-2
4.599	5.313E-3	3.399E-2
4.607	5.118E-3	3.316E-2
4.615	4.922E-3	3.216E-2
4.624	4.744E-3	3.114E-2
4.632	4.519E-3	3.026E-2
4.641	4.257E-3	2.966E-2
4.649	3.986E-3	2.944E-2
4.657	3.708E-3	2.962E-2
4.666	3.514E-3	3.019E-2
4.674	3.480E-3	3.103E-2
4.682	3.535E-3	3.190E-2
4.691	3.856E-3	3.275E-2
4.699	4.334E-3	3.346E-2
4.708	4.943E-3	3.392E-2
4.716	5.648E-3	3.413E-2
4.724	6.298E-3	3.405E-2
4.733	6.829E-3	3.376E-2
4.741	7.114E-3	3.325E-2
4.749	7.106E-3	3.265E-2
4.758	6.764E-3	3.204E-2
4.766	6.142E-3	3.153E-2
4.775	5.293E-3	3.120E-2
4.783	4.330E-3	3.101E-2
4.791	3.416E-3	3.099E-2
4.800	2.706E-3	3.102E-2
4.808	2.298E-3	3.116E-2
4.816	2.261E-3	3.134E-2
4.825	2.539E-3	3.152E-2
4.833	3.167E-3	3.173E-2
4.842	4.072E-3	3.187E-2
4.850	5.086E-3	3.201E-2
4.858	6.080E-3	3.218E-2
4.867	6.907E-3	3.236E-2
4.875	7.417E-3	3.259E-2
4.883	7.549E-3	3.285E-2
4.892	7.315E-3	3.309E-2
4.900	6.760E-3	3.329E-2
4.909	5.969E-3	3.333E-2
4.917	5.059E-3	3.328E-2
4.925	4.184E-3	3.300E-2
4.934	3.442E-3	3.258E-2
4.942	2.981E-3	3.202E-2
4.951	2.786E-3	3.140E-2
4.959	2.827E-3	3.076E-2
4.967	3.175E-3	3.023E-2
4.976	3.695E-3	2.992E-2
4.984	4.324E-3	2.990E-2
4.992	4.931E-3	3.020E-2
5.001	5.464E-3	3.086E-2
5.009	5.813E-3	3.172E-2
5.018	6.016E-3	3.266E-2
5.026	6.008E-3	3.350E-2
5.034	5.996E-3	3.417E-2
5.043	5.830E-3	3.457E-2
5.051	5.684E-3	3.464E-2
5.059	5.492E-3	3.438E-2
5.068	5.276E-3	3.378E-2
5.076	5.073E-3	3.294E-2
5.085	4.878E-3	3.195E-2
5.093	4.653E-3	3.096E-2
5.101	4.406E-3	3.011E-2
5.110	4.163E-3	2.957E-2
5.118	3.894E-3	2.943E-2
5.126	3.672E-3	2.968E-2
5.135	3.513E-3	3.027E-2
5.143	3.492E-3	3.109E-2
5.152	3.626E-3	3.200E-2
5.160	3.952E-3	3.285E-2
5.168	4.412E-3	3.350E-2
5.177	5.004E-3	3.393E-2
5.185	5.678E-3	3.410E-2
5.193	6.289E-3	3.399E-2
5.202	6.775E-3	3.364E-2
5.210	7.025E-3	3.312E-2
5.219	7.029E-3	3.254E-2
5.227	6.628E-3	3.195E-2
5.235	5.964E-3	3.144E-2
5.244	5.099E-3	3.109E-2
5.252	4.158E-3	3.095E-2
5.260	3.286E-3	3.096E-2
5.269	2.621E-3	3.103E-2
5.277	2.265E-3	3.120E-2
5.286	2.275E-3	3.140E-2
5.294	2.605E-3	3.160E-2
5.302	3.248E-3	3.179E-2
5.311	4.136E-3	3.196E-2
5.319	5.146E-3	3.210E-2
5.327	6.144E-3	3.225E-2
5.336	6.902E-3	3.242E-2
5.344	7.370E-3	3.263E-2
5.353	7.460E-3	3.285E-2
5.361	7.192E-3	3.307E-2
5.369	6.578E-3	3.325E-2
5.378	5.769E-3	3.327E-2
5.386	4.865E-3	3.322E-2
5.394	3.998E-3	3.292E-2
5.403	3.360E-3	3.252E-2
5.411	2.931E-3	3.195E-2
5.420	2.791E-3	3.133E-2
5.428	2.913E-3	3.075E-2
5.436	3.303E-3	3.026E-2
5.445	3.835E-3	3.000E-2
5.453	4.454E-3	3.002E-2
5.461	5.032E-3	3.042E-2
5.470	5.532E-3	3.109E-2
5.478	5.869E-3	3.193E-2
5.487	6.061E-3	3.283E-2
5.495	6.102E-3	3.365E-2
5.503	6.090E-3	3.426E-2
5.512	5.914E-3	3.459E-2
5.520	5.699E-3	3.460E-2
5.528	5.481E-3	3.430E-2
5.537	5.262E-3	3.370E-2
5.545	5.063E-3	3.284E-2
5.554	4.865E-3	3.185E-2
5.562	4.646E-3	3.091E-2
5.570	4.426E-3	3.011E-2
5.579	4.181E-3	2.962E-2
5.587	3.939E-3	2.954E-2
5.596	3.739E-3	2.986E-2
5.604	3.617E-3	3.048E-2
5.612	3.629E-3	3.133E-2
5.621	3.809E-3	3.221E-2
5.629	4.153E-3	3.300E-2
5.637	4.626E-3	3.363E-2
5.646	5.205E-3	3.402E-2
5.654	5.831E-3	3.413E-2
5.663	6.396E-3	3.398E-2
5.671	6.823E-3	3.359E-2
5.679	7.000E-3	3.307E-2
5.688	6.927E-3	3.243E-2
5.696	6.512E-3	3.183E-2
5.704	5.859E-3	3.137E-2
5.713	5.011E-3	3.105E-2
5.721	4.110E-3	3.089E-2
5.730	3.289E-3	3.091E-2
5.738	2.676E-3	3.105E-2
5.746	2.391E-3	3.123E-2
5.755	2.362E-3	3.145E-2
5.763	2.772E-3	3.166E-2
5.771	3.454E-3	3.184E-2
5.780	4.349E-3	3.201E-2
5.788	5.336E-3	3.216E-2
5.797	6.246E-3	3.230E-2
5.805	6.989E-3	3.246E-2
5.813	7.411E-3	3.267E-2
5.822	7.386E-3	3.292E-2
5.830	7.068E-3	3.312E-2
5.838	6.447E-3	3.325E-2
5.847	5.614E-3	3.325E-2
5.855	4.748E-3	3.313E-2
5.864	3.931E-3	3.288E-2
5.872	3.273E-3	3.242E-2
5.880	2.873E-3	3.187E-2
5.889	2.797E-3	3.128E-2
5.897	2.960E-3	3.069E-2
5.905	3.370E-3	3.027E-2
5.914	3.930E-3	3.007E-2
5.922	4.565E-3	3.013E-2
5.931	5.156E-3	3.051E-2
5.939	5.655E-3	3.118E-2
5.947	5.992E-3	3.202E-2
5.956	6.127E-3	3.291E-2
5.964	6.145E-3	3.370E-2
5.972	6.033E-3	3.426E-2
5.981	5.812E-3	3.453E-2
5.989	5.563E-3	3.455E-2
5.998	5.317E-3	3.417E-2
6.006	5.082E-3	3.353E-2
6.014	4.862E-3	3.266E-2
6.023	4.678E-3	3.167E-2
6.031	4.488E-3	3.075E-2
6.039	4.330E-3	3.001E-2
6.048	4.122E-3	2.961E-2
6.056	3.909E-3	2.961E-2
6.065	3.734E-3	2.994E-2
6.073	3.666E-3	3.061E-2
6.081	3.669E-3	3.147E-2
6.090	3.880E-3	3.233E-2
6.098	4.207E-3	3.312E-2
6.106	4.669E-3	3.368E-2
6.115	5.227E-3	3.403E-2
6.123	5.813E-3	3.405E-2
6.132	6.330E-3	3.392E-2
6.140	6.703E-3	3.351E-2
6.148	6.839E-3	3.295E-2
6.157	6.689E-3	3.233E-2
6.165	6.264E-3	3.174E-2
6.173	5.560E-3	3.126E-2
6.182	4.713E-3	3.097E-2
6.190	3.853E-3	3.084E-2
6.199	3.091E-3	3.091E-2
6.207	2.576E-3	3.107E-2
6.215	2.328E-3	3.130E-2
6.224	2.407E-3	3.155E-2
6.232	2.861E-3	3.180E-2
6.240	3.596E-3	3.200E-2
6.249	4.519E-3	3.217E-2
6.257	5.498E-3	3.229E-2
6.266	6.381E-3	3.242E-2
6.274	7.053E-3	3.255E-2
6.282	7.405E-3	3.274E-2
6.291	7.374E-3	3.293E-2
6.299	6.961E-3	3.311E-2
6.308	6.302E-3	3.320E-2
6.316	5.476E-3	3.321E-2
6.324	4.583E-3	3.307E-2
6.333	3.810E-3	3.277E-2
6.341	3.208E-3	3.235E-2
6.349	2.868E-3	3.181E-2
6.358	2.863E-3	3.125E-2
6.366	3.067E-3	3.072E-2
6.375	3.462E-3	3.032E-2
6.383	4.049E-3	3.015E-2
6.391	4.696E-3	3.025E-2
6.400	5.289E-3	3.069E-2
6.408	5.751E-3	3.136E-2
6.416	6.039E-3	3.219E-2
6.425	6.148E-3	3.302E-2
6.433	6.154E-3	3.374E-2
6.442	5.992E-3	3.425E-2
6.450	5.757E-3	3.447E-2
6.458	5.515E-3	3.439E-2
6.467	5.254E-3	3.399E-2
6.475	5.035E-3	3.332E-2
6.483	4.834E-3	3.244E-2
6.492	4.638E-3	3.151E-2
6.500	4.454E-3	3.060E-2
6.509	4.281E-3	2.991E-2
6.517	4.113E-3	2.956E-2
6.525	3.929E-3	2.958E-2
6.534	3.791E-3	3.001E-2
6.542	3.788E-3	3.070E-2
6.550	3.816E-3	3.154E-2
6.559	4.062E-3	3.242E-2
6.567	4.402E-3	3.317E-2
6.576	4.856E-3	3.373E-2
6.584	5.413E-3	3.402E-2
6.592	5.968E-3	3.401E-2
6.601	6.433E-3	3.380E-2
6.609	6.737E-3	3.335E-2
6.617	6.828E-3	3.276E-2
6.626	6.649E-3	3.213E-2
6.634	6.185E-3	3.155E-2
6.643	5.494E-3	3.114E-2
6.651	4.668E-3	3.089E-2
6.659	3.799E-3	3.081E-2
6.668	3.105E-3	3.086E-2
6.676	2.632E-3	3.106E-2
6.684	2.480E-3	3.127E-2
6.693	2.633E-3	3.149E-2
6.701	3.104E-3	3.172E-2
6.710	3.846E-3	3.192E-2
6.718	4.748E-3	3.210E-2
6.726	5.714E-3	3.221E-2
6.735	6.554E-3	3.237E-2
6.743	7.166E-3	3.250E-2
6.751	7.433E-3	3.266E-2
6.760	7.409E-3	3.282E-2
6.768	6.941E-3	3.297E-2
6.777	6.244E-3	3.305E-2
6.785	5.388E-3	3.305E-2
6.793	4.540E-3	3.286E-2
6.802	3.771E-3	3.256E-2
6.810	3.220E-3	3.212E-2
6.818	2.914E-3	3.162E-2
6.827	2.927E-3	3.110E-2
6.835	3.167E-3	3.062E-2
6.844	3.639E-3	3.031E-2
6.852	4.226E-3	3.018E-2
6.860	4.869E-3	3.037E-2
6.869	5.437E-3	3.079E-2
6.877	5.888E-3	3.146E-2
6.885	6.163E-3	3.226E-2
6.894	6.266E-3	3.308E-2
6.902	6.204E-3	3.374E-2
6.911	5.998E-3	3.422E-2
6.919	5.748E-3	3.442E-2
6.927	5.481E-3	3.427E-2
6.936	5.229E-3	3.387E-2
6.944	5.002E-3	3.320E-2
6.952	4.808E-3	3.234E-2
6.961	4.624E-3	3.141E-2
6.969	4.448E-3	3.055E-2
6.978	4.282E-3	2.989E-2
6.986	4.143E-3	2.961E-2
6.994	3.967E-3	2.967E-2
7.003	3.858E-3	3.011E-2
7.011	3.863E-3	3.082E-2
7.020	3.892E-3	3.166E-2
7.028	4.145E-3	3.251E-2
7.036	4.486E-3	3.323E-2
7.045	4.980E-3	3.376E-2
7.053	5.497E-3	3.400E-2
7.061	6.003E-3	3.399E-2
7.070	6.438E-3	3.373E-2
7.078	6.696E-3	3.326E-2
7.087	6.689E-3	3.267E-2
7.095	6.499E-3	3.207E-2
7.103	5.997E-3	3.151E-2
7.112	5.288E-3	3.106E-2
7.120	4.503E-3	3.081E-2
7.128	3.700E-3	3.076E-2
7.137	3.023E-3	3.082E-2
7.145	2.587E-3	3.101E-2
7.154	2.445E-3	3.126E-2
7.162	2.639E-3	3.151E-2
7.170	3.166E-3	3.174E-2
7.179	3.913E-3	3.193E-2
7.187	4.806E-3	3.210E-2
7.195	5.730E-3	3.223E-2
7.204	6.540E-3	3.236E-2
7.212	7.114E-3	3.250E-2
7.221	7.346E-3	3.263E-2
7.229	7.215E-3	3.279E-2
7.237	6.780E-3	3.290E-2
7.246	6.084E-3	3.298E-2
7.254	5.262E-3	3.298E-2
7.262	4.398E-3	3.279E-2
7.271	3.649E-3	3.249E-2
7.279	3.140E-3	3.207E-2
7.288	2.892E-3	3.160E-2
7.296	2.918E-3	3.109E-2
7.304	3.228E-3	3.067E-2
7.313	3.700E-3	3.037E-2
7.321	4.311E-3	3.029E-2
7.329	4.950E-3	3.049E-2
7.338	5.518E-3	3.096E-2
7.346	5.930E-3	3.163E-2
7.355	6.176E-3	3.243E-2
7.363	6.212E-3	3.318E-2
7.371	6.172E-3	3.382E-2
7.380	5.953E-3	3.426E-2
7.388	5.699E-3	3.442E-2
7.396	5.426E-3	3.425E-2
7.405	5.170E-3	3.377E-2
7.413	4.957E-3	3.307E-2
7.422	4.766E-3	3.219E-2
7.430	4.600E-3	3.126E-2
7.438	4.471E-3	3.043E-2
7.447	4.336E-3	2.988E-2
7.455	4.212E-3	2.964E-2
7.463	4.074E-3	2.977E-2
7.472	4.016E-3	3.027E-2
7.480	4.035E-3	3.100E-2
7.489	4.119E-3	3.182E-2
7.497	4.343E-3	3.266E-2
7.505	4.690E-3	3.333E-2
7.514	5.165E-3	3.378E-2
7.522	5.685E-3	3.399E-2
7.530	6.169E-3	3.398E-2
7.539	6.566E-3	3.365E-2
7.547	6.802E-3	3.317E-2
7.556	6.813E-3	3.258E-2
7.564	6.570E-3	3.195E-2
7.572	6.063E-3	3.139E-2
7.581	5.405E-3	3.100E-2
7.589	4.621E-3	3.078E-2
7.597	3.836E-3	3.078E-2
7.606	3.213E-3	3.085E-2
7.614	2.809E-3	3.110E-2
7.623	2.712E-3	3.140E-2
7.631	2.938E-3	3.168E-2
7.639	3.470E-3	3.191E-2
7.648	4.220E-3	3.211E-2
7.656	5.103E-3	3.228E-2
7.664	5.972E-3	3.238E-2
7.673	6.705E-3	3.248E-2
7.681	7.217E-3	3.261E-2
7.690	7.411E-3	3.271E-2
7.698	7.203E-3	3.284E-2
7.706	6.726E-3	3.291E-2
7.715	5.984E-3	3.294E-2
7.723	5.156E-3	3.295E-2
7.732	4.326E-3	3.275E-2
7.740	3.612E-3	3.243E-2
7.748	3.142E-3	3.200E-2
7.757	2.928E-3	3.156E-2
7.765	2.980E-3	3.110E-2
7.773	3.326E-3	3.070E-2
7.782	3.865E-3	3.045E-2
7.790	4.488E-3	3.045E-2
7.799	5.127E-3	3.067E-2
7.807	5.661E-3	3.117E-2
7.815	6.063E-3	3.184E-2
7.824	6.294E-3	3.261E-2
7.832	6.326E-3	3.332E-2
7.840	6.238E-3	3.390E-2
7.849	5.999E-3	3.427E-2
7.857	5.707E-3	3.438E-2
7.866	5.430E-3	3.418E-2
7.874	5.160E-3	3.369E-2
7.882	4.942E-3	3.300E-2
7.891	4.776E-3	3.213E-2
7.899	4.603E-3	3.123E-2
7.907	4.476E-3	3.045E-2
7.916	4.369E-3	2.989E-2
7.924	4.265E-3	2.973E-2
7.933	4.165E-3	2.994E-2
7.941	4.135E-3	3.049E-2
7.949	4.121E-3	3.124E-2
7.958	4.233E-3	3.206E-2
7.966	4.494E-3	3.287E-2
7.974	4.840E-3	3.350E-2
7.983	5.264E-3	3.392E-2
7.991	5.736E-3	3.410E-2
8.000	6.181E-3	3.403E-2
8.008	6.528E-3	3.369E-2
8.016	6.717E-3	3.317E-2
8.025	6.686E-3	3.256E-2
8.033	6.385E-3	3.193E-2
8.041	5.872E-3	3.140E-2
8.050	5.203E-3	3.101E-2
8.058	4.432E-3	3.082E-2
8.067	3.694E-3	3.080E-2
8.075	3.084E-3	3.094E-2
8.083	2.735E-3	3.118E-2
8.092	2.730E-3	3.147E-2
8.100	2.974E-3	3.174E-2
8.108	3.514E-3	3.197E-2
8.117	4.275E-3	3.217E-2
8.125	5.173E-3	3.233E-2
8.134	6.049E-3	3.240E-2
8.142	6.723E-3	3.250E-2
8.150	7.163E-3	3.259E-2
8.159	7.268E-3	3.268E-2
8.167	7.062E-3	3.281E-2
8.175	6.550E-3	3.285E-2
8.184	5.802E-3	3.284E-2
8.192	4.948E-3	3.278E-2
8.201	4.146E-3	3.259E-2
8.209	3.481E-3	3.226E-2
8.217	3.032E-3	3.188E-2
8.226	2.842E-3	3.143E-2
8.234	2.940E-3	3.099E-2
8.242	3.292E-3	3.060E-2
8.251	3.833E-3	3.038E-2
8.259	4.486E-3	3.042E-2
8.268	5.117E-3	3.070E-2
8.276	5.639E-3	3.120E-2
8.284	6.025E-3	3.187E-2
8.293	6.198E-3	3.262E-2
8.301	6.195E-3	3.330E-2
8.309	6.048E-3	3.385E-2
8.318	5.788E-3	3.420E-2
8.326	5.500E-3	3.420E-2
8.335	5.195E-3	3.397E-2
8.343	4.919E-3	3.347E-2
8.351	4.715E-3	3.276E-2
8.360	4.557E-3	3.189E-2
8.368	4.423E-3	3.103E-2
8.376	4.306E-3	3.030E-2
8.385	4.248E-3	2.984E-2
8.393	4.157E-3	2.969E-2
8.402	4.103E-3	2.992E-2
8.410	4.090E-3	3.045E-2
8.418	4.093E-3	3.123E-2
8.427	4.242E-3	3.205E-2
8.435	4.505E-3	3.284E-2
8.444	4.849E-3	3.346E-2
8.452	5.270E-3	3.387E-2
8.460	5.722E-3	3.401E-2
8.469	6.135E-3	3.390E-2
8.477	6.454E-3	3.353E-2
8.485	6.582E-3	3.299E-2
8.494	6.552E-3	3.237E-2
8.502	6.218E-3	3.174E-2
8.511	5.700E-3	3.121E-2
8.519	5.010E-3	3.084E-2
8.527	4.288E-3	3.074E-2
8.536	3.597E-3	3.075E-2
8.544	3.070E-3	3.094E-2
8.552	2.767E-3	3.121E-2
8.561	2.763E-3	3.150E-2
8.569	3.066E-3	3.179E-2
8.578	3.632E-3	3.208E-2
8.586	4.410E-3	3.228E-2
8.594	5.259E-3	3.241E-2
8.603	6.108E-3	3.250E-2
8.611	6.779E-3	3.258E-2
8.619	7.185E-3	3.263E-2
8.628	7.232E-3	3.270E-2
8.636	6.992E-3	3.278E-2
8.645	6.461E-3	3.282E-2
8.653	5.686E-3	3.282E-2
8.661	4.836E-3	3.272E-2
8.670	4.051E-3	3.253E-2
8.678	3.428E-3	3.222E-2
8.686	3.025E-3	3.185E-2
8.695	2.891E-3	3.143E-2
8.703	3.054E-3	3.101E-2
8.712	3.422E-3	3.067E-2
8.720	3.990E-3	3.051E-2
8.728	4.612E-3	3.052E-2
8.737	5.237E-3	3.084E-2
8.745	5.746E-3	3.133E-2
8.753	6.090E-3	3.200E-2
8.762	6.268E-3	3.276E-2
8.770	6.237E-3	3.343E-2
8.779	6.037E-3	3.393E-2
8.787	5.752E-3	3.420E-2
8.795	5.451E-3	3.420E-2
8.804	5.124E-3	3.391E-2
8.812	4.832E-3	3.338E-2
8.820	4.603E-3	3.266E-2
8.829	4.425E-3	3.180E-2
8.837	4.310E-3	3.099E-2
8.846	4.266E-3	3.030E-2
8.854	4.182E-3	2.988E-2
8.862	4.114E-3	2.981E-2
8.871	4.105E-3	3.008E-2
8.879	4.099E-3	3.066E-2
8.887	4.108E-3	3.144E-2
8.896	4.286E-3	3.226E-2
8.904	4.543E-3	3.302E-2
8.913	4.890E-3	3.361E-2
8.921	5.283E-3	3.398E-2
8.929	5.707E-3	3.407E-2
8.938	6.092E-3	3.393E-2
8.946	6.387E-3	3.354E-2
8.954	6.489E-3	3.298E-2
8.963	6.381E-3	3.234E-2
8.971	6.034E-3	3.171E-2
8.980	5.506E-3	3.120E-2
8.988	4.822E-3	3.087E-2
8.996	4.096E-3	3.077E-2
9.005	3.459E-3	3.081E-2
9.013	2.985E-3	3.100E-2
9.021	2.748E-3	3.127E-2
9.030	2.765E-3	3.158E-2
9.038	3.148E-3	3.190E-2
9.047	3.740E-3	3.216E-2
9.055	4.524E-3	3.234E-2
9.063	5.376E-3	3.245E-2
9.072	6.187E-3	3.258E-2
9.080	6.812E-3	3.259E-2
9.089	7.159E-3	3.264E-2
9.097	7.143E-3	3.265E-2
9.105	6.854E-3	3.273E-2
9.114	6.274E-3	3.275E-2
9.122	5.476E-3	3.276E-2
9.130	4.655E-3	3.263E-2
9.139	3.884E-3	3.240E-2
9.147	3.288E-3	3.210E-2
9.156	2.927E-3	3.172E-2
9.164	2.852E-3	3.130E-2
9.172	3.008E-3	3.095E-2
9.181	3.433E-3	3.066E-2
9.189	4.021E-3	3.055E-2
9.197	4.680E-3	3.060E-2
9.206	5.279E-3	3.092E-2
9.214	5.773E-3	3.143E-2
9.223	6.090E-3	3.208E-2
9.231	6.228E-3	3.279E-2
9.239	6.211E-3	3.342E-2
9.248	5.979E-3	3.388E-2
9.256	5.696E-3	3.413E-2
9.264	5.355E-3	3.412E-2
9.273	5.025E-3	3.379E-2
9.281	4.755E-3	3.323E-2
9.290	4.542E-3	3.249E-2
9.298	4.383E-3	3.166E-2
9.306	4.314E-3	3.087E-2
9.315	4.270E-3	3.025E-2
9.323	4.201E-3	2.990E-2
9.331	4.168E-3	2.988E-2
9.340	4.149E-3	3.017E-2
9.348	4.141E-3	3.080E-2
9.357	4.157E-3	3.157E-2
9.365	4.353E-3	3.238E-2
9.373	4.598E-3	3.310E-2
9.382	4.947E-3	3.364E-2
9.390	5.342E-3	3.397E-2
9.398	5.733E-3	3.398E-2
9.407	6.070E-3	3.381E-2
9.415	6.335E-3	3.339E-2
9.424	6.404E-3	3.283E-2
9.432	6.279E-3	3.217E-2
9.440	5.922E-3	3.156E-2
9.449	5.381E-3	3.110E-2
9.457	4.744E-3	3.081E-2
9.465	4.071E-3	3.071E-2
9.474	3.462E-3	3.080E-2
9.482	3.023E-3	3.101E-2
9.491	2.823E-3	3.129E-2
9.499	2.899E-3	3.163E-2
9.507	3.299E-3	3.194E-2
9.516	3.887E-3	3.218E-2
9.524	4.656E-3	3.237E-2
9.532	5.480E-3	3.249E-2
9.541	6.240E-3	3.257E-2
9.549	6.814E-3	3.258E-2
9.558	7.121E-3	3.260E-2
9.566	7.110E-3	3.261E-2
9.574	6.730E-3	3.266E-2
9.583	6.111E-3	3.264E-2
9.591	5.339E-3	3.262E-2
9.599	4.522E-3	3.248E-2
9.608	3.796E-3	3.227E-2
9.616	3.244E-3	3.199E-2
9.625	2.944E-3	3.166E-2
9.633	2.932E-3	3.127E-2
9.641	3.143E-3	3.092E-2
9.650	3.605E-3	3.068E-2
9.658	4.190E-3	3.058E-2
9.666	4.836E-3	3.070E-2
9.675	5.445E-3	3.102E-2
9.683	5.924E-3	3.153E-2
9.692	6.216E-3	3.219E-2
9.700	6.297E-3	3.285E-2
9.708	6.259E-3	3.344E-2
9.717	5.994E-3	3.386E-2
9.725	5.690E-3	3.404E-2
9.733	5.340E-3	3.402E-2
9.742	5.004E-3	3.364E-2
9.750	4.722E-3	3.308E-2
9.759	4.521E-3	3.232E-2
9.767	4.388E-3	3.151E-2
9.775	4.327E-3	3.073E-2
9.784	4.261E-3	3.015E-2
9.792	4.273E-3	2.985E-2
9.801	4.278E-3	2.985E-2
9.809	4.277E-3	3.024E-2
9.817	4.291E-3	3.088E-2
9.826	4.396E-3	3.166E-2
9.834	4.558E-3	3.245E-2
9.842	4.803E-3	3.318E-2
9.851	5.136E-3	3.371E-2
9.859	5.484E-3	3.399E-2
9.868	5.853E-3	3.398E-2
9.876	6.174E-3	3.375E-2
9.884	6.363E-3	3.330E-2
9.893	6.376E-3	3.272E-2
9.901	6.248E-3	3.209E-2
9.909	5.872E-3	3.148E-2
9.918	5.336E-3	3.101E-2
9.926	4.696E-3	3.075E-2
9.935	4.051E-3	3.070E-2
9.943	3.477E-3	3.080E-2
9.951	3.069E-3	3.103E-2
9.960	2.919E-3	3.135E-2
9.968	3.074E-3	3.170E-2
9.976	3.451E-3	3.200E-2
9.985	4.069E-3	3.230E-2
9.993	4.843E-3	3.248E-2
10.002	5.651E-3	3.261E-2
10.010	6.380E-3	3.262E-2
10.018	6.901E-3	3.262E-2
10.027	7.136E-3	3.262E-2
10.035	7.050E-3	3.262E-2
10.043	6.657E-3	3.262E-2
10.052	6.026E-3	3.261E-2
10.060	5.238E-3	3.259E-2
10.069	4.428E-3	3.240E-2
10.077	3.719E-3	3.217E-2
10.085	3.195E-3	3.189E-2
10.094	2.934E-3	3.155E-2
10.102	2.944E-3	3.122E-2
10.110	3.212E-3	3.091E-2
10.119	3.675E-3	3.071E-2
10.127	4.301E-3	3.065E-2
10.136	4.948E-3	3.080E-2
10.144	5.539E-3	3.114E-2
10.152	5.985E-3	3.166E-2
10.161	6.245E-3	3.229E-2
10.169	6.264E-3	3.295E-2
10.177	6.173E-3	3.350E-2
10.186	5.934E-3	3.387E-2
10.194	5.592E-3	3.402E-2
10.203	5.234E-3	3.390E-2
10.211	4.889E-3	3.352E-2
10.219	4.598E-3	3.295E-2
10.228	4.381E-3	3.221E-2
10.236	4.247E-3	3.140E-2
10.244	4.224E-3	3.067E-2
10.253	4.170E-3	3.014E-2
10.261	4.157E-3	2.988E-2
10.270	4.148E-3	2.993E-2
10.278	4.147E-3	3.037E-2
10.286	4.179E-3	3.101E-2
10.295	4.333E-3	3.177E-2
10.303	4.519E-3	3.258E-2
10.311	4.789E-3	3.324E-2
10.320	5.093E-3	3.373E-2
10.328	5.441E-3	3.397E-2
10.337	5.778E-3	3.396E-2
10.345	6.044E-3	3.367E-2
10.353	6.197E-3	3.321E-2
10.362	6.195E-3	3.261E-2
10.370	6.006E-3	3.196E-2
10.378	5.626E-3	3.137E-2
10.387	5.100E-3	3.095E-2
10.395	4.467E-3	3.072E-2
10.404	3.858E-3	3.071E-2
10.412	3.354E-3	3.082E-2
10.420	3.015E-3	3.108E-2
10.429	2.938E-3	3.145E-2
10.437	3.104E-3	3.178E-2
10.445	3.554E-3	3.213E-2
10.454	4.198E-3	3.237E-2
10.462	4.956E-3	3.255E-2
10.471	5.754E-3	3.264E-2
10.479	6.421E-3	3.263E-2
10.487	6.904E-3	3.263E-2
10.496	7.084E-3	3.262E-2
10.504	6.963E-3	3.261E-2
10.513	6.526E-3	3.260E-2
10.521	5.891E-3	3.259E-2
10.529	5.117E-3	3.246E-2
10.538	4.304E-3	3.235E-2
10.546	3.649E-3	3.213E-2
10.554	3.182E-3	3.185E-2
10.563	2.951E-3	3.152E-2
10.571	2.965E-3	3.120E-2
10.580	3.293E-3	3.092E-2
10.588	3.764E-3	3.076E-2
10.596	4.377E-3	3.075E-2
10.605	5.018E-3	3.088E-2
10.613	5.591E-3	3.125E-2
10.621	5.998E-3	3.177E-2
10.630	6.229E-3	3.239E-2
10.638	6.221E-3	3.299E-2
10.647	6.115E-3	3.350E-2
10.655	5.847E-3	3.383E-2
10.663	5.528E-3	3.397E-2
10.672	5.151E-3	3.380E-2
10.680	4.830E-3	3.340E-2
10.688	4.558E-3	3.282E-2
10.697	4.369E-3	3.208E-2
10.705	4.245E-3	3.130E-2
10.714	4.235E-3	3.064E-2
10.722	4.251E-3	3.015E-2
10.730	4.271E-3	2.998E-2
10.739	4.289E-3	3.012E-2
10.747	4.328E-3	3.054E-2
10.755	4.398E-3	3.120E-2
10.764	4.537E-3	3.196E-2
10.772	4.736E-3	3.272E-2
10.781	4.992E-3	3.335E-2
10.789	5.285E-3	3.383E-2
10.797	5.620E-3	3.404E-2
10.806	5.928E-3	3.400E-2
10.814	6.166E-3	3.365E-2
10.822	6.303E-3	3.317E-2
10.831	6.320E-3	3.257E-2
10.839	6.101E-3	3.192E-2
10.848	5.697E-3	3.134E-2
10.856	5.159E-3	3.093E-2
10.864	4.575E-3	3.073E-2
10.873	3.968E-3	3.073E-2
10.881	3.457E-3	3.090E-2
10.889	3.161E-3	3.121E-2
10.898	3.157E-3	3.155E-2
10.906	3.327E-3	3.193E-2
10.915	3.806E-3	3.224E-2
10.923	4.435E-3	3.249E-2
10.931	5.185E-3	3.268E-2
