#multi:
	mass A	mass B	
t	x	x	
0.000	-4.400E-3	3.368E-2
0.008	-4.435E-3	3.369E-2
0.017	-4.432E-3	3.370E-2
0.025	-4.433E-3	3.370E-2
0.034	-4.432E-3	3.370E-2
0.042	-4.435E-3	3.373E-2
0.050	-4.433E-3	3.373E-2
0.059	-4.434E-3	3.372E-2
0.067	-4.434E-3	3.372E-2
0.075	-4.434E-3	3.371E-2
0.084	-4.435E-3	3.370E-2
0.092	-4.435E-3	3.369E-2
0.101	-4.435E-3	3.367E-2
0.109	-4.435E-3	3.367E-2
0.117	-4.435E-3	3.366E-2
0.126	-4.436E-3	3.366E-2
0.134	-4.436E-3	3.367E-2
0.142	-4.436E-3	3.367E-2
0.151	-4.435E-3	3.367E-2
0.159	-4.432E-3	3.368E-2
0.168	-4.426E-3	3.369E-2
0.176	-4.426E-3	3.369E-2
0.184	-4.422E-3	3.370E-2
0.193	-4.424E-3	3.372E-2
0.201	-4.415E-3	3.371E-2
0.209	-4.415E-3	3.371E-2
0.218	-4.417E-3	3.371E-2
0.226	-4.419E-3	3.371E-2
0.235	-4.421E-3	3.370E-2
0.243	-4.423E-3	3.370E-2
0.251	-4.423E-3	3.367E-2
0.260	-4.419E-3	3.366E-2
0.268	-4.419E-3	3.366E-2
0.276	-4.384E-3	3.366E-2
0.285	-4.331E-3	3.367E-2
0.293	-4.322E-3	3.367E-2
0.302	-4.223E-3	3.367E-2
0.310	-4.113E-3	3.369E-2
0.318	-3.997E-3	3.370E-2
0.327	-3.798E-3	3.371E-2
0.335	-3.539E-3	3.373E-2
0.343	-3.101E-3	3.372E-2
0.352	-2.407E-3	3.377E-2
0.360	-1.521E-3	3.382E-2
0.369	-4.420E-4	3.390E-2
0.377	6.882E-4	3.397E-2
0.385	1.645E-3	3.410E-2
0.394	2.391E-3	3.424E-2
0.402	2.731E-3	3.439E-2
0.410	2.594E-3	3.458E-2
0.419	2.096E-3	3.476E-2
0.427	1.204E-3	3.486E-2
0.436	2.347E-4	3.489E-2
0.444	-8.487E-4	3.484E-2
0.452	-1.840E-3	3.465E-2
0.461	-2.593E-3	3.438E-2
0.469	-3.092E-3	3.407E-2
0.477	-3.300E-3	3.371E-2
0.486	-3.141E-3	3.334E-2
0.494	-2.716E-3	3.300E-2
0.503	-2.111E-3	3.279E-2
0.511	-1.204E-3	3.274E-2
0.519	-2.514E-4	3.281E-2
0.528	6.822E-4	3.304E-2
0.536	1.552E-3	3.344E-2
0.544	2.074E-3	3.396E-2
0.553	2.307E-3	3.452E-2
0.561	2.131E-3	3.508E-2
0.570	1.606E-3	3.553E-2
0.578	9.207E-4	3.581E-2
0.586	7.228E-5	3.590E-2
0.595	-8.260E-4	3.575E-2
0.603	-1.571E-3	3.540E-2
0.611	-2.183E-3	3.488E-2
0.620	-2.575E-3	3.417E-2
0.628	-2.654E-3	3.348E-2
0.637	-2.574E-3	3.280E-2
0.645	-2.206E-3	3.227E-2
0.653	-1.611E-3	3.193E-2
0.662	-9.586E-4	3.186E-2
0.670	-2.398E-4	3.207E-2
0.678	5.040E-4	3.257E-2
0.687	1.031E-3	3.325E-2
0.695	1.420E-3	3.408E-2
0.704	1.603E-3	3.497E-2
0.712	1.435E-3	3.578E-2
0.720	1.132E-3	3.635E-2
0.729	6.210E-4	3.667E-2
0.737	5.573E-5	3.667E-2
0.746	-5.234E-4	3.638E-2
0.754	-1.073E-3	3.580E-2
0.762	-1.489E-3	3.495E-2
0.771	-1.724E-3	3.405E-2
0.779	-1.887E-3	3.314E-2
0.787	-1.803E-3	3.230E-2
0.796	-1.559E-3	3.166E-2
0.804	-1.264E-3	3.139E-2
0.813	-8.513E-4	3.141E-2
0.821	-4.025E-4	3.184E-2
0.829	-6.792E-6	3.252E-2
0.838	3.066E-4	3.343E-2
0.846	5.466E-4	3.448E-2
0.854	6.989E-4	3.548E-2
0.863	7.597E-4	3.633E-2
0.871	6.758E-4	3.691E-2
0.880	4.993E-4	3.714E-2
0.888	3.053E-4	3.702E-2
0.896	3.534E-5	3.657E-2
0.905	-2.192E-4	3.580E-2
0.913	-4.349E-4	3.480E-2
0.921	-6.618E-4	3.376E-2
0.930	-8.185E-4	3.273E-2
0.938	-9.482E-4	3.190E-2
0.947	-1.063E-3	3.134E-2
0.955	-1.057E-3	3.119E-2
0.963	-1.054E-3	3.139E-2
0.972	-9.776E-4	3.192E-2
0.980	-8.269E-4	3.278E-2
0.988	-6.467E-4	3.374E-2
0.997	-4.143E-4	3.478E-2
1.005	-1.302E-4	3.576E-2
1.014	1.180E-4	3.654E-2
1.022	3.649E-4	3.703E-2
1.030	5.768E-4	3.714E-2
1.039	7.075E-4	3.687E-2
1.047	7.822E-4	3.631E-2
1.055	7.396E-4	3.548E-2
1.064	5.534E-4	3.452E-2
1.072	3.114E-4	3.347E-2
1.081	-5.904E-5	3.253E-2
1.089	-5.182E-4	3.184E-2
1.097	-9.016E-4	3.147E-2
1.106	-1.279E-3	3.143E-2
1.114	-1.571E-3	3.171E-2
1.122	-1.721E-3	3.233E-2
1.131	-1.731E-3	3.318E-2
1.139	-1.580E-3	3.410E-2
1.148	-1.318E-3	3.502E-2
1.156	-8.954E-4	3.581E-2
1.164	-3.625E-4	3.637E-2
1.173	2.473E-4	3.666E-2
1.181	7.819E-4	3.664E-2
1.189	1.248E-3	3.630E-2
1.198	1.555E-3	3.575E-2
1.206	1.600E-3	3.498E-2
1.215	1.472E-3	3.414E-2
1.223	1.038E-3	3.331E-2
1.231	4.679E-4	3.262E-2
1.240	-2.379E-4	3.214E-2
1.248	-1.001E-3	3.194E-2
1.256	-1.679E-3	3.199E-2
1.265	-2.195E-3	3.235E-2
1.273	-2.539E-3	3.287E-2
1.282	-2.606E-3	3.355E-2
1.290	-2.439E-3	3.423E-2
1.298	-2.070E-3	3.486E-2
1.307	-1.452E-3	3.537E-2
1.315	-6.812E-4	3.576E-2
1.323	1.204E-4	3.591E-2
1.332	9.639E-4	3.581E-2
1.340	1.647E-3	3.551E-2
1.349	2.090E-3	3.506E-2
1.357	2.257E-3	3.455E-2
1.365	1.986E-3	3.400E-2
1.374	1.402E-3	3.348E-2
1.382	5.791E-4	3.311E-2
1.390	-3.977E-4	3.285E-2
1.399	-1.283E-3	3.278E-2
1.407	-2.123E-3	3.285E-2
1.416	-2.769E-3	3.305E-2
1.424	-3.093E-3	3.334E-2
1.432	-3.102E-3	3.374E-2
1.441	-2.889E-3	3.410E-2
1.449	-2.361E-3	3.442E-2
1.458	-1.596E-3	3.465E-2
1.466	-7.277E-4	3.481E-2
1.474	3.070E-4	3.486E-2
1.483	1.242E-3	3.484E-2
1.491	2.028E-3	3.468E-2
1.499	2.493E-3	3.453E-2
1.508	2.533E-3	3.436E-2
1.516	2.161E-3	3.418E-2
1.525	1.421E-3	3.405E-2
1.533	4.728E-4	3.395E-2
1.541	-5.503E-4	3.387E-2
1.550	-1.562E-3	3.384E-2
1.558	-2.388E-3	3.382E-2
1.566	-2.964E-3	3.383E-2
1.575	-3.307E-3	3.384E-2
1.583	-3.305E-3	3.385E-2
1.592	-2.948E-3	3.386E-2
1.600	-2.385E-3	3.386E-2
1.608	-1.541E-3	3.388E-2
1.617	-5.397E-4	3.393E-2
1.625	4.710E-4	3.397E-2
1.633	1.416E-3	3.413E-2
1.642	2.123E-3	3.429E-2
1.650	2.489E-3	3.451E-2
1.659	2.483E-3	3.473E-2
1.667	2.046E-3	3.491E-2
1.675	1.272E-3	3.505E-2
1.684	3.605E-4	3.509E-2
1.692	-6.509E-4	3.507E-2
1.700	-1.550E-3	3.487E-2
1.709	-2.291E-3	3.460E-2
1.717	-2.827E-3	3.428E-2
1.726	-3.058E-3	3.391E-2
1.734	-2.924E-3	3.350E-2
1.742	-2.601E-3	3.317E-2
1.751	-2.004E-3	3.295E-2
1.759	-1.172E-3	3.284E-2
1.767	-3.223E-4	3.287E-2
1.776	5.689E-4	3.307E-2
1.784	1.357E-3	3.346E-2
1.793	1.893E-3	3.397E-2
1.801	2.129E-3	3.453E-2
1.809	2.005E-3	3.507E-2
1.818	1.542E-3	3.551E-2
1.826	9.238E-4	3.586E-2
1.834	1.261E-4	3.598E-2
1.843	-6.916E-4	3.587E-2
1.851	-1.423E-3	3.553E-2
1.860	-2.008E-3	3.500E-2
1.868	-2.385E-3	3.437E-2
1.876	-2.478E-3	3.367E-2
1.885	-2.403E-3	3.298E-2
1.893	-2.113E-3	3.240E-2
1.901	-1.615E-3	3.207E-2
1.910	-1.025E-3	3.196E-2
1.918	-3.488E-4	3.211E-2
1.927	3.010E-4	3.256E-2
1.935	8.152E-4	3.322E-2
1.943	1.195E-3	3.402E-2
1.952	1.371E-3	3.490E-2
1.960	1.279E-3	3.563E-2
1.968	9.908E-4	3.622E-2
1.977	5.609E-4	3.658E-2
1.985	7.456E-5	3.664E-2
1.994	-4.215E-4	3.639E-2
2.002	-8.889E-4	3.584E-2
2.010	-1.271E-3	3.509E-2
2.019	-1.521E-3	3.418E-2
2.027	-1.672E-3	3.326E-2
2.035	-1.658E-3	3.244E-2
2.044	-1.504E-3	3.185E-2
2.052	-1.264E-3	3.150E-2
2.061	-8.961E-4	3.148E-2
2.069	-5.657E-4	3.184E-2
2.077	-1.910E-4	3.244E-2
2.086	1.104E-4	3.333E-2
2.094	3.311E-4	3.428E-2
2.103	5.157E-4	3.528E-2
2.111	5.597E-4	3.609E-2
2.119	5.320E-4	3.668E-2
2.128	4.685E-4	3.693E-2
2.136	3.067E-4	3.685E-2
2.144	9.435E-5	3.644E-2
2.153	-1.236E-4	3.574E-2
2.161	-3.580E-4	3.482E-2
2.170	-5.831E-4	3.383E-2
2.178	-7.735E-4	3.289E-2
2.186	-9.253E-4	3.209E-2
2.195	-1.055E-3	3.152E-2
2.203	-1.084E-3	3.129E-2
2.211	-1.078E-3	3.141E-2
2.220	-1.054E-3	3.193E-2
2.228	-9.782E-4	3.270E-2
2.237	-8.220E-4	3.362E-2
2.245	-6.030E-4	3.461E-2
2.253	-3.602E-4	3.553E-2
2.262	-1.082E-4	3.628E-2
2.270	1.611E-4	3.678E-2
2.278	4.092E-4	3.691E-2
2.287	5.475E-4	3.670E-2
2.295	7.036E-4	3.619E-2
2.304	7.061E-4	3.542E-2
2.312	5.486E-4	3.452E-2
2.320	3.155E-4	3.358E-2
2.329	-4.146E-5	3.274E-2
2.337	-4.301E-4	3.207E-2
2.345	-8.456E-4	3.168E-2
2.354	-1.259E-3	3.163E-2
2.362	-1.551E-3	3.189E-2
2.371	-1.738E-3	3.241E-2
2.379	-1.796E-3	3.317E-2
2.387	-1.691E-3	3.401E-2
2.396	-1.436E-3	3.482E-2
2.404	-1.030E-3	3.557E-2
2.412	-5.488E-4	3.613E-2
2.421	3.557E-5	3.643E-2
2.429	5.756E-4	3.642E-2
2.438	1.047E-3	3.615E-2
2.446	1.398E-3	3.567E-2
2.454	1.485E-3	3.500E-2
2.463	1.408E-3	3.420E-2
2.471	1.013E-3	3.344E-2
2.479	5.032E-4	3.281E-2
2.488	-2.003E-4	3.237E-2
2.496	-8.961E-4	3.217E-2
2.505	-1.530E-3	3.219E-2
2.513	-2.091E-3	3.245E-2
2.521	-2.424E-3	3.294E-2
2.530	-2.535E-3	3.354E-2
2.538	-2.417E-3	3.416E-2
2.546	-2.074E-3	3.473E-2
2.555	-1.494E-3	3.525E-2
2.563	-7.731E-4	3.559E-2
2.572	4.136E-5	3.572E-2
2.580	8.484E-4	3.568E-2
2.588	1.476E-3	3.545E-2
2.597	1.930E-3	3.506E-2
2.605	2.091E-3	3.460E-2
2.613	1.904E-3	3.412E-2
2.622	1.392E-3	3.368E-2
2.630	6.080E-4	3.332E-2
2.639	-3.035E-4	3.309E-2
2.647	-1.204E-3	3.300E-2
2.655	-2.014E-3	3.304E-2
2.664	-2.618E-3	3.321E-2
2.672	-2.929E-3	3.347E-2
2.680	-3.049E-3	3.376E-2
2.689	-2.845E-3	3.407E-2
2.697	-2.380E-3	3.435E-2
2.706	-1.686E-3	3.457E-2
2.714	-8.058E-4	3.475E-2
2.722	1.502E-4	3.479E-2
2.731	1.039E-3	3.479E-2
2.739	1.823E-3	3.474E-2
2.747	2.307E-3	3.461E-2
2.756	2.356E-3	3.449E-2
2.764	2.085E-3	3.438E-2
2.773	1.434E-3	3.426E-2
2.781	5.637E-4	3.418E-2
2.789	-4.181E-4	3.413E-2
2.798	-1.353E-3	3.407E-2
2.806	-2.152E-3	3.401E-2
2.815	-2.753E-3	3.398E-2
2.823	-3.093E-3	3.392E-2
2.831	-3.088E-3	3.387E-2
2.840	-2.836E-3	3.383E-2
2.848	-2.321E-3	3.379E-2
2.856	-1.543E-3	3.383E-2
2.865	-6.205E-4	3.389E-2
2.873	3.443E-4	3.394E-2
2.882	1.239E-3	3.409E-2
2.890	1.906E-3	3.427E-2
2.898	2.294E-3	3.450E-2
2.907	2.313E-3	3.475E-2
2.915	1.910E-3	3.497E-2
2.923	1.235E-3	3.514E-2
2.932	3.648E-4	3.524E-2
2.940	-5.802E-4	3.523E-2
2.949	-1.439E-3	3.507E-2
2.957	-2.156E-3	3.481E-2
2.965	-2.639E-3	3.445E-2
2.974	-2.871E-3	3.403E-2
2.982	-2.855E-3	3.366E-2
2.990	-2.557E-3	3.329E-2
2.999	-2.000E-3	3.302E-2
3.007	-1.269E-3	3.287E-2
3.016	-4.785E-4	3.289E-2
3.024	3.431E-4	3.313E-2
3.032	1.062E-3	3.351E-2
3.041	1.613E-3	3.398E-2
3.049	1.866E-3	3.454E-2
3.057	1.831E-3	3.506E-2
3.066	1.458E-3	3.553E-2
3.074	9.172E-4	3.588E-2
3.083	2.132E-4	3.599E-2
3.091	-5.501E-4	3.591E-2
3.099	-1.252E-3	3.558E-2
3.108	-1.768E-3	3.507E-2
3.116	-2.151E-3	3.448E-2
3.124	-2.297E-3	3.379E-2
3.133	-2.245E-3	3.314E-2
3.141	-1.969E-3	3.260E-2
3.150	-1.532E-3	3.223E-2
3.158	-1.002E-3	3.210E-2
3.166	-3.977E-4	3.225E-2
3.175	1.993E-4	3.265E-2
3.183	6.957E-4	3.323E-2
3.191	1.025E-3	3.403E-2
3.200	1.195E-3	3.483E-2
3.208	1.181E-3	3.558E-2
3.217	9.785E-4	3.614E-2
3.225	5.954E-4	3.650E-2
3.233	1.668E-4	3.661E-2
3.242	-3.342E-4	3.639E-2
3.250	-7.827E-4	3.588E-2
3.258	-1.099E-3	3.518E-2
3.267	-1.340E-3	3.434E-2
3.275	-1.480E-3	3.348E-2
3.284	-1.490E-3	3.267E-2
3.292	-1.360E-3	3.207E-2
3.300	-1.191E-3	3.171E-2
3.309	-9.400E-4	3.167E-2
3.317	-6.446E-4	3.194E-2
3.325	-3.587E-4	3.250E-2
3.334	-6.749E-5	3.329E-2
3.342	1.342E-4	3.419E-2
3.351	3.030E-4	3.512E-2
3.359	3.725E-4	3.591E-2
3.367	3.813E-4	3.647E-2
3.376	3.250E-4	3.678E-2
3.384	2.345E-4	3.676E-2
3.392	7.814E-5	3.641E-2
3.401	-1.135E-4	3.575E-2
3.409	-3.339E-4	3.490E-2
3.418	-5.218E-4	3.396E-2
3.426	-6.900E-4	3.304E-2
3.434	-8.775E-4	3.224E-2
3.443	-1.028E-3	3.171E-2
3.451	-1.094E-3	3.147E-2
3.459	-1.105E-3	3.158E-2
3.468	-1.090E-3	3.201E-2
3.476	-1.046E-3	3.271E-2
3.485	-8.988E-4	3.360E-2
3.493	-7.068E-4	3.454E-2
3.501	-4.907E-4	3.543E-2
3.510	-1.911E-4	3.613E-2
3.518	8.287E-5	3.660E-2
3.527	3.304E-4	3.673E-2
3.535	5.413E-4	3.663E-2
3.543	7.127E-4	3.617E-2
3.552	7.313E-4	3.545E-2
3.560	6.289E-4	3.461E-2
3.568	3.814E-4	3.371E-2
3.577	6.218E-5	3.290E-2
3.585	-3.474E-4	3.230E-2
3.594	-7.949E-4	3.191E-2
3.602	-1.211E-3	3.181E-2
3.610	-1.534E-3	3.205E-2
3.619	-1.747E-3	3.252E-2
3.627	-1.803E-3	3.318E-2
3.635	-1.722E-3	3.395E-2
3.644	-1.498E-3	3.473E-2
3.652	-1.104E-3	3.545E-2
3.661	-6.001E-4	3.599E-2
3.669	-5.672E-5	3.625E-2
3.677	5.029E-4	3.626E-2
3.686	9.885E-4	3.601E-2
3.694	1.330E-3	3.556E-2
3.702	1.444E-3	3.494E-2
3.711	1.394E-3	3.424E-2
3.719	1.042E-3	3.360E-2
3.728	5.344E-4	3.302E-2
3.736	-1.182E-4	3.258E-2
3.744	-8.061E-4	3.235E-2
3.753	-1.481E-3	3.235E-2
3.761	-2.007E-3	3.258E-2
3.769	-2.372E-3	3.300E-2
3.778	-2.466E-3	3.352E-2
3.786	-2.382E-3	3.407E-2
3.795	-2.058E-3	3.462E-2
3.803	-1.538E-3	3.507E-2
3.811	-8.367E-4	3.541E-2
3.820	-5.210E-5	3.554E-2
3.828	7.206E-4	3.550E-2
3.836	1.384E-3	3.530E-2
3.845	1.873E-3	3.500E-2
3.853	2.058E-3	3.459E-2
3.862	1.916E-3	3.415E-2
3.870	1.444E-3	3.376E-2
3.878	7.393E-4	3.345E-2
3.887	-8.844E-5	3.323E-2
3.895	-9.615E-4	3.318E-2
3.903	-1.766E-3	3.322E-2
3.912	-2.369E-3	3.331E-2
3.920	-2.761E-3	3.353E-2
3.929	-2.868E-3	3.375E-2
3.937	-2.691E-3	3.401E-2
3.945	-2.275E-3	3.420E-2
3.954	-1.661E-3	3.438E-2
3.962	-8.384E-4	3.453E-2
3.970	7.926E-5	3.459E-2
3.979	9.578E-4	3.460E-2
3.987	1.674E-3	3.456E-2
3.996	2.121E-3	3.448E-2
4.004	2.287E-3	3.440E-2
4.012	2.050E-3	3.433E-2
4.021	1.466E-3	3.423E-2
4.029	6.414E-4	3.416E-2
4.037	-3.016E-4	3.411E-2
4.046	-1.216E-3	3.408E-2
4.054	-1.995E-3	3.401E-2
4.063	-2.578E-3	3.392E-2
4.071	-2.881E-3	3.384E-2
4.079	-2.892E-3	3.376E-2
4.088	-2.673E-3	3.368E-2
4.096	-2.195E-3	3.364E-2
4.104	-1.490E-3	3.363E-2
4.113	-6.381E-4	3.366E-2
4.121	2.884E-4	3.372E-2
4.130	1.125E-3	3.388E-2
4.138	1.733E-3	3.409E-2
4.146	2.106E-3	3.433E-2
4.155	2.126E-3	3.458E-2
4.163	1.842E-3	3.482E-2
4.171	1.243E-3	3.502E-2
4.180	4.636E-4	3.509E-2
4.188	-3.807E-4	3.507E-2
4.197	-1.197E-3	3.496E-2
4.205	-1.907E-3	3.475E-2
4.213	-2.392E-3	3.440E-2
4.222	-2.630E-3	3.399E-2
4.230	-2.629E-3	3.358E-2
4.239	-2.391E-3	3.324E-2
4.247	-1.920E-3	3.297E-2
4.255	-1.269E-3	3.281E-2
4.264	-5.385E-4	3.282E-2
4.272	2.551E-4	3.301E-2
4.280	9.499E-4	3.337E-2
4.289	1.451E-3	3.387E-2
4.297	1.695E-3	3.440E-2
4.306	1.665E-3	3.494E-2
4.314	1.388E-3	3.543E-2
4.322	9.016E-4	3.577E-2
4.331	2.560E-4	3.594E-2
4.339	-4.111E-4	3.585E-2
4.347	-1.035E-3	3.558E-2
4.356	-1.537E-3	3.510E-2
4.364	-1.916E-3	3.451E-2
4.373	-2.115E-3	3.384E-2
4.381	-2.126E-3	3.320E-2
4.389	-1.908E-3	3.264E-2
4.398	-1.508E-3	3.227E-2
4.406	-1.039E-3	3.212E-2
4.414	-5.170E-4	3.223E-2
4.423	3.703E-5	3.260E-2
4.431	5.119E-4	3.319E-2
4.440	8.202E-4	3.392E-2
4.448	9.842E-4	3.469E-2
4.456	9.849E-4	3.543E-2
4.465	7.998E-4	3.599E-2
4.473	5.176E-4	3.638E-2
4.481	1.305E-4	3.645E-2
4.490	-2.743E-4	3.626E-2
4.498	-6.555E-4	3.579E-2
4.507	-1.004E-3	3.513E-2
4.515	-1.262E-3	3.432E-2
4.523	-1.372E-3	3.350E-2
4.532	-1.443E-3	3.271E-2
4.540	-1.362E-3	3.212E-2
4.548	-1.245E-3	3.177E-2
4.557	-1.024E-3	3.174E-2
4.565	-7.806E-4	3.196E-2
4.574	-4.936E-4	3.248E-2
4.582	-2.259E-4	3.324E-2
4.590	-6.170E-5	3.410E-2
4.599	7.825E-5	3.499E-2
4.607	1.898E-4	3.575E-2
4.615	2.290E-4	3.631E-2
4.624	2.421E-4	3.663E-2
4.632	1.767E-4	3.662E-2
4.641	5.469E-5	3.630E-2
4.649	-1.009E-4	3.574E-2
4.657	-2.556E-4	3.495E-2
4.666	-4.441E-4	3.411E-2
4.674	-6.253E-4	3.324E-2
4.682	-8.003E-4	3.246E-2
4.691	-9.496E-4	3.193E-2
4.699	-1.085E-3	3.167E-2
4.708	-1.121E-3	3.173E-2
4.716	-1.114E-3	3.210E-2
4.724	-1.070E-3	3.273E-2
4.733	-9.966E-4	3.353E-2
4.741	-8.264E-4	3.439E-2
4.749	-5.993E-4	3.522E-2
4.758	-3.252E-4	3.590E-2
4.766	1.648E-6	3.637E-2
4.775	2.870E-4	3.657E-2
4.783	5.256E-4	3.644E-2
4.791	7.065E-4	3.602E-2
4.800	7.544E-4	3.538E-2
4.808	7.015E-4	3.462E-2
4.816	5.187E-4	3.377E-2
4.825	2.076E-4	3.302E-2
4.833	-2.015E-4	3.239E-2
4.842	-6.256E-4	3.205E-2
4.850	-1.031E-3	3.194E-2
4.858	-1.404E-3	3.210E-2
4.867	-1.684E-3	3.251E-2
4.875	-1.757E-3	3.311E-2
4.883	-1.712E-3	3.380E-2
4.892	-1.504E-3	3.457E-2
4.900	-1.104E-3	3.523E-2
4.909	-6.575E-4	3.574E-2
4.917	-1.084E-4	3.601E-2
4.925	4.338E-4	3.606E-2
4.934	9.094E-4	3.592E-2
4.942	1.263E-3	3.551E-2
4.951	1.441E-3	3.496E-2
4.959	1.430E-3	3.433E-2
4.967	1.107E-3	3.370E-2
4.976	5.889E-4	3.318E-2
4.984	-2.488E-5	3.278E-2
4.992	-7.414E-4	3.256E-2
5.001	-1.390E-3	3.256E-2
5.009	-1.954E-3	3.275E-2
5.018	-2.279E-3	3.308E-2
5.026	-2.443E-3	3.352E-2
5.034	-2.391E-3	3.402E-2
5.043	-2.047E-3	3.455E-2
5.051	-1.634E-3	3.498E-2
5.059	-1.002E-3	3.528E-2
5.068	-2.453E-4	3.544E-2
5.076	4.937E-4	3.544E-2
5.085	1.169E-3	3.528E-2
5.093	1.638E-3	3.501E-2
5.101	1.857E-3	3.464E-2
5.110	1.777E-3	3.426E-2
5.118	1.356E-3	3.393E-2
5.126	7.281E-4	3.365E-2
5.135	-4.632E-5	3.347E-2
5.143	-8.952E-4	3.336E-2
5.152	-1.658E-3	3.339E-2
5.160	-2.254E-3	3.349E-2
5.168	-2.628E-3	3.367E-2
5.177	-2.774E-3	3.389E-2
5.185	-2.646E-3	3.409E-2
5.193	-2.285E-3	3.429E-2
5.202	-1.699E-3	3.444E-2
5.210	-9.352E-4	3.457E-2
5.219	-9.992E-5	3.461E-2
5.227	7.425E-4	3.461E-2
5.235	1.428E-3	3.459E-2
5.244	1.900E-3	3.455E-2
5.252	2.076E-3	3.450E-2
5.260	1.892E-3	3.448E-2
5.269	1.383E-3	3.441E-2
5.277	6.343E-4	3.436E-2
5.286	-2.363E-4	3.433E-2
5.294	-1.079E-3	3.426E-2
5.302	-1.855E-3	3.420E-2
5.311	-2.429E-3	3.412E-2
5.319	-2.707E-3	3.400E-2
5.327	-2.815E-3	3.390E-2
5.336	-2.631E-3	3.377E-2
5.344	-2.191E-3	3.368E-2
5.353	-1.537E-3	3.366E-2
5.361	-7.566E-4	3.366E-2
5.369	9.480E-5	3.371E-2
5.378	8.943E-4	3.389E-2
5.386	1.467E-3	3.408E-2
5.394	1.866E-3	3.431E-2
5.403	1.919E-3	3.459E-2
5.411	1.663E-3	3.483E-2
5.420	1.148E-3	3.504E-2
5.428	4.629E-4	3.514E-2
5.436	-3.333E-4	3.510E-2
5.445	-1.080E-3	3.500E-2
5.453	-1.729E-3	3.478E-2
5.461	-2.197E-3	3.443E-2
5.470	-2.439E-3	3.404E-2
5.478	-2.433E-3	3.365E-2
5.487	-2.221E-3	3.326E-2
5.495	-1.785E-3	3.300E-2
5.503	-1.200E-3	3.282E-2
5.512	-5.253E-4	3.281E-2
5.520	1.799E-4	3.300E-2
5.528	7.908E-4	3.331E-2
5.537	1.257E-3	3.376E-2
5.545	1.486E-3	3.427E-2
5.554	1.476E-3	3.481E-2
5.562	1.229E-3	3.530E-2
5.570	7.983E-4	3.566E-2
5.579	2.603E-4	3.584E-2
5.587	-3.646E-4	3.580E-2
5.596	-9.386E-4	3.553E-2
5.604	-1.453E-3	3.509E-2
5.612	-1.775E-3	3.453E-2
5.621	-1.965E-3	3.388E-2
5.629	-1.956E-3	3.324E-2
5.637	-1.755E-3	3.270E-2
5.646	-1.458E-3	3.234E-2
5.654	-1.033E-3	3.216E-2
5.663	-5.645E-4	3.226E-2
5.671	-7.454E-5	3.259E-2
5.679	3.379E-4	3.313E-2
5.688	6.994E-4	3.381E-2
5.696	8.497E-4	3.456E-2
5.704	8.461E-4	3.526E-2
5.713	7.301E-4	3.584E-2
5.721	4.964E-4	3.622E-2
5.730	1.569E-4	3.636E-2
5.738	-1.802E-4	3.620E-2
5.746	-5.660E-4	3.579E-2
5.755	-8.428E-4	3.517E-2
5.763	-1.066E-3	3.445E-2
5.771	-1.244E-3	3.363E-2
5.780	-1.268E-3	3.287E-2
5.788	-1.260E-3	3.230E-2
5.797	-1.091E-3	3.193E-2
5.805	-8.962E-4	3.186E-2
5.813	-6.638E-4	3.208E-2
5.822	-4.156E-4	3.256E-2
5.830	-1.753E-4	3.324E-2
5.838	2.670E-5	3.405E-2
5.847	1.795E-4	3.489E-2
5.855	2.782E-4	3.559E-2
5.864	3.423E-4	3.612E-2
5.872	3.409E-4	3.644E-2
5.880	3.292E-4	3.642E-2
5.889	2.355E-4	3.616E-2
5.897	1.152E-4	3.566E-2
5.905	-4.587E-5	3.495E-2
5.914	-2.193E-4	3.415E-2
5.922	-3.826E-4	3.333E-2
5.931	-5.675E-4	3.256E-2
5.939	-7.610E-4	3.206E-2
5.947	-8.891E-4	3.182E-2
5.956	-9.996E-4	3.188E-2
5.964	-1.048E-3	3.219E-2
5.972	-1.041E-3	3.274E-2
5.981	-9.816E-4	3.351E-2
5.989	-8.168E-4	3.429E-2
5.998	-5.988E-4	3.510E-2
6.006	-3.352E-4	3.572E-2
6.014	-6.716E-5	3.616E-2
6.023	2.368E-4	3.638E-2
6.031	5.038E-4	3.631E-2
6.039	6.982E-4	3.595E-2
6.048	7.747E-4	3.539E-2
6.056	7.391E-4	3.466E-2
6.065	5.554E-4	3.392E-2
6.073	2.736E-4	3.319E-2
6.081	-1.071E-4	3.262E-2
6.090	-5.535E-4	3.223E-2
6.098	-9.931E-4	3.213E-2
6.106	-1.344E-3	3.226E-2
6.115	-1.566E-3	3.261E-2
6.123	-1.706E-3	3.316E-2
6.132	-1.670E-3	3.383E-2
6.140	-1.492E-3	3.453E-2
6.148	-1.180E-3	3.514E-2
6.157	-7.610E-4	3.559E-2
6.165	-2.417E-4	3.589E-2
6.173	2.840E-4	3.595E-2
6.182	7.647E-4	3.579E-2
6.190	1.161E-3	3.544E-2
6.199	1.381E-3	3.495E-2
6.207	1.377E-3	3.438E-2
6.215	1.140E-3	3.382E-2
6.224	7.097E-4	3.331E-2
6.232	1.312E-4	3.292E-2
6.240	-5.390E-4	3.274E-2
6.249	-1.185E-3	3.275E-2
6.257	-1.725E-3	3.285E-2
6.266	-2.116E-3	3.318E-2
6.274	-2.259E-3	3.359E-2
6.282	-2.236E-3	3.406E-2
6.291	-1.977E-3	3.453E-2
6.299	-1.511E-3	3.490E-2
6.308	-8.963E-4	3.513E-2
6.316	-1.778E-4	3.528E-2
6.324	5.522E-4	3.527E-2
6.333	1.182E-3	3.513E-2
6.341	1.653E-3	3.488E-2
6.349	1.889E-3	3.458E-2
6.358	1.836E-3	3.423E-2
6.366	1.457E-3	3.391E-2
6.375	8.836E-4	3.367E-2
6.383	1.118E-4	3.349E-2
6.391	-6.862E-4	3.342E-2
6.400	-1.452E-3	3.343E-2
6.408	-2.064E-3	3.349E-2
6.416	-2.451E-3	3.365E-2
6.425	-2.607E-3	3.383E-2
6.433	-2.480E-3	3.400E-2
6.442	-2.165E-3	3.415E-2
6.450	-1.618E-3	3.431E-2
6.458	-9.260E-4	3.440E-2
6.467	-1.284E-4	3.443E-2
6.475	6.523E-4	3.443E-2
6.483	1.269E-3	3.441E-2
6.492	1.786E-3	3.438E-2
6.500	1.898E-3	3.437E-2
6.509	1.788E-3	3.434E-2
6.517	1.282E-3	3.432E-2
6.525	5.990E-4	3.432E-2
6.534	-1.613E-4	3.429E-2
6.542	-1.001E-3	3.424E-2
6.550	-1.725E-3	3.416E-2
6.559	-2.252E-3	3.406E-2
6.567	-2.616E-3	3.394E-2
6.576	-2.665E-3	3.385E-2
6.584	-2.537E-3	3.372E-2
6.592	-2.174E-3	3.364E-2
6.601	-1.560E-3	3.359E-2
6.609	-8.146E-4	3.361E-2
6.617	-3.280E-7	3.368E-2
6.626	7.223E-4	3.382E-2
6.634	1.332E-3	3.402E-2
6.643	1.658E-3	3.428E-2
6.651	1.806E-3	3.458E-2
6.659	1.608E-3	3.484E-2
6.668	1.150E-3	3.504E-2
6.676	5.180E-4	3.514E-2
6.684	-1.825E-4	3.520E-2
6.693	-9.162E-4	3.510E-2
6.701	-1.550E-3	3.486E-2
6.710	-2.000E-3	3.454E-2
6.718	-2.234E-3	3.415E-2
6.726	-2.257E-3	3.373E-2
6.735	-2.141E-3	3.335E-2
6.743	-1.753E-3	3.308E-2
6.751	-1.231E-3	3.289E-2
6.760	-5.939E-4	3.292E-2
6.768	8.142E-5	3.305E-2
6.777	6.786E-4	3.337E-2
6.785	1.159E-3	3.381E-2
6.793	1.435E-3	3.432E-2
6.802	1.458E-3	3.485E-2
6.810	1.242E-3	3.531E-2
6.818	8.538E-4	3.567E-2
6.827	3.253E-4	3.584E-2
6.835	-2.266E-4	3.584E-2
6.844	-8.046E-4	3.564E-2
6.852	-1.268E-3	3.524E-2
6.860	-1.593E-3	3.467E-2
6.869	-1.766E-3	3.403E-2
6.877	-1.753E-3	3.343E-2
6.885	-1.675E-3	3.289E-2
6.894	-1.386E-3	3.253E-2
6.902	-1.039E-3	3.237E-2
6.911	-5.974E-4	3.240E-2
6.919	-1.435E-4	3.267E-2
6.927	2.684E-4	3.321E-2
6.936	5.456E-4	3.385E-2
6.944	7.453E-4	3.454E-2
6.952	7.678E-4	3.522E-2
6.961	7.084E-4	3.578E-2
6.969	5.049E-4	3.615E-2
6.978	2.321E-4	3.627E-2
6.986	-9.220E-5	3.619E-2
6.994	-4.029E-4	3.580E-2
7.003	-6.766E-4	3.523E-2
7.011	-8.769E-4	3.453E-2
7.020	-1.021E-3	3.377E-2
7.028	-1.059E-3	3.301E-2
7.036	-1.055E-3	3.242E-2
7.045	-9.868E-4	3.207E-2
7.053	-8.334E-4	3.195E-2
7.061	-6.484E-4	3.212E-2
7.070	-4.324E-4	3.255E-2
7.078	-2.350E-4	3.322E-2
7.087	-8.414E-5	3.400E-2
7.095	7.521E-5	3.475E-2
7.103	1.664E-4	3.545E-2
7.112	2.525E-4	3.600E-2
7.120	3.012E-4	3.634E-2
7.128	3.035E-4	3.639E-2
7.137	2.582E-4	3.615E-2
7.145	1.485E-4	3.567E-2
7.154	2.812E-5	3.502E-2
7.162	-1.117E-4	3.424E-2
7.170	-3.265E-4	3.346E-2
7.179	-5.139E-4	3.276E-2
7.187	-6.918E-4	3.225E-2
7.195	-8.537E-4	3.199E-2
7.204	-1.005E-3	3.206E-2
7.212	-1.062E-3	3.234E-2
7.221	-1.061E-3	3.283E-2
7.229	-1.022E-3	3.352E-2
7.237	-8.569E-4	3.426E-2
7.246	-6.510E-4	3.500E-2
7.254	-3.758E-4	3.563E-2
7.262	-1.016E-4	3.607E-2
7.271	1.752E-4	3.628E-2
7.279	4.557E-4	3.626E-2
7.288	6.358E-4	3.591E-2
7.296	7.353E-4	3.540E-2
7.304	7.287E-4	3.476E-2
7.313	5.607E-4	3.406E-2
7.321	2.979E-4	3.340E-2
7.329	-8.316E-5	3.283E-2
7.338	-5.158E-4	3.242E-2
7.346	-9.349E-4	3.230E-2
7.355	-1.305E-3	3.238E-2
7.363	-1.554E-3	3.270E-2
7.371	-1.708E-3	3.321E-2
7.380	-1.704E-3	3.382E-2
7.388	-1.518E-3	3.447E-2
7.396	-1.235E-3	3.506E-2
7.405	-8.158E-4	3.550E-2
7.413	-3.280E-4	3.577E-2
7.422	2.068E-4	3.584E-2
7.430	6.898E-4	3.575E-2
7.438	1.042E-3	3.542E-2
7.447	1.237E-3	3.499E-2
7.455	1.234E-3	3.447E-2
7.463	1.009E-3	3.395E-2
7.472	6.067E-4	3.346E-2
7.480	6.603E-5	3.308E-2
7.489	-5.762E-4	3.285E-2
7.497	-1.196E-3	3.280E-2
7.505	-1.722E-3	3.295E-2
7.514	-2.102E-3	3.323E-2
7.522	-2.266E-3	3.358E-2
7.530	-2.278E-3	3.400E-2
7.539	-2.045E-3	3.439E-2
7.547	-1.672E-3	3.475E-2
7.556	-1.078E-3	3.502E-2
7.564	-3.971E-4	3.514E-2
7.572	2.815E-4	3.513E-2
7.581	9.291E-4	3.502E-2
7.589	1.401E-3	3.482E-2
7.597	1.645E-3	3.456E-2
7.606	1.628E-3	3.429E-2
7.614	1.306E-3	3.402E-2
7.623	7.583E-4	3.381E-2
7.631	6.579E-5	3.367E-2
7.639	-6.737E-4	3.359E-2
7.648	-1.361E-3	3.361E-2
7.656	-1.974E-3	3.368E-2
7.664	-2.380E-3	3.376E-2
7.673	-2.536E-3	3.390E-2
7.681	-2.460E-3	3.403E-2
7.690	-2.157E-3	3.418E-2
7.698	-1.670E-3	3.430E-2
7.706	-1.005E-3	3.439E-2
7.715	-2.728E-4	3.443E-2
7.723	4.959E-4	3.443E-2
7.732	1.157E-3	3.441E-2
7.740	1.636E-3	3.440E-2
7.748	1.851E-3	3.439E-2
7.757	1.712E-3	3.437E-2
7.765	1.294E-3	3.437E-2
7.773	7.067E-4	3.437E-2
7.782	-6.198E-5	3.435E-2
7.790	-8.340E-4	3.432E-2
7.799	-1.515E-3	3.425E-2
7.807	-2.072E-3	3.416E-2
7.815	-2.421E-3	3.404E-2
7.824	-2.520E-3	3.392E-2
7.832	-2.424E-3	3.377E-2
7.840	-2.075E-3	3.365E-2
7.849	-1.532E-3	3.359E-2
7.857	-8.428E-4	3.361E-2
7.866	-1.094E-4	3.367E-2
7.874	5.770E-4	3.376E-2
7.882	1.168E-3	3.395E-2
7.891	1.581E-3	3.418E-2
7.899	1.676E-3	3.446E-2
7.907	1.480E-3	3.473E-2
7.916	1.058E-3	3.497E-2
7.924	4.977E-4	3.508E-2
7.933	-1.687E-4	3.511E-2
7.941	-8.369E-4	3.502E-2
7.949	-1.456E-3	3.481E-2
7.958	-1.926E-3	3.452E-2
7.966	-2.186E-3	3.413E-2
7.974	-2.209E-3	3.373E-2
7.983	-2.063E-3	3.335E-2
7.991	-1.740E-3	3.307E-2
8.000	-1.263E-3	3.289E-2
8.008	-6.682E-4	3.293E-2
8.016	-2.816E-5	3.304E-2
8.025	5.128E-4	3.330E-2
8.033	9.651E-4	3.370E-2
8.041	1.204E-3	3.418E-2
8.050	1.233E-3	3.470E-2
8.058	1.078E-3	3.518E-2
8.067	7.429E-4	3.554E-2
8.075	2.877E-4	3.572E-2
8.083	-1.953E-4	3.572E-2
8.092	-7.018E-4	3.552E-2
8.100	-1.140E-3	3.513E-2
8.108	-1.506E-3	3.460E-2
8.117	-1.695E-3	3.400E-2
8.125	-1.722E-3	3.340E-2
8.134	-1.588E-3	3.288E-2
8.142	-1.348E-3	3.249E-2
8.150	-1.031E-3	3.232E-2
8.159	-6.198E-4	3.233E-2
8.167	-1.879E-4	3.263E-2
8.175	1.478E-4	3.310E-2
8.184	4.638E-4	3.368E-2
8.192	6.263E-4	3.435E-2
8.201	6.864E-4	3.500E-2
8.209	5.924E-4	3.557E-2
8.217	4.464E-4	3.595E-2
8.226	1.493E-4	3.611E-2
8.234	-1.337E-4	3.600E-2
8.242	-4.003E-4	3.567E-2
8.251	-6.427E-4	3.514E-2
8.259	-8.413E-4	3.449E-2
8.268	-1.010E-3	3.379E-2
8.276	-1.057E-3	3.308E-2
8.284	-1.056E-3	3.251E-2
8.293	-1.013E-3	3.215E-2
8.301	-8.629E-4	3.206E-2
8.309	-7.473E-4	3.220E-2
8.318	-5.854E-4	3.257E-2
8.326	-3.892E-4	3.318E-2
8.335	-1.871E-4	3.390E-2
8.343	-6.431E-5	3.462E-2
8.351	6.580E-5	3.531E-2
8.360	1.293E-4	3.585E-2
8.368	1.291E-4	3.617E-2
8.377	1.714E-4	3.623E-2
8.385	1.327E-4	3.600E-2
8.393	7.594E-5	3.558E-2
8.402	-5.967E-6	3.496E-2
8.410	-1.721E-4	3.422E-2
8.418	-3.569E-4	3.348E-2
8.427	-5.335E-4	3.280E-2
8.435	-7.053E-4	3.233E-2
8.444	-8.744E-4	3.207E-2
8.452	-1.033E-3	3.208E-2
8.460	-1.093E-3	3.232E-2
8.469	-1.099E-3	3.281E-2
8.477	-1.067E-3	3.345E-2
8.485	-9.251E-4	3.415E-2
8.494	-7.863E-4	3.484E-2
8.502	-5.359E-4	3.542E-2
8.511	-2.113E-4	3.588E-2
8.519	7.261E-5	3.611E-2
8.527	3.333E-4	3.612E-2
8.536	5.314E-4	3.578E-2
8.544	6.937E-4	3.531E-2
8.552	7.117E-4	3.470E-2
8.561	5.451E-4	3.405E-2
8.569	3.119E-4	3.343E-2
8.578	-5.210E-5	3.290E-2
8.586	-4.470E-4	3.257E-2
8.594	-8.328E-4	3.243E-2
8.603	-1.227E-3	3.248E-2
8.611	-1.495E-3	3.278E-2
8.619	-1.669E-3	3.323E-2
8.628	-1.687E-3	3.378E-2
8.636	-1.527E-3	3.436E-2
8.645	-1.264E-3	3.488E-2
8.653	-8.390E-4	3.529E-2
8.661	-3.716E-4	3.556E-2
8.670	1.297E-4	3.567E-2
8.678	5.879E-4	3.555E-2
8.686	9.785E-4	3.527E-2
8.695	1.199E-3	3.486E-2
8.703	1.213E-3	3.438E-2
8.712	1.026E-3	3.390E-2
8.720	6.544E-4	3.347E-2
8.728	1.027E-4	3.314E-2
8.737	-5.152E-4	3.296E-2
8.745	-1.083E-3	3.294E-2
8.753	-1.579E-3	3.303E-2
8.762	-1.981E-3	3.326E-2
8.770	-2.192E-3	3.359E-2
8.779	-2.185E-3	3.396E-2
8.787	-1.962E-3	3.435E-2
8.795	-1.557E-3	3.465E-2
8.804	-1.026E-3	3.487E-2
8.812	-3.923E-4	3.502E-2
8.820	2.842E-4	3.504E-2
8.829	8.851E-4	3.499E-2
8.837	1.314E-3	3.481E-2
8.846	1.585E-3	3.457E-2
8.854	1.600E-3	3.432E-2
8.862	1.292E-3	3.409E-2
8.871	7.837E-4	3.390E-2
8.879	1.296E-4	3.372E-2
8.887	-5.967E-4	3.366E-2
8.896	-1.272E-3	3.366E-2
8.904	-1.853E-3	3.369E-2
8.913	-2.219E-3	3.374E-2
8.921	-2.406E-3	3.388E-2
8.929	-2.377E-3	3.397E-2
8.938	-2.122E-3	3.411E-2
8.946	-1.653E-3	3.419E-2
8.954	-1.033E-3	3.425E-2
8.963	-3.381E-4	3.434E-2
8.971	3.749E-4	3.436E-2
8.980	9.877E-4	3.437E-2
8.988	1.440E-3	3.437E-2
8.996	1.654E-3	3.438E-2
9.005	1.609E-3	3.440E-2
9.013	1.226E-3	3.440E-2
9.021	6.987E-4	3.440E-2
9.030	1.362E-5	3.438E-2
9.038	-7.169E-4	3.437E-2
9.047	-1.378E-3	3.428E-2
9.055	-1.954E-3	3.417E-2
9.063	-2.251E-3	3.406E-2
9.072	-2.389E-3	3.391E-2
9.080	-2.268E-3	3.377E-2
9.089	-1.973E-3	3.365E-2
9.097	-1.494E-3	3.354E-2
9.105	-8.443E-4	3.350E-2
9.114	-1.531E-4	3.353E-2
9.122	5.129E-4	3.365E-2
9.130	1.049E-3	3.385E-2
9.139	1.412E-3	3.411E-2
9.147	1.561E-3	3.439E-2
9.156	1.402E-3	3.465E-2
9.164	1.013E-3	3.487E-2
9.172	5.054E-4	3.501E-2
9.181	-1.256E-4	3.506E-2
9.189	-7.737E-4	3.500E-2
9.197	-1.311E-3	3.480E-2
9.206	-1.741E-3	3.452E-2
9.214	-1.989E-3	3.415E-2
9.223	-2.052E-3	3.375E-2
9.231	-1.971E-3	3.340E-2
9.239	-1.675E-3	3.309E-2
9.248	-1.244E-3	3.290E-2
9.256	-7.101E-4	3.288E-2
9.264	-1.472E-4	3.298E-2
9.273	3.720E-4	3.324E-2
9.281	7.635E-4	3.365E-2
9.290	1.013E-3	3.412E-2
9.298	1.078E-3	3.462E-2
9.306	9.473E-4	3.507E-2
9.315	6.938E-4	3.544E-2
9.323	2.831E-4	3.565E-2
9.331	-1.615E-4	3.568E-2
9.340	-6.216E-4	3.550E-2
9.348	-1.041E-3	3.513E-2
9.357	-1.330E-3	3.461E-2
9.365	-1.500E-3	3.406E-2
9.373	-1.536E-3	3.350E-2
9.382	-1.463E-3	3.299E-2
9.390	-1.263E-3	3.260E-2
9.398	-9.732E-4	3.240E-2
9.407	-6.146E-4	3.238E-2
9.415	-2.256E-4	3.264E-2
9.424	9.494E-5	3.306E-2
9.432	3.672E-4	3.362E-2
9.440	5.320E-4	3.426E-2
9.449	5.694E-4	3.493E-2
9.457	5.511E-4	3.548E-2
9.465	3.826E-4	3.588E-2
9.474	1.479E-4	3.604E-2
9.482	-9.921E-5	3.594E-2
9.491	-3.757E-4	3.566E-2
9.499	-6.002E-4	3.516E-2
9.507	-7.999E-4	3.454E-2
9.516	-9.006E-4	3.385E-2
9.524	-1.004E-3	3.320E-2
9.532	-1.027E-3	3.265E-2
9.541	-9.896E-4	3.230E-2
9.549	-8.704E-4	3.217E-2
9.558	-7.724E-4	3.229E-2
9.566	-6.118E-4	3.265E-2
9.574	-4.267E-4	3.319E-2
9.583	-3.016E-4	3.385E-2
9.591	-1.483E-4	3.457E-2
9.599	-1.349E-5	3.522E-2
9.608	6.426E-5	3.575E-2
9.616	1.004E-4	3.606E-2
9.625	1.410E-4	3.616E-2
9.633	1.251E-4	3.597E-2
9.641	9.321E-5	3.558E-2
9.650	3.334E-5	3.500E-2
9.658	-9.580E-5	3.430E-2
9.666	-2.587E-4	3.362E-2
9.675	-4.354E-4	3.300E-2
9.683	-6.177E-4	3.253E-2
9.692	-8.081E-4	3.229E-2
9.700	-9.616E-4	3.228E-2
9.708	-1.068E-3	3.248E-2
9.717	-1.068E-3	3.293E-2
9.725	-1.061E-3	3.352E-2
9.733	-9.778E-4	3.416E-2
9.742	-8.148E-4	3.479E-2
9.750	-5.797E-4	3.535E-2
9.759	-2.927E-4	3.574E-2
9.767	3.152E-5	3.596E-2
9.775	2.910E-4	3.595E-2
9.784	5.159E-4	3.570E-2
9.792	6.570E-4	3.527E-2
9.801	6.320E-4	3.471E-2
9.809	5.096E-4	3.410E-2
9.817	2.855E-4	3.350E-2
9.826	-3.219E-5	3.300E-2
9.834	-4.260E-4	3.264E-2
9.842	-8.261E-4	3.250E-2
9.851	-1.197E-3	3.256E-2
9.859	-1.491E-3	3.281E-2
9.868	-1.670E-3	3.322E-2
9.876	-1.680E-3	3.373E-2
9.884	-1.550E-3	3.428E-2
9.893	-1.284E-3	3.479E-2
9.901	-8.725E-4	3.520E-2
9.909	-4.112E-4	3.548E-2
9.918	8.426E-5	3.558E-2
9.926	5.390E-4	3.548E-2
9.935	9.434E-4	3.525E-2
9.943	1.173E-3	3.487E-2
9.951	1.216E-3	3.442E-2
9.960	1.030E-3	3.396E-2
9.968	7.091E-4	3.355E-2
9.976	2.278E-4	3.322E-2
9.985	-3.425E-4	3.303E-2
9.993	-9.099E-4	3.298E-2
10.002	-1.448E-3	3.306E-2
10.010	-1.823E-3	3.325E-2
10.018	-2.026E-3	3.353E-2
10.027	-2.001E-3	3.388E-2
10.035	-1.867E-3	3.421E-2
10.043	-1.495E-3	3.451E-2
10.052	-1.021E-3	3.476E-2
10.060	-4.242E-4	3.489E-2
10.069	2.366E-4	3.490E-2
10.077	8.165E-4	3.483E-2
10.085	1.244E-3	3.467E-2
10.094	1.472E-3	3.443E-2
10.102	1.468E-3	3.421E-2
10.110	1.223E-3	3.397E-2
10.119	7.718E-4	3.378E-2
10.127	1.569E-4	3.366E-2
10.136	-5.419E-4	3.358E-2
10.144	-1.199E-3	3.359E-2
10.152	-1.739E-3	3.365E-2
10.161	-2.143E-3	3.371E-2
10.169	-2.328E-3	3.379E-2
10.177	-2.322E-3	3.391E-2
10.186	-2.064E-3	3.401E-2
10.194	-1.671E-3	3.409E-2
10.203	-1.066E-3	3.415E-2
10.211	-3.960E-4	3.418E-2
10.219	2.843E-4	3.421E-2
10.228	9.163E-4	3.419E-2
10.236	1.380E-3	3.419E-2
10.244	1.607E-3	3.426E-2
10.253	1.538E-3	3.432E-2
10.261	1.211E-3	3.436E-2
10.270	7.059E-4	3.436E-2
10.278	6.899E-5	3.436E-2
10.286	-6.109E-4	3.436E-2
10.295	-1.251E-3	3.428E-2
10.303	-1.754E-3	3.416E-2
10.311	-2.117E-3	3.406E-2
10.320	-2.223E-3	3.390E-2
10.328	-2.157E-3	3.376E-2
10.337	-1.898E-3	3.361E-2
10.345	-1.438E-3	3.352E-2
10.353	-8.465E-4	3.348E-2
10.362	-1.990E-4	3.351E-2
10.370	4.525E-4	3.363E-2
10.378	9.899E-4	3.385E-2
10.387	1.355E-3	3.410E-2
10.395	1.480E-3	3.438E-2
10.404	1.388E-3	3.464E-2
10.412	1.048E-3	3.485E-2
10.420	5.626E-4	3.502E-2
10.429	-1.765E-5	3.506E-2
10.437	-6.377E-4	3.502E-2
10.445	-1.176E-3	3.481E-2
10.454	-1.592E-3	3.455E-2
10.462	-1.900E-3	3.417E-2
10.471	-1.965E-3	3.380E-2
10.479	-1.866E-3	3.346E-2
10.487	-1.581E-3	3.317E-2
10.496	-1.237E-3	3.299E-2
10.504	-7.573E-4	3.295E-2
10.513	-2.002E-4	3.303E-2
10.521	2.845E-4	3.329E-2
10.529	7.115E-4	3.366E-2
10.538	9.630E-4	3.412E-2
10.546	1.006E-3	3.461E-2
10.554	9.409E-4	3.505E-2
10.563	7.016E-4	3.540E-2
10.571	3.233E-4	3.561E-2
10.580	-1.047E-4	3.567E-2
10.588	-5.633E-4	3.550E-2
10.596	-9.444E-4	3.516E-2
10.605	-1.260E-3	3.471E-2
10.613	-1.440E-3	3.418E-2
10.621	-1.501E-3	3.363E-2
10.630	-1.435E-3	3.314E-2
10.638	-1.267E-3	3.277E-2
10.647	-9.982E-4	3.257E-2
10.655	-6.563E-4	3.257E-2
10.663	-3.460E-4	3.279E-2
10.672	6.419E-6	3.318E-2
10.680	2.688E-4	3.370E-2
10.688	4.623E-4	3.432E-2
10.697	5.101E-4	3.496E-2
10.705	5.170E-4	3.547E-2
10.714	3.801E-4	3.582E-2
10.722	2.044E-4	3.597E-2
10.730	-5.528E-5	3.592E-2
10.739	-3.067E-4	3.565E-2
10.747	-5.376E-4	3.521E-2
10.755	-7.114E-4	3.462E-2
10.764	-8.528E-4	3.393E-2
10.772	-8.996E-4	3.331E-2
10.781	-8.822E-4	3.277E-2
10.789	-8.620E-4	3.240E-2
10.797	-8.100E-4	3.229E-2
10.806	-7.309E-4	3.237E-2
10.814	-6.070E-4	3.272E-2
10.822	-4.463E-4	3.322E-2
10.831	-3.289E-4	3.383E-2
10.839	-1.632E-4	3.452E-2
10.848	-6.771E-5	3.514E-2
10.856	6.086E-5	3.569E-2
10.864	1.126E-4	3.599E-2
10.873	1.509E-4	3.603E-2
10.881	1.476E-4	3.590E-2
10.889	1.135E-4	3.553E-2
10.898	6.094E-5	3.500E-2
10.906	-7.008E-5	3.435E-2
10.915	-1.870E-4	3.368E-2
10.923	-3.777E-4	3.309E-2
10.931	-5.817E-4	3.261E-2
10.940	-7.691E-4	3.235E-2
10.948	-8.901E-4	3.231E-2
10.956	-1.026E-3	3.250E-2
10.965	-1.063E-3	3.291E-2
10.973	-1.052E-3	3.347E-2
10.982	-9.770E-4	3.407E-2
10.990	-8.219E-4	3.470E-2
10.998	-5.968E-4	3.526E-2
11.007	-3.304E-4	3.567E-2
11.015	-2.287E-5	3.588E-2
11.023	2.540E-4	3.588E-2
11.032	4.956E-4	3.568E-2
11.040	6.034E-4	3.529E-2
11.049	6.310E-4	3.477E-2
11.057	5.154E-4	3.419E-2
11.065	3.054E-4	3.362E-2
11.074	2.210E-5	3.316E-2
11.082	-3.650E-4	3.282E-2
11.090	-7.726E-4	3.266E-2
11.099	-1.099E-3	3.276E-2
11.107	-1.373E-3	3.299E-2
11.116	-1.559E-3	3.333E-2
11.124	-1.561E-3	3.376E-2
11.132	-1.473E-3	3.425E-2
11.141	-1.251E-3	3.474E-2
11.149	-8.640E-4	3.512E-2
11.157	-4.180E-4	3.536E-2
11.166	7.081E-5	3.546E-2
11.174	5.288E-4	3.540E-2
11.183	9.065E-4	3.520E-2
11.191	1.158E-3	3.487E-2
11.199	1.219E-3	3.447E-2
11.208	1.068E-3	3.410E-2
11.216	7.484E-4	3.370E-2
11.225	2.867E-4	3.341E-2
11.233	-2.600E-4	3.324E-2
11.241	-8.231E-4	3.319E-2
11.250	-1.302E-3	3.325E-2
11.258	-1.686E-3	3.343E-2
11.266	-1.912E-3	3.370E-2
11.275	-1.922E-3	3.398E-2
11.283	-1.788E-3	3.427E-2
11.292	-1.456E-3	3.457E-2
11.300	-9.952E-4	3.479E-2
11.308	-4.289E-4	3.489E-2
11.317	1.808E-4	3.487E-2
11.325	7.370E-4	3.484E-2
11.333	1.181E-3	3.472E-2
11.342	1.445E-3	3.456E-2
11.350	1.450E-3	3.436E-2
11.359	1.233E-3	3.417E-2
11.367	8.047E-4	3.398E-2
11.375	2.455E-4	3.387E-2
11.384	-3.980E-4	3.381E-2
11.392	-1.005E-3	3.379E-2
11.400	-1.531E-3	3.384E-2
11.409	-1.918E-3	3.391E-2
11.417	-2.145E-3	3.395E-2
11.426	-2.153E-3	3.401E-2
11.434	-1.929E-3	3.409E-2
11.442	-1.514E-3	3.415E-2
11.451	-9.861E-4	3.417E-2
11.459	-3.671E-4	3.421E-2
11.467	2.960E-4	3.422E-2
11.476	8.561E-4	3.420E-2
11.484	1.248E-3	3.425E-2
11.493	1.450E-3	3.434E-2
11.501	1.430E-3	3.437E-2
11.509	1.168E-3	3.441E-2
11.518	7.144E-4	3.442E-2
11.526	1.046E-4	3.440E-2
11.534	-5.588E-4	3.437E-2
11.543	-1.161E-3	3.433E-2
11.551	-1.679E-3	3.421E-2
11.560	-1.986E-3	3.408E-2
11.568	-2.164E-3	3.392E-2
11.576	-2.131E-3	3.376E-2
11.585	-1.846E-3	3.362E-2
11.593	-1.452E-3	3.351E-2
11.601	-8.868E-4	3.347E-2
11.610	-3.088E-4	3.349E-2
11.618	2.886E-4	3.361E-2
11.627	7.749E-4	3.381E-2
11.635	1.161E-3	3.408E-2
11.643	1.304E-3	3.436E-2
11.652	1.193E-3	3.461E-2
11.660	9.337E-4	3.484E-2
11.668	5.088E-4	3.502E-2
11.677	-2.712E-5	3.506E-2
11.685	-6.057E-4	3.504E-2
11.694	-1.089E-3	3.483E-2
11.702	-1.509E-3	3.457E-2
11.710	-1.735E-3	3.422E-2
11.719	-1.833E-3	3.385E-2
11.727	-1.756E-3	3.348E-2
11.735	-1.503E-3	3.320E-2
11.744	-1.138E-3	3.300E-2
11.752	-7.344E-4	3.296E-2
11.761	-2.522E-4	3.304E-2
11.769	1.923E-4	3.326E-2
11.777	5.288E-4	3.364E-2
11.786	7.692E-4	3.410E-2
11.794	8.883E-4	3.456E-2
11.802	7.597E-4	3.500E-2
11.811	5.359E-4	3.533E-2
11.819	2.382E-4	3.552E-2
11.828	-1.493E-4	3.554E-2
11.836	-5.619E-4	3.538E-2
11.844	-8.855E-4	3.509E-2
11.853	-1.141E-3	3.464E-2
11.861	-1.335E-3	3.413E-2
11.870	-1.393E-3	3.363E-2
11.878	-1.340E-3	3.316E-2
11.886	-1.190E-3	3.278E-2
11.895	-9.587E-4	3.256E-2
11.903	-6.653E-4	3.256E-2
11.911	-3.700E-4	3.276E-2
11.920	-8.522E-5	3.314E-2
11.928	1.313E-4	3.367E-2
11.937	2.939E-4	3.424E-2
11.945	3.646E-4	3.484E-2
11.953	3.535E-4	3.533E-2
11.962	2.634E-4	3.570E-2
11.970	9.639E-5	3.587E-2
11.978	-9.495E-5	3.585E-2
11.987	-2.938E-4	3.561E-2
11.995	-4.979E-4	3.521E-2
12.004	-6.620E-4	3.463E-2
12.012	-8.054E-4	3.401E-2
12.020	-8.599E-4	3.340E-2
12.029	-8.720E-4	3.289E-2
12.037	-8.533E-4	3.257E-2
12.045	-8.274E-4	3.240E-2
12.054	-7.561E-4	3.250E-2
12.062	-6.306E-4	3.279E-2
12.071	-5.224E-4	3.325E-2
12.079	-3.924E-4	3.384E-2
12.087	-2.556E-4	3.450E-2
12.096	-1.563E-4	3.508E-2
12.104	-2.628E-5	3.554E-2
12.112	5.103E-5	3.585E-2
12.121	9.618E-5	3.596E-2
12.129	1.140E-4	3.584E-2
12.138	1.045E-4	3.552E-2
12.146	7.461E-5	3.501E-2
12.154	-1.991E-5	3.442E-2
12.163	-1.756E-4	3.376E-2
12.171	-3.658E-4	3.320E-2
12.179	-5.504E-4	3.276E-2
12.188	-7.472E-4	3.251E-2
12.196	-8.811E-4	3.252E-2
12.205	-1.036E-3	3.263E-2
12.213	-1.074E-3	3.299E-2
12.221	-1.064E-3	3.348E-2
12.230	-1.010E-3	3.404E-2
12.238	-8.346E-4	3.464E-2
12.246	-6.085E-4	3.513E-2
12.255	-3.562E-4	3.550E-2
12.263	-8.077E-5	3.572E-2
12.272	2.061E-4	3.572E-2
12.280	4.178E-4	3.553E-2
12.288	5.257E-4	3.518E-2
12.297	5.575E-4	3.471E-2
12.305	5.005E-4	3.416E-2
12.313	2.993E-4	3.365E-2
12.322	3.965E-5	3.321E-2
12.330	-3.513E-4	3.289E-2
12.339	-7.439E-4	3.277E-2
12.347	-1.081E-3	3.280E-2
12.355	-1.333E-3	3.301E-2
12.364	-1.505E-3	3.333E-2
12.372	-1.536E-3	3.373E-2
12.380	-1.462E-3	3.417E-2
12.389	-1.260E-3	3.461E-2
12.397	-8.933E-4	3.500E-2
12.406	-4.810E-4	3.525E-2
12.414	-3.625E-5	3.535E-2
12.422	3.808E-4	3.528E-2
12.431	7.478E-4	3.508E-2
12.439	9.756E-4	3.480E-2
12.447	1.040E-3	3.442E-2
12.456	9.485E-4	3.404E-2
12.464	6.623E-4	3.370E-2
12.473	1.977E-4	3.342E-2
12.481	-3.541E-4	3.325E-2
12.489	-8.519E-4	3.320E-2
12.498	-1.315E-3	3.325E-2
12.506	-1.709E-3	3.342E-2
12.514	-1.938E-3	3.367E-2
12.523	-1.955E-3	3.393E-2
12.531	-1.774E-3	3.419E-2
12.540	-1.486E-3	3.443E-2
12.548	-1.057E-3	3.461E-2
12.556	-5.405E-4	3.473E-2
12.565	5.909E-5	3.478E-2
12.573	5.797E-4	3.478E-2
12.582	1.001E-3	3.465E-2
12.590	1.247E-3	3.450E-2
12.598	1.311E-3	3.435E-2
12.607	1.091E-3	3.416E-2
12.615	7.076E-4	3.399E-2
12.623	1.666E-4	3.389E-2
12.632	-4.280E-4	3.385E-2
12.640	-1.036E-3	3.384E-2
12.649	-1.524E-3	3.386E-2
12.657	-1.925E-3	3.391E-2
12.665	-2.118E-3	3.392E-2
12.674	-2.131E-3	3.398E-2
12.682	-1.956E-3	3.406E-2
12.690	-1.553E-3	3.412E-2
12.699	-1.047E-3	3.415E-2
12.707	-4.499E-4	3.417E-2
12.716	1.791E-4	3.417E-2
12.724	7.303E-4	3.421E-2
12.732	1.161E-3	3.426E-2
12.741	1.397E-3	3.434E-2
12.749	1.403E-3	3.438E-2
12.757	1.150E-3	3.442E-2
12.766	7.357E-4	3.441E-2
12.774	1.607E-4	3.442E-2
12.783	-4.491E-4	3.441E-2
12.791	-1.009E-3	3.435E-2
12.799	-1.489E-3	3.425E-2
12.808	-1.838E-3	3.414E-2
12.816	-1.981E-3	3.395E-2
12.824	-1.963E-3	3.381E-2
12.833	-1.715E-3	3.368E-2
12.841	-1.316E-3	3.357E-2
12.850	-8.126E-4	3.353E-2
12.858	-2.688E-4	3.354E-2
12.866	2.849E-4	3.364E-2
12.875	7.754E-4	3.383E-2
12.883	1.093E-3	3.408E-2
12.891	1.217E-3	3.436E-2
12.900	1.171E-3	3.461E-2
12.908	9.280E-4	3.483E-2
12.917	5.272E-4	3.502E-2
12.925	3.665E-5	3.506E-2
12.933	-4.796E-4	3.503E-2
12.942	-9.994E-4	3.485E-2
12.950	-1.368E-3	3.460E-2
12.958	-1.668E-3	3.426E-2
12.967	-1.756E-3	3.393E-2
12.975	-1.713E-3	3.354E-2
12.984	-1.481E-3	3.323E-2
12.992	-1.118E-3	3.304E-2
13.000	-7.033E-4	3.298E-2
13.009	-2.837E-4	3.304E-2
13.017	1.339E-4	3.326E-2
13.025	5.042E-4	3.360E-2
13.034	7.399E-4	3.405E-2
13.042	8.067E-4	3.452E-2
13.051	7.486E-4	3.493E-2
13.059	5.420E-4	3.530E-2
13.067	2.722E-4	3.549E-2
13.076	-1.057E-4	3.551E-2
13.084	-4.760E-4	3.540E-2
13.092	-8.365E-4	3.511E-2
13.101	-1.076E-3	3.469E-2
13.109	-1.261E-3	3.418E-2
13.118	-1.304E-3	3.367E-2
13.126	-1.274E-3	3.321E-2
13.134	-1.096E-3	3.283E-2
13.143	-8.701E-4	3.261E-2
13.151	-6.077E-4	3.259E-2
13.159	-3.513E-4	3.277E-2
13.168	-9.483E-5	3.312E-2
13.176	1.098E-4	3.363E-2
13.185	2.857E-4	3.418E-2
13.193	3.360E-4	3.475E-2
13.201	3.300E-4	3.525E-2
13.210	2.797E-4	3.558E-2
13.218	1.272E-4	3.574E-2
13.226	-3.017E-5	3.572E-2
13.235	-2.011E-4	3.549E-2
13.243	-3.852E-4	3.508E-2
13.252	-5.652E-4	3.456E-2
13.260	-6.589E-4	3.399E-2
13.268	-7.595E-4	3.340E-2
13.277	-8.136E-4	3.292E-2
13.285	-8.151E-4	3.259E-2
13.294	-8.132E-4	3.246E-2
13.302	-7.439E-4	3.254E-2
13.310	-6.350E-4	3.280E-2
13.319	-5.638E-4	3.324E-2
13.327	-4.103E-4	3.378E-2
13.335	-3.154E-4	3.439E-2
13.344	-1.627E-4	3.495E-2
13.352	-8.063E-5	3.543E-2
13.361	4.236E-5	3.573E-2
13.369	9.263E-5	3.583E-2
13.377	1.280E-4	3.575E-2
13.386	1.178E-4	3.545E-2
13.394	1.019E-4	3.499E-2
13.402	2.773E-5	3.442E-2
13.411	-1.213E-4	3.382E-2
13.419	-2.990E-4	3.329E-2
13.428	-4.512E-4	3.285E-2
13.436	-6.269E-4	3.257E-2
13.444	-8.073E-4	3.254E-2
13.453	-9.525E-4	3.268E-2
13.461	-1.040E-3	3.302E-2
13.469	-1.044E-3	3.347E-2
13.478	-1.002E-3	3.400E-2
13.486	-8.353E-4	3.455E-2
13.495	-6.175E-4	3.503E-2
13.503	-3.677E-4	3.541E-2
13.511	-1.037E-4	3.564E-2
13.520	1.608E-4	3.568E-2
13.528	3.733E-4	3.551E-2
13.536	5.210E-4	3.517E-2
13.545	5.295E-4	3.474E-2
13.553	5.214E-4	3.425E-2
13.562	3.229E-4	3.377E-2
13.570	5.922E-5	3.332E-2
13.578	-3.114E-4	3.302E-2
13.587	-6.533E-4	3.284E-2
13.595	-1.029E-3	3.282E-2
13.603	-1.291E-3	3.300E-2
13.612	-1.486E-3	3.332E-2
13.620	-1.523E-3	3.371E-2
13.629	-1.484E-3	3.413E-2
13.637	-1.267E-3	3.455E-2
13.645	-9.311E-4	3.490E-2
13.654	-5.708E-4	3.511E-2
13.662	-1.181E-4	3.523E-2
13.670	3.098E-4	3.519E-2
13.679	7.127E-4	3.504E-2
13.687	9.482E-4	3.477E-2
13.696	1.003E-3	3.443E-2
13.704	9.363E-4	3.409E-2
13.712	6.798E-4	3.374E-2
13.721	2.819E-4	3.347E-2
13.729	-1.886E-4	3.330E-2
13.737	-7.028E-4	3.323E-2
13.746	-1.210E-3	3.327E-2
13.754	-1.565E-3	3.340E-2
13.763	-1.746E-3	3.365E-2
13.771	-1.796E-3	3.390E-2
13.779	-1.681E-3	3.415E-2
13.788	-1.420E-3	3.437E-2
13.796	-1.013E-3	3.456E-2
13.804	-5.322E-4	3.466E-2
13.813	4.029E-5	3.470E-2
13.821	5.545E-4	3.469E-2
13.830	9.824E-4	3.458E-2
13.838	1.222E-3	3.445E-2
13.846	1.255E-3	3.428E-2
13.855	1.093E-3	3.413E-2
13.863	7.398E-4	3.401E-2
13.871	2.555E-4	3.389E-2
13.880	-3.336E-4	3.386E-2
13.888	-8.835E-4	3.385E-2
13.897	-1.366E-3	3.387E-2
13.905	-1.754E-3	3.388E-2
13.913	-1.960E-3	3.392E-2
13.922	-1.956E-3	3.396E-2
13.930	-1.779E-3	3.400E-2
13.938	-1.452E-3	3.404E-2
13.947	-9.936E-4	3.411E-2
13.955	-4.273E-4	3.412E-2
13.964	1.573E-4	3.416E-2
13.972	6.960E-4	3.419E-2
13.980	1.089E-3	3.421E-2
13.989	1.275E-3	3.427E-2
13.997	1.245E-3	3.436E-2
14.006	1.011E-3	3.440E-2
14.014	6.312E-4	3.441E-2
14.022	9.389E-5	3.444E-2
14.031	-4.700E-4	3.441E-2
14.039	-1.047E-3	3.436E-2
14.047	-1.494E-3	3.425E-2
14.056	-1.784E-3	3.414E-2
14.064	-1.950E-3	3.396E-2
14.073	-1.941E-3	3.381E-2
14.081	-1.720E-3	3.367E-2
14.089	-1.331E-3	3.355E-2
14.098	-8.572E-4	3.348E-2
14.106	-3.463E-4	3.348E-2
14.114	1.807E-4	3.360E-2
14.123	6.213E-4	3.379E-2
14.131	9.549E-4	3.405E-2
14.140	1.108E-3	3.432E-2
14.148	1.011E-3	3.459E-2
14.156	7.752E-4	3.482E-2
14.165	4.339E-4	3.500E-2
14.173	-7.191E-5	3.506E-2
14.181	-5.850E-4	3.504E-2
14.190	-1.028E-3	3.486E-2
14.198	-1.362E-3	3.462E-2
14.207	-1.647E-3	3.430E-2
14.215	-1.753E-3	3.394E-2
14.223	-1.710E-3	3.359E-2
14.232	-1.494E-3	3.329E-2
14.240	-1.192E-3	3.310E-2
14.248	-8.181E-4	3.301E-2
14.257	-3.927E-4	3.306E-2
14.265	4.154E-5	3.326E-2
14.274	3.675E-4	3.361E-2
14.282	5.880E-4	3.401E-2
14.290	6.956E-4	3.442E-2
14.299	6.857E-4	3.481E-2
14.307	5.033E-4	3.515E-2
14.315	2.535E-4	3.541E-2
14.324	-9.741E-5	3.546E-2
14.332	-4.122E-4	3.534E-2
14.341	-7.476E-4	3.508E-2
14.349	-1.015E-3	3.468E-2
14.357	-1.160E-3	3.419E-2
14.366	-1.268E-3	3.369E-2
14.374	-1.264E-3	3.323E-2
14.382	-1.089E-3	3.288E-2
14.391	-8.784E-4	3.266E-2
14.399	-6.350E-4	3.268E-2
14.408	-3.719E-4	3.283E-2
14.416	-1.351E-4	3.317E-2
14.424	7.812E-5	3.364E-2
14.433	2.240E-4	3.415E-2
14.441	2.882E-4	3.468E-2
14.449	2.958E-4	3.511E-2
14.458	2.535E-4	3.547E-2
14.466	1.228E-4	3.568E-2
14.475	-3.699E-6	3.569E-2
14.483	-1.770E-4	3.547E-2
14.491	-3.615E-4	3.508E-2
14.500	-5.007E-4	3.459E-2
14.508	-6.192E-4	3.405E-2
14.516	-7.267E-4	3.351E-2
14.525	-7.982E-4	3.302E-2
14.533	-8.001E-4	3.268E-2
14.542	-8.024E-4	3.255E-2
14.550	-7.600E-4	3.259E-2
14.558	-6.672E-4	3.283E-2
14.567	-5.917E-4	3.323E-2
14.575	-4.415E-4	3.375E-2
14.583	-3.642E-4	3.433E-2
14.592	-1.831E-4	3.488E-2
14.600	-8.811E-5	3.530E-2
14.609	3.029E-5	3.560E-2
14.617	1.002E-4	3.573E-2
14.625	1.330E-4	3.566E-2
14.634	1.217E-4	3.537E-2
14.642	1.083E-4	3.497E-2
14.650	5.388E-5	3.444E-2
14.659	-9.254E-5	3.388E-2
14.667	-2.386E-4	3.337E-2
14.676	-4.280E-4	3.298E-2
14.684	-6.107E-4	3.272E-2
14.692	-8.055E-4	3.265E-2
14.701	-9.186E-4	3.277E-2
14.709	-1.045E-3	3.305E-2
14.718	-1.053E-3	3.348E-2
14.726	-1.012E-3	3.397E-2
14.734	-8.488E-4	3.451E-2
14.743	-6.414E-4	3.498E-2
14.751	-3.818E-4	3.532E-2
14.759	-1.190E-4	3.551E-2
14.768	1.265E-4	3.553E-2
14.776	3.419E-4	3.541E-2
14.785	5.193E-4	3.508E-2
14.793	5.512E-4	3.466E-2
14.801	5.201E-4	3.418E-2
14.810	3.344E-4	3.372E-2
14.818	8.046E-5	3.330E-2
14.826	-2.583E-4	3.301E-2
14.835	-6.205E-4	3.286E-2
14.843	-9.771E-4	3.284E-2
14.852	-1.271E-3	3.300E-2
14.860	-1.456E-3	3.328E-2
14.868	-1.515E-3	3.365E-2
14.877	-1.458E-3	3.407E-2
14.885	-1.278E-3	3.448E-2
14.893	-9.765E-4	3.483E-2
14.902	-5.990E-4	3.505E-2
14.910	-1.511E-4	3.513E-2
14.919	2.738E-4	3.509E-2
14.927	6.142E-4	3.495E-2
14.935	8.356E-4	3.472E-2
14.944	9.255E-4	3.441E-2
14.952	8.490E-4	3.410E-2
14.960	5.797E-4	3.379E-2
14.969	2.100E-4	3.358E-2
14.977	-2.938E-4	3.344E-2
14.986	-7.984E-4	3.339E-2
14.994	-1.242E-3	3.341E-2
15.002	-1.572E-3	3.354E-2
15.011	-1.764E-3	3.371E-2
15.019	-1.790E-3	3.393E-2
15.027	-1.723E-3	3.416E-2
15.036	-1.474E-3	3.438E-2
15.044	-1.061E-3	3.455E-2
15.053	-5.815E-4	3.464E-2
15.061	-6.178E-5	3.467E-2
15.069	4.615E-4	3.462E-2
15.078	8.617E-4	3.455E-2
15.086	1.100E-3	3.443E-2
15.094	1.158E-3	3.430E-2
15.103	1.000E-3	3.415E-2
15.111	7.130E-4	3.407E-2
15.120	2.509E-4	3.396E-2
15.128	-3.046E-4	3.391E-2
15.136	-8.442E-4	3.389E-2
15.145	-1.309E-3	3.390E-2
15.153	-1.694E-3	3.391E-2
15.161	-1.917E-3	3.393E-2
15.170	-1.935E-3	3.395E-2
15.178	-1.750E-3	3.397E-2
15.187	-1.459E-3	3.400E-2
15.195	-1.028E-3	3.399E-2
15.203	-5.138E-4	3.398E-2
15.212	5.512E-5	3.404E-2
15.220	5.457E-4	3.411E-2
15.228	9.609E-4	3.415E-2
15.237	1.189E-3	3.420E-2
15.245	1.199E-3	3.428E-2
15.254	9.941E-4	3.436E-2
15.262	6.237E-4	3.441E-2
15.270	1.137E-4	3.442E-2
15.279	-4.069E-4	3.440E-2
15.287	-9.136E-4	3.436E-2
15.295	-1.368E-3	3.425E-2
15.304	-1.729E-3	3.414E-2
15.312	-1.881E-3	3.396E-2
15.321	-1.863E-3	3.379E-2
15.329	-1.710E-3	3.366E-2
15.337	-1.346E-3	3.355E-2
15.346	-8.812E-4	3.347E-2
15.354	-3.861E-4	3.347E-2
15.363	1.105E-4	3.358E-2
15.371	5.335E-4	3.376E-2
15.379	8.667E-4	3.395E-2
15.388	9.816E-4	3.419E-2
15.396	9.627E-4	3.446E-2
15.404	7.551E-4	3.467E-2
15.413	4.287E-4	3.483E-2
15.421	-2.177E-5	3.489E-2
15.430	-5.101E-4	3.486E-2
15.438	-9.451E-4	3.471E-2
15.446	-1.307E-3	3.451E-2
15.455	-1.531E-3	3.422E-2
15.463	-1.598E-3	3.387E-2
15.471	-1.569E-3	3.353E-2
15.480	-1.396E-3	3.324E-2
15.488	-1.100E-3	3.305E-2
15.497	-7.781E-4	3.296E-2
15.505	-3.814E-4	3.302E-2
15.513	3.662E-5	3.322E-2
15.522	3.357E-4	3.354E-2
15.530	5.422E-4	3.390E-2
15.538	6.790E-4	3.433E-2
15.547	6.403E-4	3.475E-2
15.555	4.905E-4	3.507E-2
15.564	2.515E-4	3.529E-2
15.572	-6.236E-5	3.533E-2
15.580	-3.891E-4	3.524E-2
15.589	-6.565E-4	3.501E-2
15.597	-8.681E-4	3.463E-2
15.605	-1.035E-3	3.417E-2
15.614	-1.085E-3	3.370E-2
15.622	-1.076E-3	3.325E-2
15.631	-9.896E-4	3.292E-2
15.639	-8.157E-4	3.274E-2
15.647	-5.952E-4	3.273E-2
15.656	-3.664E-4	3.286E-2
15.664	-1.342E-4	3.318E-2
15.672	6.043E-5	3.363E-2
15.681	1.890E-4	3.412E-2
15.689	2.597E-4	3.461E-2
15.698	2.749E-4	3.506E-2
15.706	2.470E-4	3.542E-2
15.714	1.539E-4	3.561E-2
15.723	3.344E-5	3.565E-2
15.731	-1.082E-4	3.548E-2
15.739	-2.965E-4	3.511E-2
15.748	-4.058E-4	3.463E-2
15.756	-5.469E-4	3.410E-2
15.765	-6.266E-4	3.359E-2
15.773	-6.273E-4	3.315E-2
15.781	-6.505E-4	3.282E-2
15.790	-6.551E-4	3.263E-2
15.798	-6.168E-4	3.263E-2
15.806	-5.643E-4	3.286E-2
15.815	-4.989E-4	3.324E-2
15.823	-4.078E-4	3.374E-2
15.832	-3.217E-4	3.428E-2
15.840	-1.831E-4	3.481E-2
15.848	-8.514E-5	3.524E-2
15.857	2.516E-5	3.551E-2
15.865	1.146E-4	3.565E-2
15.873	1.371E-4	3.557E-2
15.882	1.367E-4	3.529E-2
15.890	1.223E-4	3.489E-2
15.899	8.018E-5	3.439E-2
15.907	-5.682E-5	3.387E-2
15.915	-1.879E-4	3.340E-2
15.924	-3.693E-4	3.300E-2
15.932	-5.712E-4	3.275E-2
15.940	-7.627E-4	3.271E-2
15.949	-8.707E-4	3.281E-2
15.957	-9.946E-4	3.309E-2
15.966	-1.028E-3	3.347E-2
15.974	-9.835E-4	3.393E-2
15.982	-8.471E-4	3.443E-2
15.991	-6.486E-4	3.487E-2
15.999	-3.965E-4	3.522E-2
16.007	-1.284E-4	3.542E-2
16.016	1.124E-4	3.548E-2
16.024	3.297E-4	3.534E-2
16.033	5.151E-4	3.504E-2
16.041	5.561E-4	3.464E-2
16.049	5.308E-4	3.420E-2
16.058	3.522E-4	3.376E-2
16.066	1.000E-4	3.338E-2
16.075	-1.963E-4	3.312E-2
16.083	-5.692E-4	3.300E-2
16.091	-8.765E-4	3.300E-2
16.100	-1.147E-3	3.317E-2
16.108	-1.335E-3	3.343E-2
16.116	-1.418E-3	3.375E-2
16.125	-1.359E-3	3.413E-2
16.133	-1.243E-3	3.450E-2
16.142	-9.639E-4	3.482E-2
16.150	-6.034E-4	3.504E-2
16.158	-1.650E-4	3.510E-2
16.167	2.473E-4	3.508E-2
16.175	5.656E-4	3.497E-2
16.183	7.922E-4	3.475E-2
16.192	9.212E-4	3.445E-2
16.200	8.438E-4	3.414E-2
16.209	5.822E-4	3.387E-2
16.217	2.449E-4	3.366E-2
16.225	-1.829E-4	3.349E-2
16.234	-6.337E-4	3.345E-2
16.242	-1.057E-3	3.345E-2
16.250	-1.439E-3	3.356E-2
16.259	-1.674E-3	3.371E-2
16.267	-1.733E-3	3.391E-2
16.276	-1.618E-3	3.414E-2
16.284	-1.440E-3	3.435E-2
16.292	-1.057E-3	3.452E-2
16.301	-6.005E-4	3.460E-2
16.309	-1.041E-4	3.463E-2
16.317	3.647E-4	3.461E-2
16.326	7.497E-4	3.455E-2
16.334	9.953E-4	3.443E-2
16.343	1.065E-3	3.432E-2
16.351	9.537E-4	3.418E-2
16.359	6.808E-4	3.409E-2
16.368	2.595E-4	3.400E-2
16.376	-2.693E-4	3.392E-2
16.384	-8.113E-4	3.391E-2
16.393	-1.275E-3	3.391E-2
16.401	-1.623E-3	3.391E-2
16.410	-1.793E-3	3.393E-2
16.418	-1.835E-3	3.394E-2
16.426	-1.728E-3	3.395E-2
16.435	-1.448E-3	3.397E-2
16.443	-1.036E-3	3.396E-2
16.451	-5.429E-4	3.397E-2
16.460	1.449E-5	3.401E-2
16.468	5.050E-4	3.405E-2
16.477	9.004E-4	
16.485	1.049E-3	
16.493	1.035E-3	
