#multi:
	mass A	mass B	
t	x	x	
0.000	-4.410E-3	3.347E-2
0.008	-4.428E-3	3.347E-2
0.017	-4.428E-3	3.347E-2
0.025	-4.427E-3	3.347E-2
0.034	-4.425E-3	3.347E-2
0.042	-4.425E-3	3.347E-2
0.050	-4.425E-3	3.347E-2
0.059	-4.426E-3	3.348E-2
0.067	-4.426E-3	3.348E-2
0.075	-4.425E-3	3.348E-2
0.084	-4.426E-3	3.347E-2
0.092	-4.424E-3	3.347E-2
0.101	-4.424E-3	3.347E-2
0.109	-4.425E-3	3.348E-2
0.117	-4.424E-3	3.348E-2
0.126	-4.424E-3	3.348E-2
0.134	-4.423E-3	3.348E-2
0.142	-4.423E-3	3.348E-2
0.151	-4.424E-3	3.348E-2
0.159	-4.423E-3	3.348E-2
0.168	-4.423E-3	3.348E-2
0.176	-4.423E-3	3.348E-2
0.184	-4.423E-3	3.348E-2
0.193	-4.422E-3	3.347E-2
0.201	-4.421E-3	3.348E-2
0.209	-4.420E-3	3.348E-2
0.218	-4.420E-3	3.347E-2
0.226	-4.420E-3	3.347E-2
0.235	-4.418E-3	3.347E-2
0.243	-4.386E-3	3.348E-2
0.251	-4.335E-3	3.348E-2
0.260	-4.269E-3	3.348E-2
0.268	-4.169E-3	3.348E-2
0.276	-4.017E-3	3.348E-2
0.285	-3.790E-3	3.348E-2
0.293	-3.528E-3	3.350E-2
0.302	-3.132E-3	3.350E-2
0.310	-2.592E-3	3.351E-2
0.318	-1.808E-3	3.354E-2
0.327	-8.870E-4	3.355E-2
0.335	1.300E-4	3.366E-2
0.343	1.013E-3	3.377E-2
0.352	1.714E-3	3.390E-2
0.360	2.124E-3	3.408E-2
0.369	2.122E-3	3.426E-2
0.377	1.802E-3	3.441E-2
0.385	1.059E-3	3.453E-2
0.394	1.540E-4	3.460E-2
0.402	-7.660E-4	3.458E-2
0.410	-1.683E-3	3.444E-2
0.419	-2.444E-3	3.421E-2
0.427	-2.906E-3	3.392E-2
0.436	-3.148E-3	3.357E-2
0.444	-3.120E-3	3.322E-2
0.452	-2.831E-3	3.293E-2
0.461	-2.307E-3	3.273E-2
0.469	-1.579E-3	3.262E-2
0.477	-6.796E-4	3.264E-2
0.486	1.323E-4	3.282E-2
0.494	9.225E-4	3.317E-2
0.503	1.518E-3	3.363E-2
0.511	1.766E-3	3.414E-2
0.519	1.688E-3	3.464E-2
0.528	1.360E-3	3.508E-2
0.536	7.494E-4	3.538E-2
0.544	5.328E-5	3.550E-2
0.553	-7.604E-4	3.543E-2
0.561	-1.496E-3	3.516E-2
0.570	-2.076E-3	3.469E-2
0.578	-2.500E-3	3.412E-2
0.586	-2.708E-3	3.345E-2
0.595	-2.631E-3	3.283E-2
0.603	-2.381E-3	3.231E-2
0.611	-1.909E-3	3.196E-2
0.620	-1.304E-3	3.180E-2
0.628	-6.621E-4	3.196E-2
0.637	2.212E-5	3.231E-2
0.645	5.823E-4	3.289E-2
0.653	9.646E-4	3.364E-2
0.662	1.188E-3	3.440E-2
0.670	1.157E-3	3.511E-2
0.678	9.177E-4	3.570E-2
0.687	5.363E-4	3.609E-2
0.695	2.249E-5	3.621E-2
0.704	-4.942E-4	3.600E-2
0.712	-1.008E-3	3.553E-2
0.720	-1.442E-3	3.488E-2
0.729	-1.718E-3	3.403E-2
0.737	-1.880E-3	3.316E-2
0.746	-1.896E-3	3.236E-2
0.754	-1.740E-3	3.172E-2
0.762	-1.485E-3	3.136E-2
0.771	-1.199E-3	3.133E-2
0.779	-8.162E-4	3.163E-2
0.787	-4.151E-4	3.218E-2
0.796	-1.194E-4	3.300E-2
0.804	1.482E-4	3.391E-2
0.813	3.059E-4	3.483E-2
0.821	3.619E-4	3.561E-2
0.829	3.388E-4	3.619E-2
0.838	2.362E-4	3.650E-2
0.846	6.826E-5	3.647E-2
0.854	-1.422E-4	3.612E-2
0.863	-3.773E-4	3.551E-2
0.871	-6.075E-4	3.472E-2
0.880	-8.283E-4	3.383E-2
0.888	-1.026E-3	3.290E-2
0.896	-1.143E-3	3.202E-2
0.905	-1.269E-3	3.145E-2
0.913	-1.298E-3	3.119E-2
0.921	-1.274E-3	3.126E-2
0.930	-1.234E-3	3.166E-2
0.938	-1.098E-3	3.235E-2
0.947	-9.328E-4	3.326E-2
0.955	-7.793E-4	3.422E-2
0.963	-5.402E-4	3.510E-2
0.972	-2.749E-4	3.582E-2
0.980	-8.192E-5	3.629E-2
0.988	1.226E-4	3.648E-2
0.997	2.793E-4	3.632E-2
1.005	3.427E-4	3.591E-2
1.014	3.345E-4	3.522E-2
1.022	2.335E-4	3.440E-2
1.030	2.805E-5	3.351E-2
1.039	-2.612E-4	3.262E-2
1.047	-6.568E-4	3.193E-2
1.055	-1.035E-3	3.149E-2
1.064	-1.354E-3	3.135E-2
1.072	-1.674E-3	3.156E-2
1.081	-1.849E-3	3.204E-2
1.089	-1.929E-3	3.275E-2
1.097	-1.858E-3	3.358E-2
1.106	-1.607E-3	3.441E-2
1.114	-1.284E-3	3.518E-2
1.122	-8.252E-4	3.577E-2
1.131	-2.950E-4	3.612E-2
1.139	2.173E-4	3.619E-2
1.148	6.007E-4	3.597E-2
1.156	9.523E-4	3.551E-2
1.164	1.061E-3	3.486E-2
1.173	9.679E-4	3.412E-2
1.181	6.881E-4	3.338E-2
1.189	2.163E-4	3.274E-2
1.198	-4.059E-4	3.226E-2
1.206	-1.072E-3	3.205E-2
1.215	-1.713E-3	3.205E-2
1.223	-2.199E-3	3.227E-2
1.231	-2.521E-3	3.269E-2
1.240	-2.664E-3	3.326E-2
1.248	-2.571E-3	3.388E-2
1.256	-2.235E-3	3.450E-2
1.265	-1.725E-3	3.503E-2
1.273	-1.045E-3	3.540E-2
1.282	-3.046E-4	3.559E-2
1.290	4.361E-4	3.555E-2
1.298	1.052E-3	3.534E-2
1.307	1.500E-3	3.496E-2
1.315	1.666E-3	3.452E-2
1.323	1.560E-3	3.403E-2
1.332	1.056E-3	3.354E-2
1.340	4.108E-4	3.316E-2
1.349	-4.147E-4	3.290E-2
1.357	-1.277E-3	3.277E-2
1.365	-2.035E-3	3.278E-2
1.374	-2.650E-3	3.296E-2
1.382	-3.026E-3	3.321E-2
1.391	-3.130E-3	3.350E-2
1.399	-2.960E-3	3.385E-2
1.407	-2.606E-3	3.416E-2
1.416	-1.936E-3	3.441E-2
1.424	-1.113E-3	3.458E-2
1.432	-2.061E-4	3.465E-2
1.441	6.890E-4	3.463E-2
1.449	1.422E-3	3.458E-2
1.458	1.901E-3	3.442E-2
1.466	2.075E-3	3.425E-2
1.474	1.847E-3	3.408E-2
1.483	1.277E-3	3.394E-2
1.491	4.838E-4	3.383E-2
1.499	-4.292E-4	3.374E-2
1.508	-1.331E-3	3.368E-2
1.516	-2.161E-3	3.366E-2
1.525	-2.773E-3	3.363E-2
1.533	-3.104E-3	3.363E-2
1.541	-3.161E-3	3.364E-2
1.550	-2.969E-3	3.362E-2
1.558	-2.507E-3	3.364E-2
1.566	-1.802E-3	3.366E-2
1.575	-9.059E-4	3.371E-2
1.583	-3.264E-6	3.377E-2
1.592	8.147E-4	3.388E-2
1.600	1.490E-3	3.400E-2
1.608	1.901E-3	3.417E-2
1.617	1.924E-3	3.436E-2
1.625	1.658E-3	3.454E-2
1.633	1.028E-3	3.467E-2
1.642	2.497E-4	3.472E-2
1.650	-6.110E-4	3.474E-2
1.659	-1.491E-3	3.463E-2
1.667	-2.212E-3	3.440E-2
1.675	-2.693E-3	3.411E-2
1.684	-2.946E-3	3.376E-2
1.692	-3.002E-3	3.341E-2
1.700	-2.778E-3	3.310E-2
1.709	-2.304E-3	3.284E-2
1.717	-1.633E-3	3.272E-2
1.726	-8.354E-4	3.275E-2
1.734	-8.154E-6	3.293E-2
1.742	7.114E-4	3.325E-2
1.751	1.266E-3	3.368E-2
1.759	1.551E-3	3.417E-2
1.767	1.505E-3	3.466E-2
1.776	1.190E-3	3.510E-2
1.784	6.847E-4	3.542E-2
1.793	4.762E-5	3.555E-2
1.801	-6.719E-4	3.550E-2
1.809	-1.327E-3	3.526E-2
1.818	-1.910E-3	3.482E-2
1.826	-2.325E-3	3.424E-2
1.834	-2.518E-3	3.359E-2
1.843	-2.529E-3	3.299E-2
1.851	-2.347E-3	3.249E-2
1.860	-1.937E-3	3.213E-2
1.868	-1.367E-3	3.196E-2
1.876	-8.193E-4	3.206E-2
1.885	-1.816E-4	3.239E-2
1.893	3.259E-4	3.294E-2
1.901	7.238E-4	3.361E-2
1.910	9.420E-4	3.438E-2
1.918	9.480E-4	3.510E-2
1.927	7.526E-4	3.566E-2
1.935	4.294E-4	3.604E-2
1.943	-6.066E-5	3.615E-2
1.952	-5.280E-4	3.598E-2
1.960	-1.009E-3	3.557E-2
1.968	-1.393E-3	3.493E-2
1.977	-1.698E-3	3.413E-2
1.985	-1.855E-3	3.330E-2
1.994	-1.920E-3	3.252E-2
2.002	-1.772E-3	3.192E-2
2.010	-1.555E-3	3.154E-2
2.019	-1.271E-3	3.143E-2
2.027	-9.072E-4	3.167E-2
2.035	-6.106E-4	3.218E-2
2.044	-3.094E-4	3.295E-2
2.052	-8.005E-5	3.382E-2
2.061	6.775E-5	3.468E-2
2.069	1.523E-4	3.543E-2
2.077	1.412E-4	3.604E-2
2.086	6.801E-5	3.635E-2
2.094	-7.148E-5	3.639E-2
2.103	-2.759E-4	3.611E-2
2.111	-4.846E-4	3.556E-2
2.119	-7.151E-4	3.480E-2
2.128	-9.273E-4	3.391E-2
2.136	-1.122E-3	3.300E-2
2.144	-1.258E-3	3.220E-2
2.153	-1.339E-3	3.162E-2
2.161	-1.402E-3	3.136E-2
2.170	-1.444E-3	3.142E-2
2.178	-1.432E-3	3.178E-2
2.186	-1.310E-3	3.243E-2
2.195	-1.175E-3	3.325E-2
2.203	-1.010E-3	3.413E-2
2.211	-7.852E-4	3.499E-2
2.220	-5.473E-4	3.568E-2
2.228	-3.129E-4	3.620E-2
2.237	-7.797E-5	3.641E-2
2.245	8.189E-5	3.630E-2
2.253	1.868E-4	3.593E-2
2.262	1.891E-4	3.533E-2
2.270	7.395E-5	3.452E-2
2.278	-1.184E-4	3.367E-2
2.287	-3.883E-4	3.283E-2
2.295	-7.582E-4	3.214E-2
2.304	-1.116E-3	3.171E-2
2.312	-1.486E-3	3.156E-2
2.320	-1.764E-3	3.172E-2
2.329	-1.971E-3	3.213E-2
2.337	-2.021E-3	3.278E-2
2.345	-1.953E-3	3.354E-2
2.354	-1.726E-3	3.433E-2
2.362	-1.391E-3	3.502E-2
2.371	-9.815E-4	3.557E-2
2.379	-4.493E-4	3.593E-2
2.387	6.968E-5	3.601E-2
2.396	5.219E-4	3.581E-2
2.404	8.682E-4	3.539E-2
2.412	9.771E-4	3.481E-2
2.421	9.451E-4	3.415E-2
2.429	6.939E-4	3.345E-2
2.438	2.526E-4	3.282E-2
2.446	-3.213E-4	3.235E-2
2.454	-9.911E-4	3.211E-2
2.463	-1.577E-3	3.208E-2
2.471	-2.055E-3	3.227E-2
2.479	-2.444E-3	3.265E-2
2.488	-2.597E-3	3.314E-2
2.496	-2.550E-3	3.374E-2
2.505	-2.235E-3	3.430E-2
2.513	-1.741E-3	3.480E-2
2.521	-1.104E-3	3.514E-2
2.530	-3.721E-4	3.531E-2
2.538	3.384E-4	3.530E-2
2.546	9.774E-4	3.512E-2
2.555	1.438E-3	3.481E-2
2.563	1.656E-3	3.441E-2
2.572	1.590E-3	3.396E-2
2.580	1.191E-3	3.353E-2
2.588	5.614E-4	3.318E-2
2.597	-2.302E-4	3.295E-2
2.605	-1.061E-3	3.284E-2
2.613	-1.814E-3	3.284E-2
2.622	-2.448E-3	3.296E-2
2.630	-2.829E-3	3.319E-2
2.639	-2.922E-3	3.347E-2
2.647	-2.840E-3	3.375E-2
2.655	-2.457E-3	3.401E-2
2.664	-1.863E-3	3.423E-2
2.672	-1.122E-3	3.438E-2
2.680	-2.527E-4	3.445E-2
2.689	5.621E-4	3.444E-2
2.697	1.250E-3	3.439E-2
2.706	1.746E-3	3.429E-2
2.714	1.894E-3	3.418E-2
2.722	1.715E-3	3.404E-2
2.731	1.208E-3	3.395E-2
2.739	4.850E-4	3.386E-2
2.747	-3.632E-4	3.378E-2
2.756	-1.258E-3	3.370E-2
2.764	-2.048E-3	3.365E-2
2.773	-2.649E-3	3.362E-2
2.781	-2.990E-3	3.359E-2
2.789	-3.109E-3	3.358E-2
2.798	-2.895E-3	3.354E-2
2.806	-2.462E-3	3.350E-2
2.815	-1.797E-3	3.348E-2
2.823	-9.859E-4	3.351E-2
2.831	-1.217E-4	3.356E-2
2.840	6.943E-4	3.368E-2
2.848	1.394E-3	3.385E-2
2.856	1.824E-3	3.403E-2
2.865	1.909E-3	3.422E-2
2.873	1.664E-3	3.439E-2
2.882	1.099E-3	3.455E-2
2.890	3.551E-4	3.463E-2
2.898	-4.946E-4	3.462E-2
2.907	-1.301E-3	3.452E-2
2.915	-1.989E-3	3.433E-2
2.923	-2.505E-3	3.406E-2
2.932	-2.821E-3	3.373E-2
2.940	-2.852E-3	3.339E-2
2.949	-2.643E-3	3.306E-2
2.957	-2.193E-3	3.282E-2
2.965	-1.546E-3	3.268E-2
2.974	-8.080E-4	3.265E-2
2.982	-6.695E-5	3.281E-2
2.990	6.142E-4	3.309E-2
2.999	1.160E-3	3.350E-2
3.007	1.454E-3	3.399E-2
3.016	1.462E-3	3.446E-2
3.024	1.211E-3	3.489E-2
3.032	7.543E-4	3.521E-2
3.041	1.251E-4	3.537E-2
3.049	-5.495E-4	3.532E-2
3.057	-1.203E-3	3.510E-2
3.066	-1.749E-3	3.469E-2
3.074	-2.147E-3	3.416E-2
3.083	-2.337E-3	3.356E-2
3.091	-2.370E-3	3.296E-2
3.099	-2.187E-3	3.244E-2
3.108	-1.793E-3	3.206E-2
3.116	-1.305E-3	3.192E-2
3.124	-7.677E-4	3.198E-2
3.133	-1.862E-4	3.226E-2
3.141	2.866E-4	3.280E-2
3.150	6.908E-4	3.346E-2
3.158	8.848E-4	3.418E-2
3.166	8.502E-4	3.488E-2
3.175	7.218E-4	3.545E-2
3.183	4.219E-4	3.583E-2
3.191	1.731E-5	3.594E-2
3.200	-3.849E-4	3.583E-2
3.208	-8.254E-4	3.542E-2
3.217	-1.190E-3	3.485E-2
3.225	-1.475E-3	3.411E-2
3.233	-1.640E-3	3.334E-2
3.242	-1.693E-3	3.260E-2
3.250	-1.611E-3	3.200E-2
3.258	-1.474E-3	3.161E-2
3.267	-1.225E-3	3.152E-2
3.275	-9.297E-4	3.170E-2
3.284	-6.510E-4	3.215E-2
3.292	-3.604E-4	3.284E-2
3.300	-1.322E-4	3.363E-2
3.309	5.288E-5	3.450E-2
3.317	1.444E-4	3.527E-2
3.325	1.443E-4	3.584E-2
3.334	9.541E-5	3.616E-2
3.342	1.772E-5	3.619E-2
3.351	-1.447E-4	3.597E-2
3.359	-3.301E-4	3.546E-2
3.367	-4.949E-4	3.475E-2
3.376	-7.465E-4	3.392E-2
3.384	-8.958E-4	3.307E-2
3.392	-1.055E-3	3.233E-2
3.401	-1.158E-3	3.176E-2
3.409	-1.272E-3	3.146E-2
3.418	-1.276E-3	3.146E-2
3.426	-1.275E-3	3.178E-2
3.434	-1.235E-3	3.238E-2
3.443	-1.097E-3	3.311E-2
3.451	-9.008E-4	3.395E-2
3.459	-6.580E-4	3.476E-2
3.468	-3.937E-4	3.548E-2
3.476	-1.504E-4	3.598E-2
3.485	8.434E-5	3.619E-2
3.493	2.833E-4	3.615E-2
3.501	3.805E-4	3.580E-2
3.510	3.960E-4	3.522E-2
3.518	3.073E-4	3.447E-2
3.527	1.219E-4	3.366E-2
3.535	-1.480E-4	3.289E-2
3.543	-4.683E-4	3.223E-2
3.552	-8.674E-4	3.185E-2
3.560	-1.246E-3	3.170E-2
3.568	-1.560E-3	3.181E-2
3.577	-1.758E-3	3.218E-2
3.585	-1.809E-3	3.276E-2
3.594	-1.741E-3	3.347E-2
3.602	-1.558E-3	3.420E-2
3.610	-1.251E-3	3.486E-2
3.619	-8.145E-4	3.540E-2
3.627	-3.414E-4	3.576E-2
3.635	1.288E-4	3.586E-2
3.644	5.689E-4	3.574E-2
3.652	9.164E-4	3.538E-2
3.661	1.079E-3	3.484E-2
3.669	1.020E-3	3.420E-2
3.677	7.783E-4	3.352E-2
3.686	3.469E-4	3.294E-2
3.694	-1.805E-4	3.252E-2
3.702	-8.128E-4	3.228E-2
3.711	-1.422E-3	3.226E-2
3.719	-1.937E-3	3.241E-2
3.728	-2.290E-3	3.274E-2
3.736	-2.453E-3	3.321E-2
3.744	-2.415E-3	3.374E-2
3.753	-2.173E-3	3.423E-2
3.761	-1.717E-3	3.467E-2
3.769	-1.120E-3	3.501E-2
3.778	-4.151E-4	3.520E-2
3.786	2.875E-4	3.524E-2
3.795	9.122E-4	3.510E-2
3.803	1.404E-3	3.483E-2
3.811	1.643E-3	3.447E-2
3.820	1.557E-3	3.404E-2
3.828	1.189E-3	3.367E-2
3.836	5.961E-4	3.333E-2
3.845	-1.373E-4	3.309E-2
3.853	-9.360E-4	3.298E-2
3.862	-1.680E-3	3.298E-2
3.870	-2.282E-3	3.308E-2
3.878	-2.677E-3	3.324E-2
3.887	-2.845E-3	3.347E-2
3.895	-2.756E-3	3.373E-2
3.903	-2.432E-3	3.396E-2
3.912	-1.900E-3	3.417E-2
3.920	-1.202E-3	3.434E-2
3.929	-3.682E-4	3.441E-2
3.937	4.218E-4	3.440E-2
3.945	1.094E-3	3.439E-2
3.954	1.588E-3	3.431E-2
3.962	1.813E-3	3.421E-2
3.970	1.667E-3	3.411E-2
3.979	1.207E-3	3.401E-2
3.987	5.374E-4	3.393E-2
3.996	-2.865E-4	3.386E-2
4.004	-1.142E-3	3.381E-2
4.012	-1.906E-3	3.377E-2
4.021	-2.474E-3	3.370E-2
4.029	-2.839E-3	3.364E-2
4.037	-2.897E-3	3.361E-2
4.046	-2.790E-3	3.356E-2
4.054	-2.412E-3	3.351E-2
4.063	-1.794E-3	3.349E-2
4.071	-1.029E-3	3.351E-2
4.079	-2.132E-4	3.355E-2
4.088	5.746E-4	3.368E-2
4.096	1.215E-3	3.384E-2
4.104	1.642E-3	3.403E-2
4.113	1.744E-3	3.423E-2
4.121	1.523E-3	3.440E-2
4.130	1.011E-3	3.457E-2
4.138	3.401E-4	3.466E-2
4.146	-4.131E-4	3.465E-2
4.155	-1.208E-3	3.456E-2
4.163	-1.874E-3	3.438E-2
4.172	-2.397E-3	3.411E-2
4.180	-2.661E-3	3.378E-2
4.188	-2.672E-3	3.343E-2
4.197	-2.530E-3	3.309E-2
4.205	-2.160E-3	3.283E-2
4.213	-1.566E-3	3.269E-2
4.222	-8.714E-4	3.271E-2
4.230	-1.431E-4	3.284E-2
4.239	5.160E-4	3.311E-2
4.247	1.016E-3	3.351E-2
4.255	1.361E-3	3.397E-2
4.264	1.426E-3	3.444E-2
4.272	1.200E-3	3.487E-2
4.280	7.626E-4	3.519E-2
4.289	1.903E-4	3.537E-2
4.297	-4.161E-4	3.535E-2
4.306	-1.038E-3	3.513E-2
4.314	-1.549E-3	3.474E-2
4.322	-1.926E-3	3.425E-2
4.331	-2.154E-3	3.367E-2
4.339	-2.175E-3	3.308E-2
4.347	-1.991E-3	3.257E-2
4.356	-1.704E-3	3.218E-2
4.364	-1.270E-3	3.200E-2
4.373	-7.736E-4	3.206E-2
4.381	-2.690E-4	3.236E-2
4.389	1.712E-4	3.285E-2
4.398	5.279E-4	3.347E-2
4.406	7.372E-4	3.416E-2
4.414	7.767E-4	3.482E-2
4.423	6.543E-4	3.536E-2
4.431	3.550E-4	3.574E-2
4.440	3.680E-5	3.590E-2
4.448	-3.644E-4	3.580E-2
4.456	-7.723E-4	3.543E-2
4.465	-1.084E-3	3.490E-2
4.473	-1.324E-3	3.421E-2
4.481	-1.501E-3	3.347E-2
4.490	-1.528E-3	3.275E-2
4.498	-1.499E-3	3.214E-2
4.507	-1.316E-3	3.175E-2
4.515	-1.090E-3	3.163E-2
4.523	-8.439E-4	3.178E-2
4.532	-5.832E-4	3.221E-2
4.540	-3.333E-4	3.285E-2
4.548	-1.177E-4	3.363E-2
4.557	6.865E-5	3.443E-2
4.565	1.458E-4	3.515E-2
4.574	1.752E-4	3.569E-2
4.582	1.450E-4	3.605E-2
4.590	6.324E-5	3.610E-2
4.599	-9.034E-5	3.591E-2
4.607	-2.068E-4	3.544E-2
4.615	-3.740E-4	3.479E-2
4.624	-5.764E-4	3.399E-2
4.632	-7.590E-4	3.321E-2
4.641	-9.140E-4	3.250E-2
4.649	-1.063E-3	3.195E-2
4.657	-1.151E-3	3.164E-2
4.666	-1.248E-3	3.164E-2
4.674	-1.268E-3	3.191E-2
4.682	-1.226E-3	3.241E-2
4.691	-1.103E-3	3.310E-2
4.699	-9.436E-4	3.391E-2
4.708	-7.620E-4	3.468E-2
4.716	-5.390E-4	3.533E-2
4.724	-2.988E-4	3.580E-2
4.733	-8.030E-5	3.602E-2
4.741	1.023E-4	3.597E-2
4.749	2.519E-4	3.567E-2
4.758	2.966E-4	3.516E-2
4.766	2.742E-4	3.444E-2
4.775	1.052E-4	3.368E-2
4.783	-1.398E-4	3.298E-2
4.791	-4.313E-4	3.238E-2
4.800	-8.254E-4	3.196E-2
4.808	-1.184E-3	3.176E-2
4.816	-1.510E-3	3.185E-2
4.825	-1.727E-3	3.219E-2
4.833	-1.806E-3	3.270E-2
4.842	-1.759E-3	3.337E-2
4.850	-1.606E-3	3.407E-2
4.858	-1.320E-3	3.472E-2
4.867	-9.107E-4	3.527E-2
4.875	-4.515E-4	3.561E-2
4.884	4.315E-5	3.570E-2
4.892	5.074E-4	3.559E-2
4.900	8.134E-4	3.526E-2
4.909	9.920E-4	3.480E-2
4.917	9.924E-4	3.423E-2
4.925	7.722E-4	3.358E-2
4.934	3.732E-4	3.303E-2
4.942	-1.507E-4	3.262E-2
4.951	-7.646E-4	3.235E-2
4.959	-1.316E-3	3.230E-2
4.967	-1.817E-3	3.242E-2
4.976	-2.216E-3	3.269E-2
4.984	-2.378E-3	3.313E-2
4.992	-2.368E-3	3.358E-2
5.001	-2.163E-3	3.406E-2
5.009	-1.727E-3	3.451E-2
5.018	-1.193E-3	3.486E-2
5.026	-5.465E-4	3.503E-2
5.034	1.230E-4	3.508E-2
5.043	7.289E-4	3.496E-2
5.051	1.192E-3	3.475E-2
5.059	1.441E-3	3.442E-2
5.068	1.439E-3	3.406E-2
5.076	1.129E-3	3.371E-2
5.085	5.414E-4	3.343E-2
5.093	-1.285E-4	3.321E-2
5.101	-8.635E-4	3.308E-2
5.110	-1.576E-3	3.305E-2
5.118	-2.171E-3	3.311E-2
5.126	-2.576E-3	3.326E-2
5.135	-2.732E-3	3.346E-2
5.143	-2.685E-3	3.369E-2
5.152	-2.407E-3	3.391E-2
5.160	-1.898E-3	3.410E-2
5.168	-1.234E-3	3.425E-2
5.177	-4.456E-4	3.432E-2
5.185	3.167E-4	3.435E-2
5.193	9.929E-4	3.435E-2
5.202	1.458E-3	3.429E-2
5.210	1.667E-3	3.422E-2
5.219	1.604E-3	3.413E-2
5.227	1.188E-3	3.406E-2
5.235	5.686E-4	3.399E-2
5.244	-1.982E-4	3.392E-2
5.252	-1.000E-3	3.387E-2
5.260	-1.717E-3	3.381E-2
5.269	-2.303E-3	3.376E-2
5.277	-2.668E-3	3.368E-2
5.286	-2.810E-3	3.363E-2
5.294	-2.681E-3	3.358E-2
5.302	-2.345E-3	3.349E-2
5.311	-1.771E-3	3.347E-2
5.319	-1.060E-3	3.347E-2
5.327	-2.996E-4	3.353E-2
5.336	4.555E-4	3.363E-2
5.344	1.067E-3	3.380E-2
5.353	1.465E-3	3.396E-2
5.361	1.602E-3	3.417E-2
5.369	1.446E-3	3.437E-2
5.378	1.002E-3	3.455E-2
5.386	3.681E-4	3.466E-2
5.394	-3.377E-4	3.465E-2
5.403	-1.069E-3	3.457E-2
5.411	-1.719E-3	3.439E-2
5.420	-2.200E-3	3.413E-2
5.428	-2.470E-3	3.380E-2
5.436	-2.540E-3	3.345E-2
5.445	-2.408E-3	3.312E-2
5.453	-2.055E-3	3.286E-2
5.461	-1.546E-3	3.268E-2
5.470	-9.108E-4	3.269E-2
5.478	-2.564E-4	3.283E-2
5.487	3.286E-4	3.310E-2
5.495	8.165E-4	3.345E-2
5.503	1.148E-3	3.392E-2
5.512	1.209E-3	3.439E-2
5.520	1.029E-3	3.481E-2
5.528	6.685E-4	3.515E-2
5.537	1.135E-4	3.531E-2
5.545	-4.255E-4	3.531E-2
5.554	-1.009E-3	3.512E-2
5.562	-1.507E-3	3.477E-2
5.570	-1.877E-3	3.430E-2
5.579	-2.084E-3	3.375E-2
5.587	-2.137E-3	3.316E-2
5.596	-2.010E-3	3.267E-2
5.604	-1.738E-3	3.228E-2
5.612	-1.327E-3	3.211E-2
5.621	-8.516E-4	3.213E-2
5.629	-3.656E-4	3.240E-2
5.637	6.964E-5	3.284E-2
5.646	4.333E-4	3.342E-2
5.654	5.707E-4	3.407E-2
5.663	6.264E-4	3.471E-2
5.671	5.215E-4	3.525E-2
5.679	3.002E-4	3.565E-2
5.688	2.716E-5	3.583E-2
5.696	-3.407E-4	3.573E-2
5.704	-6.744E-4	3.541E-2
5.713	-1.007E-3	3.493E-2
5.721	-1.265E-3	3.427E-2
5.730	-1.435E-3	3.354E-2
5.738	-1.483E-3	3.285E-2
5.746	-1.477E-3	3.224E-2
5.755	-1.329E-3	3.190E-2
5.763	-1.139E-3	3.176E-2
5.771	-9.600E-4	3.186E-2
5.780	-7.333E-4	3.226E-2
5.788	-5.064E-4	3.286E-2
5.797	-3.218E-4	3.359E-2
5.805	-1.586E-4	3.437E-2
5.813	-4.886E-5	3.505E-2
5.822	5.816E-6	3.561E-2
5.830	2.947E-5	3.594E-2
5.838	2.964E-5	3.602E-2
5.847	-1.125E-4	3.582E-2
5.855	-2.118E-4	3.536E-2
5.864	-3.702E-4	3.477E-2
5.872	-5.451E-4	3.404E-2
5.880	-7.241E-4	3.329E-2
5.889	-8.827E-4	3.258E-2
5.897	-1.024E-3	3.205E-2
5.905	-1.100E-3	3.176E-2
5.914	-1.188E-3	3.170E-2
5.922	-1.240E-3	3.193E-2
5.931	-1.220E-3	3.239E-2
5.939	-1.108E-3	3.305E-2
5.947	-9.901E-4	3.382E-2
5.956	-8.027E-4	3.457E-2
5.964	-5.746E-4	3.520E-2
5.972	-3.340E-4	3.570E-2
5.981	-9.947E-5	3.594E-2
5.989	1.021E-4	3.595E-2
5.998	2.705E-4	3.568E-2
6.006	3.258E-4	3.520E-2
6.014	2.936E-4	3.457E-2
6.023	1.391E-4	3.387E-2
6.031	-1.062E-4	3.317E-2
6.039	-3.981E-4	3.260E-2
6.048	-7.714E-4	3.216E-2
6.056	-1.110E-3	3.198E-2
6.065	-1.443E-3	3.201E-2
6.073	-1.689E-3	3.232E-2
6.081	-1.784E-3	3.281E-2
6.090	-1.758E-3	3.341E-2
6.098	-1.618E-3	3.408E-2
6.106	-1.333E-3	3.469E-2
6.115	-9.898E-4	3.517E-2
6.123	-5.433E-4	3.547E-2
6.132	-8.771E-5	3.558E-2
6.140	3.454E-4	3.549E-2
6.148	7.114E-4	3.522E-2
6.157	9.184E-4	3.479E-2
6.165	9.502E-4	3.426E-2
6.173	7.644E-4	3.369E-2
6.182	3.914E-4	3.317E-2
6.190	-1.194E-4	3.278E-2
6.199	-6.713E-4	3.252E-2
6.207	-1.250E-3	3.246E-2
6.215	-1.732E-3	3.258E-2
6.224	-2.095E-3	3.283E-2
6.232	-2.284E-3	3.320E-2
6.240	-2.317E-3	3.366E-2
6.249	-2.138E-3	3.411E-2
6.257	-1.755E-3	3.452E-2
6.266	-1.235E-3	3.484E-2
6.274	-6.134E-4	3.502E-2
6.282	4.732E-5	3.507E-2
6.291	6.284E-4	3.497E-2
6.299	1.068E-3	3.479E-2
6.308	1.333E-3	3.447E-2
6.316	1.274E-3	3.413E-2
6.324	9.852E-4	3.379E-2
6.333	5.141E-4	3.349E-2
6.341	-1.324E-4	3.328E-2
6.349	-8.411E-4	3.316E-2
6.358	-1.522E-3	3.318E-2
6.366	-2.081E-3	3.324E-2
6.375	-2.478E-3	3.333E-2
6.383	-2.655E-3	3.349E-2
6.391	-2.612E-3	3.369E-2
6.400	-2.363E-3	3.390E-2
6.408	-1.902E-3	3.408E-2
6.416	-1.263E-3	3.420E-2
6.425	-5.502E-4	3.427E-2
6.433	1.774E-4	3.434E-2
6.442	7.964E-4	3.435E-2
6.450	1.269E-3	3.433E-2
6.458	1.476E-3	3.425E-2
6.467	1.410E-3	3.416E-2
6.475	1.042E-3	3.411E-2
6.483	4.864E-4	3.405E-2
6.492	-2.036E-4	3.400E-2
6.500	-9.808E-4	3.393E-2
6.509	-1.688E-3	3.388E-2
6.517	-2.229E-3	3.380E-2
6.525	-2.596E-3	3.371E-2
6.534	-2.695E-3	3.364E-2
6.542	-2.621E-3	3.357E-2
6.550	-2.310E-3	3.349E-2
6.559	-1.784E-3	3.348E-2
6.567	-1.115E-3	3.346E-2
6.576	-3.663E-4	3.351E-2
6.584	3.232E-4	3.362E-2
6.592	9.325E-4	3.376E-2
6.601	1.378E-3	3.394E-2
6.609	1.495E-3	3.416E-2
6.617	1.400E-3	3.437E-2
6.626	9.837E-4	3.456E-2
6.634	4.033E-4	3.465E-2
6.643	-2.844E-4	3.466E-2
6.651	-9.923E-4	3.459E-2
6.659	-1.617E-3	3.441E-2
6.668	-2.125E-3	3.415E-2
6.676	-2.413E-3	3.384E-2
6.684	-2.474E-3	3.351E-2
6.693	-2.356E-3	3.319E-2
6.701	-2.011E-3	3.296E-2
6.710	-1.530E-3	3.280E-2
6.718	-9.561E-4	3.278E-2
6.726	-3.370E-4	3.287E-2
6.735	2.646E-4	3.309E-2
6.743	7.528E-4	3.345E-2
6.751	1.036E-3	3.389E-2
6.760	1.149E-3	3.435E-2
6.768	9.966E-4	3.478E-2
6.777	6.703E-4	3.511E-2
6.785	1.652E-4	3.529E-2
6.793	-3.672E-4	3.529E-2
6.802	-8.995E-4	3.512E-2
6.810	-1.340E-3	3.480E-2
6.818	-1.712E-3	3.435E-2
6.827	-1.929E-3	3.380E-2
6.835	-1.963E-3	3.324E-2
6.844	-1.879E-3	3.276E-2
6.852	-1.649E-3	3.240E-2
6.860	-1.288E-3	3.218E-2
6.869	-8.458E-4	3.217E-2
6.877	-3.865E-4	3.239E-2
6.885	3.179E-5	3.281E-2
6.894	3.315E-4	3.334E-2
6.902	5.420E-4	3.397E-2
6.911	5.814E-4	3.459E-2
6.919	5.297E-4	3.514E-2
6.927	3.246E-4	3.551E-2
6.936	6.091E-5	3.568E-2
6.944	-2.693E-4	3.565E-2
6.953	-6.151E-4	3.538E-2
6.961	-8.899E-4	3.487E-2
6.969	-1.133E-3	3.425E-2
6.978	-1.301E-3	3.355E-2
6.986	-1.348E-3	3.287E-2
6.994	-1.320E-3	3.231E-2
7.003	-1.238E-3	3.196E-2
7.011	-1.071E-3	3.178E-2
7.020	-8.687E-4	3.192E-2
7.028	-6.338E-4	3.227E-2
7.036	-3.922E-4	3.284E-2
7.045	-2.050E-4	3.350E-2
7.053	-5.571E-5	3.423E-2
7.061	6.035E-5	3.489E-2
7.070	1.103E-4	3.543E-2
7.078	1.085E-4	3.579E-2
7.087	9.520E-5	3.589E-2
7.095	1.144E-6	3.574E-2
7.103	-1.083E-4	3.537E-2
7.112	-2.733E-4	3.479E-2
7.120	-3.984E-4	3.409E-2
7.128	-5.874E-4	3.334E-2
7.137	-7.654E-4	3.265E-2
7.145	-8.877E-4	3.214E-2
7.154	-1.014E-3	3.185E-2
7.162	-1.080E-3	3.179E-2
7.170	-1.124E-3	3.204E-2
7.179	-1.106E-3	3.249E-2
7.187	-1.014E-3	3.310E-2
7.195	-9.024E-4	3.379E-2
7.204	-7.147E-4	3.446E-2
7.212	-5.286E-4	3.507E-2
7.221	-3.029E-4	3.552E-2
7.229	-8.092E-5	3.578E-2
7.237	1.217E-4	3.577E-2
7.246	2.964E-4	3.554E-2
7.254	3.454E-4	3.510E-2
7.262	3.229E-4	3.451E-2
7.271	2.221E-4	3.386E-2
7.279	-5.243E-5	3.321E-2
7.288	-3.629E-4	3.265E-2
7.296	-7.133E-4	3.222E-2
7.304	-1.070E-3	3.204E-2
7.313	-1.386E-3	3.210E-2
7.321	-1.661E-3	3.236E-2
7.329	-1.786E-3	3.280E-2
7.338	-1.763E-3	3.336E-2
7.346	-1.646E-3	3.398E-2
7.355	-1.378E-3	3.454E-2
7.363	-1.065E-3	3.503E-2
7.371	-6.210E-4	3.535E-2
7.380	-1.525E-4	3.547E-2
7.388	2.822E-4	3.542E-2
7.396	6.295E-4	3.517E-2
7.405	8.025E-4	3.480E-2
7.413	8.284E-4	3.432E-2
7.422	6.936E-4	3.379E-2
7.430	3.445E-4	3.328E-2
7.438	-1.278E-4	3.287E-2
7.447	-6.484E-4	3.261E-2
7.455	-1.208E-3	3.253E-2
7.463	-1.703E-3	3.262E-2
7.472	-2.029E-3	3.284E-2
7.480	-2.219E-3	3.317E-2
7.489	-2.205E-3	3.358E-2
7.497	-2.018E-3	3.402E-2
7.505	-1.690E-3	3.439E-2
7.514	-1.214E-3	3.467E-2
7.522	-6.158E-4	3.484E-2
7.530	1.671E-5	3.488E-2
7.539	5.828E-4	3.482E-2
7.547	1.015E-3	3.463E-2
7.556	1.262E-3	3.436E-2
7.564	1.261E-3	3.407E-2
7.572	1.017E-3	3.379E-2
7.581	5.596E-4	3.350E-2
7.589	-4.912E-5	3.329E-2
7.597	-7.515E-4	3.318E-2
7.606	-1.411E-3	3.316E-2
7.614	-1.971E-3	3.323E-2
7.623	-2.388E-3	3.333E-2
7.631	-2.595E-3	3.349E-2
7.639	-2.582E-3	3.366E-2
7.648	-2.350E-3	3.384E-2
7.656	-1.912E-3	3.400E-2
7.665	-1.301E-3	3.412E-2
7.673	-6.207E-4	3.418E-2
7.681	8.116E-5	3.421E-2
7.690	7.214E-4	3.419E-2
7.698	1.195E-3	3.417E-2
7.706	1.434E-3	3.413E-2
7.715	1.410E-3	3.409E-2
7.723	1.075E-3	3.405E-2
7.732	5.354E-4	3.400E-2
7.740	-1.295E-4	3.398E-2
7.748	-8.465E-4	3.390E-2
7.757	-1.510E-3	3.385E-2
7.765	-2.031E-3	3.379E-2
7.773	-2.400E-3	3.369E-2
7.782	-2.558E-3	3.362E-2
7.790	-2.487E-3	3.355E-2
7.799	-2.197E-3	3.346E-2
7.807	-1.718E-3	3.343E-2
7.815	-1.093E-3	3.344E-2
7.824	-3.920E-4	3.348E-2
7.832	2.774E-4	3.357E-2
7.840	8.415E-4	3.370E-2
7.849	1.224E-3	3.390E-2
7.857	1.416E-3	3.413E-2
7.866	1.279E-3	3.434E-2
7.874	9.451E-4	3.452E-2
7.882	4.093E-4	3.464E-2
7.891	-2.168E-4	3.466E-2
7.899	-8.731E-4	3.460E-2
7.907	-1.471E-3	3.443E-2
7.916	-1.933E-3	3.418E-2
7.924	-2.208E-3	3.387E-2
7.933	-2.304E-3	3.355E-2
7.941	-2.213E-3	3.323E-2
7.949	-1.936E-3	3.296E-2
7.958	-1.498E-3	3.280E-2
7.966	-9.629E-4	3.276E-2
7.974	-3.581E-4	3.286E-2
7.983	1.862E-4	3.307E-2
7.991	6.197E-4	3.341E-2
8.000	9.316E-4	3.385E-2
8.008	1.007E-3	3.432E-2
8.016	9.240E-4	3.473E-2
8.025	6.088E-4	3.507E-2
8.033	1.682E-4	3.526E-2
8.041	-3.464E-4	3.530E-2
8.050	-8.397E-4	3.513E-2
8.058	-1.287E-3	3.481E-2
8.067	-1.636E-3	3.438E-2
8.075	-1.843E-3	3.388E-2
8.083	-1.948E-3	3.337E-2
8.092	-1.860E-3	3.289E-2
8.100	-1.668E-3	3.250E-2
8.108	-1.326E-3	3.230E-2
8.117	-9.172E-4	3.231E-2
8.125	-5.423E-4	3.253E-2
8.134	-1.507E-4	3.289E-2
8.142	1.365E-4	3.339E-2
8.150	3.274E-4	3.400E-2
8.159	4.213E-4	3.460E-2
8.167	3.307E-4	3.512E-2
8.175	1.490E-4	3.548E-2
8.184	-1.119E-4	3.568E-2
8.192	-3.921E-4	3.566E-2
8.201	-6.747E-4	3.541E-2
8.209	-9.556E-4	3.497E-2
8.217	-1.209E-3	3.439E-2
8.226	-1.361E-3	3.373E-2
8.234	-1.485E-3	3.310E-2
8.242	-1.486E-3	3.253E-2
8.251	-1.414E-3	3.215E-2
8.259	-1.277E-3	3.201E-2
8.268	-1.083E-3	3.209E-2
8.276	-8.702E-4	3.241E-2
8.284	-6.396E-4	3.290E-2
8.293	-4.393E-4	3.351E-2
8.301	-2.709E-4	3.420E-2
8.309	-1.706E-4	3.484E-2
8.318	-1.136E-4	3.537E-2
8.326	-9.830E-5	3.570E-2
8.335	-1.224E-4	3.581E-2
8.343	-1.720E-4	3.569E-2
8.351	-2.626E-4	3.533E-2
8.360	-4.011E-4	3.478E-2
8.368	-5.465E-4	3.412E-2
8.377	-7.170E-4	3.344E-2
8.385	-8.621E-4	3.281E-2
8.393	-1.012E-3	3.230E-2
8.402	-1.123E-3	3.203E-2
8.410	-1.214E-3	3.197E-2
8.418	-1.268E-3	3.212E-2
8.427	-1.275E-3	3.252E-2
8.435	-1.230E-3	3.308E-2
8.444	-1.100E-3	3.372E-2
8.452	-9.023E-4	3.440E-2
8.460	-6.603E-4	3.498E-2
8.469	-4.019E-4	3.546E-2
8.477	-1.602E-4	3.571E-2
8.485	6.872E-5	3.574E-2
8.494	2.558E-4	3.552E-2
8.502	3.212E-4	3.513E-2
8.511	3.173E-4	3.456E-2
8.519	2.279E-4	3.393E-2
8.527	4.188E-5	3.330E-2
8.536	-2.511E-4	3.275E-2
8.544	-6.132E-4	3.237E-2
8.552	-9.728E-4	3.218E-2
8.561	-1.283E-3	3.219E-2
8.569	-1.520E-3	3.240E-2
8.578	-1.673E-3	3.280E-2
8.586	-1.694E-3	3.331E-2
8.594	-1.566E-3	3.388E-2
8.603	-1.313E-3	3.444E-2
8.611	-1.003E-3	3.488E-2
8.619	-5.910E-4	3.521E-2
8.628	-1.376E-4	3.534E-2
8.636	2.903E-4	3.528E-2
8.645	6.066E-4	3.505E-2
8.653	8.090E-4	3.470E-2
8.661	8.403E-4	3.422E-2
8.670	7.197E-4	3.372E-2
8.678	3.856E-4	3.327E-2
8.686	-6.767E-5	3.288E-2
8.695	-5.916E-4	3.264E-2
8.703	-1.094E-3	3.257E-2
8.712	-1.561E-3	3.261E-2
8.720	-1.931E-3	3.282E-2
8.728	-2.147E-3	3.311E-2
8.737	-2.166E-3	3.349E-2
8.745	-1.984E-3	3.388E-2
8.753	-1.674E-3	3.424E-2
8.762	-1.239E-3	3.449E-2
8.770	-6.647E-4	3.470E-2
8.779	-7.121E-5	3.474E-2
8.787	4.907E-4	3.470E-2
8.795	9.402E-4	3.453E-2
8.804	1.210E-3	3.432E-2
8.812	1.222E-3	3.406E-2
8.820	1.012E-3	3.379E-2
8.829	5.806E-4	3.354E-2
8.837	2.487E-5	3.333E-2
8.846	-6.055E-4	3.322E-2
8.854	-1.247E-3	3.319E-2
8.862	-1.779E-3	3.324E-2
8.871	-2.181E-3	3.334E-2
8.879	-2.392E-3	3.346E-2
8.887	-2.393E-3	3.362E-2
8.896	-2.172E-3	3.379E-2
8.904	-1.753E-3	3.391E-2
8.913	-1.224E-3	3.401E-2
8.921	-5.886E-4	3.408E-2
8.929	9.006E-5	3.411E-2
8.938	6.957E-4	3.416E-2
8.946	1.173E-3	3.414E-2
8.954	1.434E-3	3.412E-2
8.963	1.417E-3	3.410E-2
8.971	1.095E-3	3.407E-2
8.980	5.770E-4	3.408E-2
8.988	-5.908E-5	3.401E-2
8.996	-7.589E-4	3.394E-2
9.005	-1.413E-3	3.390E-2
9.013	-1.946E-3	3.383E-2
9.021	-2.304E-3	3.375E-2
9.030	-2.464E-3	3.366E-2
9.038	-2.427E-3	3.357E-2
9.047	-2.167E-3	3.348E-2
9.055	-1.718E-3	3.344E-2
9.063	-1.149E-3	3.343E-2
9.072	-5.252E-4	3.347E-2
9.080	1.037E-4	3.357E-2
9.089	6.733E-4	3.369E-2
9.097	1.032E-3	3.389E-2
9.105	1.200E-3	3.411E-2
9.114	1.153E-3	3.433E-2
9.122	8.319E-4	3.451E-2
9.130	3.289E-4	3.464E-2
9.139	-2.271E-4	3.464E-2
9.147	-8.800E-4	3.461E-2
9.156	-1.444E-3	3.444E-2
9.164	-1.910E-3	3.420E-2
9.172	-2.196E-3	3.391E-2
9.181	-2.282E-3	3.358E-2
9.189	-2.230E-3	3.325E-2
9.197	-1.952E-3	3.298E-2
9.206	-1.536E-3	3.283E-2
9.214	-1.031E-3	3.278E-2
9.223	-4.423E-4	3.286E-2
9.231	8.348E-5	3.307E-2
9.239	5.308E-4	3.340E-2
9.248	8.098E-4	3.380E-2
9.256	9.343E-4	3.421E-2
9.264	8.268E-4	3.461E-2
9.273	5.554E-4	3.492E-2
9.281	1.458E-4	3.511E-2
9.290	-3.184E-4	3.510E-2
9.298	-8.043E-4	3.501E-2
9.306	-1.243E-3	3.472E-2
9.315	-1.547E-3	3.436E-2
9.323	-1.742E-3	3.387E-2
9.331	-1.783E-3	3.336E-2
9.340	-1.729E-3	3.292E-2
9.348	-1.514E-3	3.257E-2
9.357	-1.244E-3	3.235E-2
9.365	-8.548E-4	3.234E-2
9.373	-4.492E-4	3.252E-2
9.382	-1.063E-4	3.287E-2
9.390	1.731E-4	3.335E-2
9.398	3.394E-4	3.393E-2
9.407	4.632E-4	3.449E-2
9.415	4.184E-4	3.502E-2
9.424	2.793E-4	3.542E-2
9.432	5.881E-5	3.560E-2
9.440	-1.992E-4	3.557E-2
9.449	-4.875E-4	3.531E-2
9.457	-7.848E-4	3.488E-2
9.465	-1.014E-3	3.435E-2
9.474	-1.170E-3	3.373E-2
9.482	-1.276E-3	3.310E-2
9.491	-1.274E-3	3.257E-2
9.499	-1.228E-3	3.218E-2
9.507	-1.085E-3	3.201E-2
9.516	-9.251E-4	3.210E-2
9.524	-7.853E-4	3.239E-2
9.532	-6.027E-4	3.285E-2
9.541	-4.009E-4	3.346E-2
9.549	-2.377E-4	3.414E-2
9.558	-1.608E-4	3.476E-2
9.566	-9.970E-5	3.528E-2
9.574	-6.350E-5	3.562E-2
9.583	-9.226E-5	3.571E-2
9.591	-1.430E-4	3.561E-2
9.599	-1.801E-4	3.526E-2
9.608	-3.184E-4	3.477E-2
9.616	-4.235E-4	3.416E-2
9.625	-5.855E-4	3.351E-2
9.633	-7.368E-4	3.288E-2
9.641	-8.767E-4	3.238E-2
9.650	-1.024E-3	3.208E-2
9.658	-1.092E-3	3.201E-2
9.666	-1.140E-3	3.218E-2
9.675	-1.202E-3	3.253E-2
9.683	-1.150E-3	3.306E-2
9.692	-1.077E-3	3.369E-2
9.700	-8.892E-4	3.434E-2
9.708	-6.604E-4	3.490E-2
9.717	-4.022E-4	3.532E-2
9.725	-1.638E-4	3.556E-2
9.734	6.119E-5	3.559E-2
9.742	2.364E-4	3.538E-2
9.750	3.208E-4	3.498E-2
9.759	3.203E-4	3.449E-2
9.767	2.513E-4	3.390E-2
9.775	6.372E-5	3.332E-2
9.784	-1.997E-4	3.280E-2
9.792	-5.481E-4	3.241E-2
9.801	-8.770E-4	3.220E-2
9.809	-1.202E-3	3.218E-2
9.817	-1.457E-3	3.241E-2
9.826	-1.602E-3	3.278E-2
9.834	-1.660E-3	3.326E-2
9.842	-1.550E-3	3.378E-2
9.851	-1.317E-3	3.430E-2
9.859	-1.019E-3	3.476E-2
9.868	-6.124E-4	3.508E-2
9.876	-1.658E-4	3.522E-2
9.884	2.420E-4	3.521E-2
9.893	5.689E-4	3.503E-2
9.901	7.810E-4	3.469E-2
9.909	8.215E-4	3.425E-2
9.918	7.223E-4	3.377E-2
9.926	4.314E-4	3.331E-2
9.935	-2.493E-6	3.297E-2
9.943	-5.392E-4	3.275E-2
9.951	-1.048E-3	3.265E-2
9.960	-1.516E-3	3.267E-2
9.968	-1.881E-3	3.287E-2
9.976	-2.060E-3	3.313E-2
9.985	-2.152E-3	3.348E-2
9.993	-2.000E-3	3.383E-2
10.002	-1.713E-3	3.419E-2
10.010	-1.271E-3	3.445E-2
10.018	-7.505E-4	3.462E-2
10.027	-1.667E-4	3.467E-2
10.035	3.582E-4	3.462E-2
10.043	7.797E-4	3.446E-2
10.052	1.036E-3	3.424E-2
10.060	1.042E-3	3.399E-2
10.069	9.129E-4	3.372E-2
10.077	5.257E-4	3.350E-2
10.085	2.025E-5	3.332E-2
10.094	-5.994E-4	3.322E-2
10.102	-1.214E-3	3.320E-2
10.110	-1.737E-3	3.322E-2
10.119	-2.144E-3	3.333E-2
10.127	-2.351E-3	3.344E-2
10.136	-2.373E-3	3.357E-2
10.144	-2.189E-3	3.371E-2
10.152	-1.788E-3	3.384E-2
10.161	-1.256E-3	3.396E-2
10.169	-6.589E-4	3.401E-2
10.177	7.060E-6	3.405E-2
10.186	5.785E-4	3.409E-2
10.194	1.010E-3	3.411E-2
10.203	1.233E-3	3.410E-2
10.211	1.227E-3	3.411E-2
10.219	9.910E-4	3.411E-2
10.228	5.412E-4	3.406E-2
10.236	-5.722E-5	3.403E-2
10.244	-6.969E-4	3.396E-2
10.253	-1.328E-3	3.391E-2
10.261	-1.840E-3	3.385E-2
10.270	-2.213E-3	3.377E-2
10.278	-2.378E-3	3.366E-2
10.286	-2.345E-3	3.356E-2
10.295	-2.137E-3	3.347E-2
10.303	-1.732E-3	3.342E-2
10.311	-1.201E-3	3.342E-2
10.320	-5.918E-4	3.344E-2
10.328	3.722E-5	3.355E-2
10.337	5.672E-4	3.367E-2
10.345	9.636E-4	3.386E-2
10.353	1.159E-3	3.409E-2
10.362	1.121E-3	3.432E-2
10.370	7.823E-4	3.449E-2
10.378	3.402E-4	3.464E-2
10.387	-1.915E-4	3.467E-2
10.395	-7.879E-4	3.461E-2
10.404	-1.312E-3	3.447E-2
10.412	-1.742E-3	3.422E-2
10.420	-2.002E-3	3.392E-2
10.429	-2.147E-3	3.360E-2
10.437	-2.064E-3	3.331E-2
10.446	-1.860E-3	3.304E-2
10.454	-1.501E-3	3.287E-2
10.462	-1.040E-3	3.280E-2
10.471	-5.071E-4	3.285E-2
10.479	8.691E-6	3.307E-2
10.487	4.580E-4	3.335E-2
10.496	7.435E-4	3.373E-2
10.504	8.397E-4	3.414E-2
10.513	7.617E-4	3.454E-2
10.521	5.298E-4	3.487E-2
10.529	1.610E-4	3.507E-2
10.538	-2.768E-4	3.510E-2
10.546	-7.421E-4	3.500E-2
10.554	-1.141E-3	3.476E-2
10.563	-1.508E-3	3.438E-2
10.571	-1.715E-3	3.392E-2
10.580	-1.768E-3	3.342E-2
10.588	-1.712E-3	3.297E-2
10.596	-1.530E-3	3.262E-2
10.605	-1.264E-3	3.239E-2
10.613	-9.022E-4	3.235E-2
10.621	-5.474E-4	3.253E-2
10.630	-1.844E-4	3.286E-2
10.638	8.712E-5	3.331E-2
10.647	2.898E-4	3.386E-2
10.655	3.538E-4	3.441E-2
10.663	3.275E-4	3.490E-2
10.672	2.355E-4	3.526E-2
10.680	5.263E-5	3.547E-2
10.688	-1.791E-4	3.548E-2
10.697	-4.317E-4	3.527E-2
10.705	-6.788E-4	3.488E-2
10.714	-9.347E-4	3.437E-2
10.722	-1.087E-3	3.376E-2
10.730	-1.186E-3	3.316E-2
10.739	-1.212E-3	3.266E-2
10.747	-1.179E-3	3.227E-2
10.755	-1.078E-3	3.212E-2
10.764	-9.492E-4	3.217E-2
10.772	-8.046E-4	3.241E-2
10.781	-6.286E-4	3.285E-2
10.789	-4.178E-4	3.343E-2
10.797	-3.098E-4	3.405E-2
10.806	-1.851E-4	3.466E-2
10.814	-1.225E-4	3.515E-2
10.822	-7.938E-5	3.547E-2
10.831	-9.222E-5	3.562E-2
10.839	-1.055E-4	3.554E-2
10.848	-1.690E-4	3.526E-2
10.856	-2.593E-4	3.479E-2
10.864	-3.986E-4	3.422E-2
10.873	-5.470E-4	3.357E-2
10.881	-6.770E-4	3.297E-2
10.889	-8.243E-4	3.251E-2
10.898	-9.660E-4	3.221E-2
10.906	-1.068E-3	3.210E-2
10.915	-1.108E-3	3.222E-2
10.923	-1.113E-3	3.255E-2
10.931	-1.065E-3	3.305E-2
10.940	-9.964E-4	3.364E-2
10.948	-8.362E-4	3.427E-2
10.956	-6.324E-4	3.481E-2
10.965	-3.833E-4	3.524E-2
10.973	-1.550E-4	3.549E-2
10.982	6.322E-5	3.553E-2
10.990	2.384E-4	3.537E-2
10.998	3.406E-4	3.501E-2
11.007	3.364E-4	3.455E-2
11.015	2.751E-4	3.400E-2
11.023	8.940E-5	3.344E-2
11.032	-1.596E-4	3.295E-2
11.040	-4.955E-4	3.259E-2
11.049	-8.341E-4	3.237E-2
11.057	-1.136E-3	3.236E-2
11.065	-1.422E-3	3.255E-2
11.074	-1.559E-3	3.288E-2
11.082	-1.600E-3	3.332E-2
11.090	-1.528E-3	3.381E-2
11.099	-1.298E-3	3.430E-2
11.107	-1.026E-3	3.471E-2
11.116	-6.309E-4	3.500E-2
11.124	-2.106E-4	3.515E-2
11.132	1.868E-4	3.511E-2
11.141	5.209E-4	3.492E-2
11.149	7.399E-4	3.460E-2
11.158	7.909E-4	3.420E-2
11.166	7.068E-4	3.377E-2
11.174	4.546E-4	3.334E-2
11.183	6.879E-5	3.301E-2
11.191	-3.928E-4	3.279E-2
11.199	-8.910E-4	3.270E-2
11.208	-1.322E-3	3.277E-2
11.216	-1.683E-3	3.294E-2
11.225	-1.905E-3	3.321E-2
11.233	-1.951E-3	3.354E-2
11.241	-1.867E-3	3.387E-2
11.250	-1.611E-3	3.419E-2
11.258	-1.223E-3	3.443E-2
11.266	-7.307E-4	3.459E-2
11.275	-1.745E-4	3.464E-2
11.283	3.261E-4	3.461E-2
11.292	7.583E-4	3.449E-2
11.300	1.010E-3	3.433E-2
11.308	1.078E-3	3.411E-2
11.317	9.190E-4	3.389E-2
11.325	5.568E-4	3.367E-2
11.333	7.167E-5	3.350E-2
11.342	-5.268E-4	3.340E-2
11.350	-1.107E-3	3.340E-2
11.359	-1.647E-3	3.342E-2
11.367	-1.996E-3	3.348E-2
11.375	-2.202E-3	3.359E-2
11.384	-2.210E-3	3.372E-2
11.392	-2.033E-3	3.386E-2
11.400	-1.678E-3	3.396E-2
11.409	-1.234E-3	3.405E-2
11.417	-6.457E-4	3.414E-2
11.426	-3.363E-5	3.418E-2
11.434	5.101E-4	3.418E-2
11.442	9.531E-4	3.417E-2
11.451	1.206E-3	3.416E-2
11.459	1.211E-3	3.415E-2
11.467	9.896E-4	3.413E-2
11.476	5.641E-4	3.412E-2
11.484	2.203E-5	3.410E-2
11.493	-5.945E-4	3.406E-2
11.501	-1.209E-3	3.406E-2
11.509	-1.705E-3	3.396E-2
11.518	-2.083E-3	3.389E-2
11.526	-2.251E-3	3.375E-2
11.534	-2.200E-3	3.367E-2
11.543	-1.980E-3	3.358E-2
11.551	-1.626E-3	3.350E-2
11.560	-1.132E-3	3.348E-2
11.568	-5.828E-4	3.348E-2
11.576	2.327E-5	3.356E-2
11.585	5.385E-4	3.368E-2
11.593	9.295E-4	3.387E-2
11.601	1.115E-3	3.408E-2
11.610	1.059E-3	3.432E-2
11.618	7.690E-4	3.448E-2
11.627	3.488E-4	3.459E-2
11.635	-1.579E-4	3.463E-2
11.643	-7.179E-4	3.461E-2
11.652	-1.249E-3	3.448E-2
11.660	-1.687E-3	3.423E-2
11.668	-1.962E-3	3.394E-2
11.677	-2.048E-3	3.364E-2
11.685	-2.019E-3	3.335E-2
11.694	-1.792E-3	3.307E-2
11.702	-1.468E-3	3.288E-2
11.710	-1.026E-3	3.281E-2
11.719	-5.302E-4	3.286E-2
11.727	-6.744E-5	3.304E-2
11.735	3.220E-4	3.332E-2
11.744	5.923E-4	3.368E-2
11.752	7.253E-4	3.409E-2
11.761	6.908E-4	3.449E-2
11.769	5.038E-4	3.482E-2
11.777	1.497E-4	3.504E-2
11.786	-2.371E-4	3.509E-2
11.794	-6.721E-4	3.500E-2
11.802	-1.057E-3	3.478E-2
11.811	-1.341E-3	3.440E-2
11.819	-1.540E-3	3.394E-2
11.828	-1.635E-3	3.347E-2
11.836	-1.587E-3	3.303E-2
11.844	-1.481E-3	3.267E-2
11.853	-1.241E-3	3.244E-2
11.861	-9.041E-4	3.241E-2
11.870	-5.720E-4	3.253E-2
11.878	-2.202E-4	3.284E-2
11.886	5.608E-5	3.328E-2
11.895	2.592E-4	3.378E-2
11.903	3.235E-4	3.431E-2
11.911	3.193E-4	3.481E-2
11.920	2.186E-4	3.519E-2
11.928	2.938E-5	3.541E-2
11.937	-1.768E-4	3.545E-2
11.945	-3.973E-4	3.528E-2
11.953	-6.339E-4	3.490E-2
11.962	-8.349E-4	3.439E-2
11.970	-1.004E-3	3.382E-2
11.978	-1.067E-3	3.326E-2
11.987	-1.090E-3	3.276E-2
11.995	-1.046E-3	3.241E-2
12.004	-9.918E-4	3.222E-2
12.012	-8.586E-4	3.222E-2
12.020	-7.213E-4	3.244E-2
12.029	-5.818E-4	3.285E-2
12.037	-3.968E-4	3.338E-2
12.045	-3.047E-4	3.398E-2
12.054	-1.645E-4	3.455E-2
12.062	-1.076E-4	3.505E-2
12.071	-1.050E-4	3.539E-2
12.079	-9.814E-5	3.550E-2
12.087	-1.020E-4	3.544E-2
12.096	-1.444E-4	3.517E-2
12.104	-1.930E-4	3.478E-2
12.112	-3.403E-4	3.423E-2
12.121	-4.300E-4	3.362E-2
12.129	-5.957E-4	3.306E-2
12.138	-7.548E-4	3.258E-2
12.146	-8.653E-4	3.230E-2
12.154	-9.992E-4	3.220E-2
12.163	-1.056E-3	3.231E-2
12.171	-1.077E-3	3.261E-2
12.179	-1.067E-3	3.307E-2
12.188	-9.948E-4	3.363E-2
12.196	-8.380E-4	3.420E-2
12.205	-6.427E-4	3.470E-2
12.213	-3.990E-4	3.509E-2
12.221	-1.678E-4	3.534E-2
12.230	4.342E-5	3.537E-2
12.238	2.119E-4	3.524E-2
12.246	3.080E-4	3.492E-2
12.255	3.209E-4	3.446E-2
12.263	2.597E-4	3.394E-2
12.272	9.007E-5	3.341E-2
12.280	-1.419E-4	3.295E-2
12.288	-4.576E-4	3.260E-2
12.297	-8.148E-4	3.240E-2
12.305	-1.091E-3	3.239E-2
12.313	-1.321E-3	3.255E-2
12.322	-1.483E-3	3.286E-2
12.330	-1.498E-3	3.328E-2
12.339	-1.482E-3	3.375E-2
12.347	-1.264E-3	3.420E-2
12.355	-1.008E-3	3.460E-2
12.364	-6.401E-4	3.488E-2
12.372	-2.379E-4	3.504E-2
12.380	1.128E-4	3.505E-2
12.389	4.545E-4	3.487E-2
12.397	6.878E-4	3.459E-2
12.406	7.742E-4	3.422E-2
12.414	6.904E-4	3.380E-2
12.422	4.651E-4	3.342E-2
12.431	9.279E-5	3.309E-2
12.439	-3.562E-4	3.286E-2
12.447	-8.454E-4	3.277E-2
12.456	-1.272E-3	3.280E-2
12.464	-1.636E-3	3.295E-2
12.473	-1.873E-3	3.320E-2
12.481	-1.940E-3	3.352E-2
12.489	-1.866E-3	3.381E-2
12.498	-1.610E-3	3.414E-2
12.506	-1.250E-3	3.438E-2
12.515	-7.866E-4	3.455E-2
12.523	-2.453E-4	3.462E-2
12.531	2.460E-4	3.461E-2
12.540	6.798E-4	3.447E-2
12.548	9.627E-4	3.428E-2
12.556	1.020E-3	3.409E-2
12.565	9.073E-4	3.389E-2
12.573	5.669E-4	3.370E-2
12.582	9.136E-5	3.353E-2
12.590	-4.499E-4	3.343E-2
12.598	-1.022E-3	3.339E-2
12.607	-1.510E-3	3.343E-2
12.615	-1.897E-3	3.348E-2
12.623	-2.139E-3	3.356E-2
12.632	-2.172E-3	3.367E-2
12.640	-1.991E-3	3.377E-2
12.649	-1.700E-3	3.388E-2
12.657	-1.238E-3	3.395E-2
12.665	-6.833E-4	3.400E-2
12.674	-1.374E-4	3.404E-2
12.682	3.928E-4	3.409E-2
12.690	8.002E-4	3.411E-2
12.699	1.037E-3	3.412E-2
12.707	1.064E-3	3.413E-2
12.716	8.466E-4	3.413E-2
12.724	4.776E-4	3.412E-2
12.732	-4.844E-5	3.411E-2
12.741	-6.381E-4	3.411E-2
12.749	-1.210E-3	3.402E-2
12.757	-1.706E-3	3.393E-2
12.766	-2.016E-3	3.385E-2
12.774	-2.198E-3	3.373E-2
12.783	-2.191E-3	3.365E-2
12.791	-1.971E-3	3.356E-2
12.799	-1.577E-3	3.347E-2
12.808	-1.126E-3	3.346E-2
12.816	-5.770E-4	3.348E-2
12.824	-2.467E-5	3.354E-2
12.833	4.634E-4	3.367E-2
12.841	8.153E-4	3.386E-2
12.850	9.921E-4	3.407E-2
12.858	9.800E-4	3.428E-2
12.866	7.583E-4	3.446E-2
12.875	3.601E-4	3.458E-2
12.883	-1.185E-4	3.463E-2
12.891	-6.291E-4	3.462E-2
12.900	-1.122E-3	3.447E-2
12.908	-1.514E-3	3.423E-2
12.917	-1.785E-3	3.395E-2
12.925	-1.913E-3	3.367E-2
12.933	-1.900E-3	3.339E-2
12.942	-1.712E-3	3.315E-2
12.950	-1.415E-3	3.300E-2
12.958	-1.013E-3	3.293E-2
12.967	-5.524E-4	3.299E-2
12.975	-1.014E-4	3.316E-2
12.984	2.955E-4	3.345E-2
12.992	5.573E-4	3.380E-2
13.000	7.090E-4	3.417E-2
13.009	7.056E-4	3.455E-2
13.017	5.095E-4	3.485E-2
13.025	1.958E-4	3.506E-2
13.034	-1.804E-4	3.510E-2
13.042	-5.944E-4	3.503E-2
13.051	-9.817E-4	3.481E-2
13.059	-1.281E-3	3.444E-2
13.067	-1.492E-3	3.398E-2
13.076	-1.544E-3	3.353E-2
13.084	-1.506E-3	3.310E-2
13.092	-1.385E-3	3.274E-2
13.101	-1.188E-3	3.254E-2
13.109	-8.930E-4	3.250E-2
13.118	-5.765E-4	3.263E-2
13.126	-2.725E-4	3.290E-2
13.134	-1.893E-5	3.330E-2
13.143	1.202E-4	3.378E-2
13.151	2.373E-4	3.429E-2
13.159	2.591E-4	3.478E-2
13.168	1.426E-4	3.514E-2
13.176	-1.248E-6	3.532E-2
13.185	-2.235E-4	3.533E-2
13.193	-4.173E-4	3.514E-2
13.201	-6.344E-4	3.480E-2
13.210	-8.333E-4	3.434E-2
13.218	-9.841E-4	3.379E-2
13.227	-1.058E-3	3.325E-2
13.235	-1.069E-3	3.278E-2
13.243	-1.052E-3	3.243E-2
13.252	-1.004E-3	3.224E-2
13.260	-8.751E-4	3.228E-2
13.268	-7.569E-4	3.252E-2
13.277	-6.002E-4	3.292E-2
13.285	-4.347E-4	3.343E-2
13.294	-3.271E-4	3.399E-2
13.302	-1.948E-4	3.455E-2
13.310	-1.220E-4	3.503E-2
13.319	-7.720E-5	3.535E-2
13.327	-8.780E-5	3.548E-2
13.335	-1.035E-4	3.545E-2
13.344	-1.436E-4	3.520E-2
13.352	-1.853E-4	3.481E-2
13.361	-3.258E-4	3.428E-2
13.369	-4.106E-4	3.372E-2
13.377	-5.844E-4	3.316E-2
13.386	-7.140E-4	3.274E-2
13.394	-8.528E-4	3.245E-2
13.402	-9.885E-4	3.233E-2
13.411	-1.057E-3	3.240E-2
13.419	-1.055E-3	3.267E-2
13.428	-1.056E-3	3.308E-2
13.436	-1.009E-3	3.359E-2
13.444	-8.682E-4	3.416E-2
13.453	-6.773E-4	3.465E-2
13.461	-4.339E-4	3.505E-2
13.469	-2.044E-4	3.530E-2
13.478	1.328E-5	3.536E-2
13.486	1.780E-4	3.523E-2
13.495	2.871E-4	3.494E-2
13.503	3.240E-4	3.456E-2
13.511	2.596E-4	3.406E-2
13.520	1.051E-4	3.356E-2
13.528	-1.265E-4	3.308E-2
13.536	-4.069E-4	3.273E-2
13.545	-7.434E-4	3.256E-2
13.553	-1.038E-3	3.255E-2
13.562	-1.273E-3	3.268E-2
13.570	-1.457E-3	3.295E-2
13.578	-1.496E-3	3.336E-2
13.587	-1.464E-3	3.382E-2
13.595	-1.278E-3	3.428E-2
13.603	-1.019E-3	3.467E-2
13.612	-6.676E-4	3.492E-2
13.620	-2.868E-4	3.505E-2
13.629	8.498E-5	3.506E-2
13.637	3.781E-4	3.489E-2
13.645	5.836E-4	3.463E-2
13.654	6.886E-4	3.429E-2
13.662	6.016E-4	3.392E-2
13.670	3.593E-4	3.354E-2
13.679	3.186E-5	3.323E-2
13.687	-3.793E-4	3.301E-2
13.696	-8.403E-4	3.292E-2
13.704	-1.273E-3	3.297E-2
13.712	-1.610E-3	3.308E-2
13.721	-1.847E-3	3.330E-2
13.729	-1.938E-3	3.357E-2
13.737	-1.855E-3	3.385E-2
13.746	-1.627E-3	3.414E-2
13.754	-1.288E-3	3.438E-2
13.763	-8.271E-4	3.454E-2
13.771	-3.194E-4	3.461E-2
13.779	1.504E-4	3.460E-2
13.788	5.474E-4	3.448E-2
13.796	7.945E-4	3.431E-2
13.804	9.036E-4	3.413E-2
13.813	7.448E-4	3.392E-2
13.821	4.705E-4	3.373E-2
13.830	3.635E-5	3.358E-2
13.838	-4.515E-4	3.346E-2
13.846	-1.013E-3	3.343E-2
13.855	-1.495E-3	3.344E-2
13.863	-1.867E-3	3.349E-2
13.871	-2.087E-3	3.356E-2
13.880	-2.151E-3	3.364E-2
13.888	-2.024E-3	3.376E-2
13.897	-1.717E-3	3.386E-2
13.905	-1.277E-3	3.393E-2
13.913	-7.729E-4	3.398E-2
13.922	-1.966E-4	3.401E-2
13.930	3.144E-4	3.399E-2
13.939	7.424E-4	3.402E-2
13.947	9.821E-4	3.400E-2
13.955	1.017E-3	3.399E-2
13.964	8.331E-4	3.398E-2
13.972	4.868E-4	3.397E-2
13.980	1.758E-5	3.397E-2
13.989	-5.484E-4	3.393E-2
13.997	-1.088E-3	3.389E-2
14.006	-1.541E-3	3.383E-2
14.014	-1.902E-3	3.375E-2
14.022	-2.033E-3	3.365E-2
14.031	-2.009E-3	3.354E-2
14.039	-1.861E-3	3.347E-2
14.047	-1.555E-3	3.340E-2
14.056	-1.093E-3	3.339E-2
14.064	-5.818E-4	3.343E-2
14.073	-7.146E-5	3.351E-2
14.081	3.786E-4	3.362E-2
14.089	7.482E-4	3.381E-2
14.098	9.437E-4	3.397E-2
14.106	9.486E-4	3.417E-2
14.114	7.501E-4	3.435E-2
14.123	3.718E-4	3.447E-2
14.131	-9.669E-5	3.452E-2
14.140	-5.966E-4	3.454E-2
14.148	-1.055E-3	3.442E-2
14.156	-1.462E-3	3.421E-2
14.165	-1.726E-3	3.395E-2
14.173	-1.889E-3	3.368E-2
14.181	-1.851E-3	3.340E-2
14.190	-1.705E-3	3.314E-2
14.198	-1.419E-3	3.300E-2
14.207	-1.035E-3	3.294E-2
14.215	-5.929E-4	3.300E-2
14.223	-1.597E-4	3.314E-2
14.232	2.464E-4	3.344E-2
14.240	5.118E-4	3.377E-2
14.248	6.215E-4	3.414E-2
14.257	5.708E-4	3.449E-2
14.265	3.995E-4	3.481E-2
14.274	9.830E-5	3.502E-2
14.282	-2.218E-4	3.508E-2
14.290	-6.078E-4	3.502E-2
14.299	-9.599E-4	3.481E-2
14.307	-1.257E-3	3.446E-2
14.315	-1.463E-3	3.404E-2
14.324	-1.535E-3	3.357E-2
14.332	-1.510E-3	3.314E-2
14.341	-1.379E-3	3.282E-2
14.349	-1.202E-3	3.259E-2
14.357	-9.427E-4	3.255E-2
14.366	-6.472E-4	3.265E-2
14.374	-3.590E-4	3.292E-2
14.382	-1.244E-4	3.332E-2
14.391	6.366E-5	3.379E-2
14.399	1.492E-4	3.428E-2
14.408	1.343E-4	3.474E-2
14.416	7.215E-5	3.508E-2
14.424	-9.242E-5	3.528E-2
14.433	-2.777E-4	3.530E-2
14.441	-5.073E-4	3.515E-2
14.449	-7.555E-4	3.481E-2
14.458	-8.987E-4	3.437E-2
14.466	-1.043E-3	3.387E-2
14.475	-1.104E-3	3.336E-2
14.483	-1.106E-3	3.292E-2
14.491	-1.082E-3	3.258E-2
14.500	-1.024E-3	3.239E-2
14.508	-9.181E-4	3.238E-2
14.516	-8.215E-4	3.258E-2
14.525	-6.639E-4	3.294E-2
14.533	-5.424E-4	3.343E-2
14.542	-4.003E-4	3.397E-2
14.550	-2.966E-4	3.448E-2
14.558	-1.980E-4	3.492E-2
14.567	-1.488E-4	3.525E-2
14.575	-1.281E-4	3.538E-2
14.583	-1.329E-4	3.531E-2
14.592	-1.567E-4	3.508E-2
14.600	-1.628E-4	3.469E-2
14.609	-3.268E-4	3.419E-2
14.617	-4.025E-4	3.364E-2
14.625	-5.761E-4	3.313E-2
14.634	-6.925E-4	3.269E-2
14.642	-8.528E-4	3.242E-2
14.651	-9.846E-4	3.231E-2
14.659	-1.052E-3	3.239E-2
14.667	-1.087E-3	3.265E-2
14.676	-1.062E-3	3.304E-2
14.684	-1.016E-3	3.352E-2
14.692	-8.814E-4	3.403E-2
14.701	-7.014E-4	3.451E-2
14.709	-5.293E-4	3.491E-2
14.718	-3.279E-4	3.514E-2
14.726	-1.272E-4	3.520E-2
14.734	5.798E-5	3.511E-2
14.743	1.620E-4	3.484E-2
14.751	1.468E-4	3.444E-2
14.759	1.270E-4	3.397E-2
14.768	-1.788E-5	3.349E-2
14.776	-2.696E-4	3.305E-2
14.785	-5.684E-4	3.272E-2
14.793	-8.564E-4	3.256E-2
14.801	-1.124E-3	3.256E-2
14.810	-1.331E-3	3.266E-2
14.818	-1.495E-3	3.291E-2
14.826	-1.537E-3	3.330E-2
14.835	-1.484E-3	3.371E-2
14.843	-1.310E-3	3.413E-2
14.852	-1.051E-3	3.451E-2
14.860	-7.361E-4	3.480E-2
14.868	-3.650E-4	3.495E-2
14.877	1.489E-5	3.500E-2
14.885	3.131E-4	3.486E-2
14.893	5.393E-4	3.462E-2
14.902	6.048E-4	3.429E-2
14.910	5.541E-4	3.394E-2
14.919	3.241E-4	3.358E-2
14.927	2.211E-5	3.327E-2
14.935	-3.724E-4	3.305E-2
14.944	-8.267E-4	3.295E-2
14.952	-1.240E-3	3.298E-2
14.960	-1.550E-3	3.309E-2
14.969	-1.747E-3	3.329E-2
14.977	-1.827E-3	3.353E-2
14.986	-1.759E-3	3.380E-2
14.994	-1.540E-3	3.404E-2
15.002	-1.214E-3	3.429E-2
15.011	-7.873E-4	3.445E-2
15.019	-3.103E-4	3.450E-2
15.027	1.371E-4	3.452E-2
15.036	5.333E-4	3.443E-2
15.044	7.756E-4	3.428E-2
15.053	8.677E-4	3.413E-2
15.061	7.493E-4	3.393E-2
15.069	4.959E-4	3.374E-2
15.078	6.664E-5	3.362E-2
15.086	-4.024E-4	3.353E-2
15.094	-9.320E-4	3.347E-2
15.103	-1.438E-3	3.347E-2
15.111	-1.772E-3	3.349E-2
15.120	-1.972E-3	3.357E-2
15.128	-1.999E-3	3.365E-2
15.136	-1.917E-3	3.375E-2
15.145	-1.655E-3	3.383E-2
15.153	-1.253E-3	3.392E-2
15.161	-7.687E-4	3.395E-2
15.170	-2.221E-4	3.397E-2
15.178	2.879E-4	3.400E-2
15.187	6.990E-4	3.400E-2
15.195	9.509E-4	3.399E-2
15.203	9.959E-4	3.399E-2
15.212	8.209E-4	3.398E-2
15.220	5.091E-4	3.397E-2
15.228	4.832E-5	3.397E-2
15.237	-4.734E-4	3.394E-2
15.245	-1.022E-3	3.391E-2
15.254	-1.477E-3	3.385E-2
15.262	-1.785E-3	3.377E-2
15.270	-1.956E-3	3.366E-2
15.279	-1.954E-3	3.355E-2
15.287	-1.830E-3	3.347E-2
15.296	-1.537E-3	3.340E-2
15.304	-1.103E-3	3.339E-2
15.312	-6.074E-4	3.342E-2
15.321	-1.115E-4	3.349E-2
15.329	3.266E-4	3.361E-2
15.337	6.889E-4	3.379E-2
15.346	8.665E-4	3.396E-2
15.354	8.330E-4	3.416E-2
15.363	6.540E-4	3.434E-2
15.371	2.992E-4	3.445E-2
15.379	-1.308E-4	3.451E-2
15.388	-6.005E-4	3.451E-2
15.396	-1.047E-3	3.442E-2
15.404	-1.438E-3	3.422E-2
15.413	-1.707E-3	3.397E-2
15.421	-1.810E-3	3.369E-2
15.430	-1.862E-3	3.342E-2
15.438	-1.710E-3	3.319E-2
15.446	-1.416E-3	3.302E-2
15.455	-1.072E-3	3.296E-2
15.463	-6.456E-4	3.300E-2
15.471	-2.008E-4	3.317E-2
15.480	1.400E-4	3.343E-2
15.488	3.826E-4	3.374E-2
15.497	5.096E-4	3.410E-2
15.505	5.121E-4	3.443E-2
15.513	3.349E-4	3.472E-2
15.522	8.403E-5	3.492E-2
15.530	-2.155E-4	3.498E-2
15.538	-5.780E-4	3.492E-2
15.547	-8.971E-4	3.473E-2
15.555	-1.168E-3	3.442E-2
15.564	-1.355E-3	3.401E-2
15.572	-1.461E-3	3.358E-2
15.580	-1.468E-3	3.315E-2
15.589	-1.321E-3	3.285E-2
15.597	-1.109E-3	3.263E-2
15.605	-8.533E-4	3.257E-2
15.614	-5.899E-4	3.265E-2
15.622	-3.250E-4	3.288E-2
15.631	-1.050E-4	3.326E-2
15.639	8.015E-5	3.372E-2
15.647	1.479E-4	3.418E-2
15.656	1.434E-4	3.461E-2
15.664	7.962E-5	3.494E-2
15.672	-6.395E-5	3.512E-2
15.681	-2.128E-4	3.512E-2
15.689	-3.928E-4	3.501E-2
15.698	-6.037E-4	3.471E-2
15.706	-7.855E-4	3.434E-2
15.714	-8.957E-4	3.385E-2
15.723	-9.966E-4	3.337E-2
15.731	-1.018E-3	3.294E-2
15.739	-1.024E-3	3.261E-2
15.748	-9.924E-4	3.242E-2
15.756	-8.836E-4	3.240E-2
15.765	-7.836E-4	3.258E-2
15.773	-6.468E-4	3.291E-2
15.781	-5.375E-4	3.340E-2
15.790	-3.894E-4	3.393E-2
15.798	-3.128E-4	3.443E-2
15.806	-1.990E-4	3.485E-2
15.815	-1.418E-4	3.517E-2
15.823	-1.227E-4	3.532E-2
15.832	-1.266E-4	3.531E-2
15.840	-1.316E-4	3.507E-2
15.848	-1.701E-4	3.471E-2
15.857	-3.061E-4	3.422E-2
15.865	-3.848E-4	3.371E-2
15.873	-5.568E-4	3.320E-2
15.882	-6.594E-4	3.280E-2
15.890	-8.091E-4	3.252E-2
15.899	-9.214E-4	3.241E-2
15.907	-1.032E-3	3.248E-2
15.915	-1.057E-3	3.273E-2
15.924	-1.052E-3	3.312E-2
15.932	-1.012E-3	3.356E-2
15.940	-8.865E-4	3.404E-2
15.949	-7.203E-4	3.453E-2
15.957	-5.526E-4	3.490E-2
15.966	-3.464E-4	3.512E-2
15.974	-1.399E-4	3.517E-2
15.982	4.982E-5	3.511E-2
15.991	1.461E-4	3.485E-2
15.999	1.559E-4	3.447E-2
16.008	1.150E-4	3.401E-2
16.016	1.439E-5	3.355E-2
16.024	-1.861E-4	3.312E-2
16.033	-4.102E-4	3.280E-2
16.041	-7.491E-4	3.261E-2
16.049	-1.033E-3	3.257E-2
16.058	-1.267E-3	3.267E-2
16.066	-1.437E-3	3.290E-2
16.075	-1.497E-3	3.325E-2
16.083	-1.468E-3	3.365E-2
16.091	-1.298E-3	3.406E-2
16.100	-1.058E-3	3.443E-2
16.108	-7.455E-4	3.469E-2
16.116	-3.796E-4	3.481E-2
16.125	-4.753E-5	3.484E-2
16.133	2.562E-4	3.473E-2
16.142	4.991E-4	3.453E-2
16.150	5.634E-4	3.424E-2
16.158	5.285E-4	3.389E-2
16.167	3.321E-4	3.356E-2
16.175	4.626E-5	3.327E-2
16.183	-3.535E-4	3.307E-2
16.192	-7.864E-4	3.297E-2
16.200	-1.198E-3	3.298E-2
16.209	-1.519E-3	3.309E-2
16.217	-1.729E-3	3.327E-2
16.225	-1.778E-3	3.351E-2
16.234	-1.724E-3	3.376E-2
16.242	-1.509E-3	3.399E-2
16.250	-1.207E-3	3.421E-2
16.259	-8.032E-4	3.435E-2
16.267	-3.369E-4	3.441E-2
16.276	1.023E-4	3.441E-2
16.284	5.023E-4	3.435E-2
16.292	7.473E-4	3.420E-2
16.301	8.289E-4	3.401E-2
16.309	7.443E-4	3.384E-2
16.317	5.019E-4	3.370E-2
16.326	9.583E-5	3.356E-2
16.334	-3.653E-4	3.348E-2
16.343		3.344E-2
16.351		3.345E-2
16.359		3.349E-2
16.368		3.353E-2
16.376		3.360E-2
16.384		3.371E-2
