#multi:
	mass A	mass B	
t	x	x	
0.000	-3.171E-3	3.404E-2
0.008	-3.202E-3	3.406E-2
0.017	-3.202E-3	3.406E-2
0.025	-3.201E-3	3.406E-2
0.034	-3.201E-3	3.406E-2
0.042	-3.203E-3	3.406E-2
0.050	-3.200E-3	3.406E-2
0.059	-3.204E-3	3.405E-2
0.067	-3.204E-3	3.404E-2
0.075	-3.204E-3	3.405E-2
0.084	-3.205E-3	3.404E-2
0.092	-3.212E-3	3.404E-2
0.101	-3.215E-3	3.403E-2
0.109	-3.217E-3	3.403E-2
0.117	-3.218E-3	3.404E-2
0.126	-3.216E-3	3.404E-2
0.134	-3.213E-3	3.404E-2
0.142	-3.192E-3	3.405E-2
0.151	-3.168E-3	3.406E-2
0.159	-3.145E-3	3.406E-2
0.168	-3.019E-3	3.407E-2
0.176	-2.909E-3	3.406E-2
0.184	-2.716E-3	3.406E-2
0.193	-2.447E-3	3.408E-2
0.201	-2.084E-3	3.407E-2
0.209	-1.582E-3	3.408E-2
0.218	-9.059E-4	3.409E-2
0.226	-1.404E-4	3.410E-2
0.235	6.763E-4	3.422E-2
0.243	1.375E-3	3.430E-2
0.251	1.873E-3	3.443E-2
0.260	2.182E-3	3.455E-2
0.268	2.142E-3	3.470E-2
0.276	1.776E-3	3.484E-2
0.285	1.230E-3	3.496E-2
0.293	4.612E-4	3.498E-2
0.302	-3.091E-4	3.495E-2
0.310	-1.000E-3	3.485E-2
0.318	-1.616E-3	3.470E-2
0.327	-2.025E-3	3.447E-2
0.335	-2.230E-3	3.416E-2
0.343	-2.163E-3	3.390E-2
0.352	-1.880E-3	3.364E-2
0.360	-1.378E-3	3.345E-2
0.369	-7.473E-4	3.337E-2
0.377	-7.421E-6	3.340E-2
0.385	7.006E-4	3.358E-2
0.394	1.299E-3	3.385E-2
0.402	1.727E-3	3.426E-2
0.410	1.889E-3	3.466E-2
0.419	1.791E-3	3.506E-2
0.427	1.483E-3	3.544E-2
0.436	9.779E-4	3.565E-2
0.444	3.795E-4	3.573E-2
0.452	-2.801E-4	3.563E-2
0.461	-8.597E-4	3.540E-2
0.469	-1.346E-3	3.500E-2
0.477	-1.662E-3	3.453E-2
0.486	-1.789E-3	3.399E-2
0.494	-1.711E-3	3.348E-2
0.503	-1.469E-3	3.311E-2
0.511	-1.048E-3	3.286E-2
0.519	-5.505E-4	3.274E-2
0.528	-1.700E-5	3.289E-2
0.536	5.128E-4	3.320E-2
0.544	9.220E-4	3.372E-2
0.553	1.221E-3	3.436E-2
0.561	1.321E-3	3.497E-2
0.570	1.292E-3	3.552E-2
0.578	1.058E-3	3.600E-2
0.586	7.286E-4	3.632E-2
0.595	2.851E-4	3.634E-2
0.603	-1.559E-4	3.613E-2
0.611	-5.323E-4	3.573E-2
0.620	-8.686E-4	3.516E-2
0.628	-1.104E-3	3.448E-2
0.637	-1.177E-3	3.375E-2
0.645	-1.168E-3	3.313E-2
0.653	-1.013E-3	3.266E-2
0.662	-7.648E-4	3.240E-2
0.670	-4.876E-4	3.243E-2
0.678	-2.018E-4	3.270E-2
0.687	1.041E-4	3.318E-2
0.695	3.578E-4	3.386E-2
0.704	5.738E-4	3.460E-2
0.712	6.936E-4	3.532E-2
0.720	7.070E-4	3.592E-2
0.729	6.751E-4	3.636E-2
0.737	5.883E-4	3.658E-2
0.746	4.409E-4	3.655E-2
0.754	2.287E-4	3.622E-2
0.762	1.375E-5	3.571E-2
0.771	-1.702E-4	3.500E-2
0.779	-3.221E-4	3.425E-2
0.787	-4.746E-4	3.346E-2
0.796	-5.530E-4	3.277E-2
0.804	-6.312E-4	3.232E-2
0.813	-6.823E-4	3.215E-2
0.821	-6.612E-4	3.226E-2
0.829	-6.094E-4	3.265E-2
0.838	-5.151E-4	3.323E-2
0.846	-3.610E-4	3.401E-2
0.854	-2.346E-4	3.481E-2
0.863	-3.119E-5	3.549E-2
0.871	1.886E-4	3.606E-2
0.880	3.914E-4	3.642E-2
0.888	5.462E-4	3.658E-2
0.896	6.513E-4	3.640E-2
0.905	6.845E-4	3.598E-2
0.913	6.672E-4	3.540E-2
0.921	5.854E-4	3.472E-2
0.930	4.114E-4	3.400E-2
0.938	1.573E-4	3.328E-2
0.947	-1.666E-4	3.275E-2
0.955	-4.753E-4	3.244E-2
0.963	-7.415E-4	3.239E-2
0.972	-9.674E-4	3.261E-2
0.980	-1.120E-3	3.303E-2
0.988	-1.146E-3	3.364E-2
0.997	-1.099E-3	3.433E-2
1.005	-8.898E-4	3.499E-2
1.014	-5.459E-4	3.560E-2
1.022	-1.892E-4	3.603E-2
1.030	2.400E-4	3.631E-2
1.039	6.553E-4	3.633E-2
1.047	1.018E-3	3.610E-2
1.055	1.251E-3	3.567E-2
1.064	1.336E-3	3.512E-2
1.072	1.253E-3	3.453E-2
1.081	1.003E-3	3.392E-2
1.089	5.530E-4	3.339E-2
1.097	1.029E-5	3.298E-2
1.106	-5.083E-4	3.283E-2
1.114	-1.002E-3	3.290E-2
1.122	-1.395E-3	3.312E-2
1.131	-1.655E-3	3.346E-2
1.139	-1.751E-3	3.391E-2
1.148	-1.645E-3	3.443E-2
1.156	-1.357E-3	3.494E-2
1.164	-9.087E-4	3.536E-2
1.173	-3.364E-4	3.564E-2
1.181	3.049E-4	3.573E-2
1.189	8.812E-4	3.567E-2
1.198	1.384E-3	3.547E-2
1.206	1.734E-3	3.517E-2
1.215	1.828E-3	3.477E-2
1.223	1.714E-3	3.435E-2
1.231	1.335E-3	3.399E-2
1.240	7.973E-4	3.369E-2
1.248	1.032E-4	3.346E-2
1.256	-6.400E-4	3.339E-2
1.265	-1.277E-3	3.340E-2
1.273	-1.782E-3	3.358E-2
1.282	-2.076E-3	3.378E-2
1.290	-2.119E-3	3.404E-2
1.298	-1.983E-3	3.432E-2
1.307	-1.613E-3	3.455E-2
1.315	-1.013E-3	3.474E-2
1.323	-3.136E-4	3.490E-2
1.332	4.268E-4	3.495E-2
1.340	1.125E-3	3.494E-2
1.349	1.683E-3	3.488E-2
1.357	2.010E-3	3.475E-2
1.365	2.052E-3	3.462E-2
1.374	1.830E-3	3.450E-2
1.382	1.371E-3	3.440E-2
1.391	7.036E-4	3.432E-2
1.399	-7.077E-5	3.426E-2
1.407	-8.090E-4	3.425E-2
1.416	-1.506E-3	3.424E-2
1.424	-2.007E-3	3.419E-2
1.432	-2.277E-3	3.422E-2
1.441	-2.298E-3	3.424E-2
1.449	-2.073E-3	3.425E-2
1.458	-1.616E-3	3.426E-2
1.466	-9.793E-4	3.427E-2
1.474	-2.224E-4	3.431E-2
1.483	5.362E-4	3.435E-2
1.491	1.175E-3	3.445E-2
1.499	1.710E-3	3.455E-2
1.508	2.004E-3	3.470E-2
1.516	2.009E-3	3.483E-2
1.525	1.752E-3	3.497E-2
1.533	1.229E-3	3.504E-2
1.541	5.736E-4	3.505E-2
1.550	-1.531E-4	3.500E-2
1.558	-8.846E-4	3.493E-2
1.566	-1.468E-3	3.474E-2
1.575	-1.862E-3	3.450E-2
1.583	-2.066E-3	3.423E-2
1.592	-2.019E-3	3.396E-2
1.600	-1.814E-3	3.375E-2
1.608	-1.372E-3	3.359E-2
1.617	-7.556E-4	3.347E-2
1.625	-7.355E-5	3.345E-2
1.633	6.037E-4	3.361E-2
1.642	1.177E-3	3.385E-2
1.650	1.567E-3	3.422E-2
1.659	1.765E-3	3.462E-2
1.667	1.759E-3	3.504E-2
1.675	1.471E-3	3.540E-2
1.684	9.879E-4	3.563E-2
1.692	4.270E-4	3.571E-2
1.700	-1.969E-4	3.565E-2
1.709	-7.477E-4	3.542E-2
1.717	-1.200E-3	3.504E-2
1.726	-1.531E-3	3.456E-2
1.734	-1.653E-3	3.405E-2
1.742	-1.610E-3	3.356E-2
1.751	-1.397E-3	3.315E-2
1.759	-1.015E-3	3.289E-2
1.767	-5.335E-4	3.278E-2
1.776	-2.398E-5	3.289E-2
1.784	4.696E-4	3.318E-2
1.793	8.629E-4	3.363E-2
1.801	1.142E-3	3.419E-2
1.809	1.289E-3	3.482E-2
1.818	1.261E-3	3.538E-2
1.826	1.089E-3	3.586E-2
1.834	8.075E-4	3.613E-2
1.843	4.301E-4	3.619E-2
1.851	2.557E-5	3.607E-2
1.860	-3.428E-4	3.571E-2
1.868	-6.970E-4	3.517E-2
1.876	-9.156E-4	3.451E-2
1.885	-1.015E-3	3.383E-2
1.893	-9.989E-4	3.319E-2
1.901	-8.899E-4	3.272E-2
1.910	-7.087E-4	3.245E-2
1.918	-4.563E-4	3.243E-2
1.927	-1.871E-4	3.268E-2
1.935	6.409E-5	3.313E-2
1.943	2.824E-4	3.374E-2
1.952	4.721E-4	3.445E-2
1.960	6.020E-4	3.515E-2
1.968	6.631E-4	3.579E-2
1.977	6.621E-4	3.627E-2
1.985	5.687E-4	3.653E-2
1.994	4.539E-4	3.652E-2
2.002	2.578E-4	3.625E-2
2.010	1.137E-4	3.578E-2
2.019	-5.279E-5	3.513E-2
2.027	-2.272E-4	3.439E-2
2.035	-3.740E-4	3.366E-2
2.044	-4.887E-4	3.302E-2
2.052	-5.579E-4	3.258E-2
2.061	-5.997E-4	3.242E-2
2.069	-6.282E-4	3.251E-2
2.077	-6.110E-4	3.281E-2
2.086	-5.106E-4	3.338E-2
2.094	-4.044E-4	3.407E-2
2.103	-2.517E-4	3.477E-2
2.111	-5.456E-5	3.543E-2
2.119	1.474E-4	3.601E-2
2.128	3.647E-4	3.639E-2
2.136	5.438E-4	3.654E-2
2.144	6.575E-4	3.638E-2
2.153	7.018E-4	3.604E-2
2.161	6.902E-4	3.551E-2
2.170	6.159E-4	3.484E-2
2.178	4.450E-4	3.413E-2
2.186	1.906E-4	3.345E-2
2.195	-8.171E-5	3.290E-2
2.203	-3.869E-4	3.258E-2
2.211	-6.890E-4	3.252E-2
2.220	-9.262E-4	3.268E-2
2.228	-1.091E-3	3.306E-2
2.237	-1.130E-3	3.362E-2
2.245	-1.102E-3	3.426E-2
2.253	-9.077E-4	3.489E-2
2.262	-6.317E-4	3.546E-2
2.270	-2.596E-4	3.588E-2
2.278	1.657E-4	3.613E-2
2.287	5.873E-4	3.613E-2
2.295	9.339E-4	3.594E-2
2.304	1.161E-3	3.560E-2
2.312	1.282E-3	3.511E-2
2.320	1.224E-3	3.456E-2
2.329	9.412E-4	3.398E-2
2.337	5.683E-4	3.346E-2
2.345	1.015E-4	3.310E-2
2.354	-4.475E-4	3.293E-2
2.362	-9.294E-4	3.292E-2
2.371	-1.352E-3	3.312E-2
2.379	-1.626E-3	3.343E-2
2.387	-1.682E-3	3.387E-2
2.396	-1.617E-3	3.435E-2
2.404	-1.365E-3	3.479E-2
2.412	-9.342E-4	3.518E-2
2.421	-4.136E-4	3.544E-2
2.429	1.688E-4	3.559E-2
2.438	7.882E-4	3.560E-2
2.446	1.266E-3	3.542E-2
2.454	1.598E-3	3.515E-2
2.463	1.750E-3	3.480E-2
2.471	1.630E-3	3.445E-2
2.479	1.300E-3	3.408E-2
2.488	8.032E-4	3.381E-2
2.496	1.537E-4	3.360E-2
2.505	-4.984E-4	3.355E-2
2.513	-1.116E-3	3.358E-2
2.521	-1.612E-3	3.367E-2
2.530	-1.907E-3	3.385E-2
2.538	-2.003E-3	3.408E-2
2.546	-1.877E-3	3.433E-2
2.555	-1.530E-3	3.454E-2
2.563	-1.000E-3	3.472E-2
2.572	-3.666E-4	3.483E-2
2.580	3.232E-4	3.494E-2
2.588	9.847E-4	3.495E-2
2.597	1.528E-3	3.489E-2
2.605	1.895E-3	3.477E-2
2.613	1.977E-3	3.468E-2
2.622	1.787E-3	3.454E-2
2.630	1.370E-3	3.447E-2
2.639	7.666E-4	3.437E-2
2.647	1.318E-5	3.429E-2
2.655	-7.160E-4	3.425E-2
2.664	-1.363E-3	3.422E-2
2.672	-1.829E-3	3.423E-2
2.680	-2.089E-3	3.424E-2
2.689	-2.122E-3	3.422E-2
2.697	-1.939E-3	3.425E-2
2.706	-1.578E-3	3.424E-2
2.714	-9.785E-4	3.426E-2
2.722	-2.934E-4	3.429E-2
2.731	4.208E-4	3.432E-2
2.739	1.090E-3	3.442E-2
2.747	1.602E-3	3.454E-2
2.756	1.912E-3	3.468E-2
2.764	1.920E-3	3.482E-2
2.773	1.652E-3	3.495E-2
2.781	1.174E-3	3.504E-2
2.789	5.814E-4	3.509E-2
2.798	-1.007E-4	3.513E-2
2.806	-7.582E-4	3.502E-2
2.815	-1.332E-3	3.482E-2
2.823	-1.743E-3	3.457E-2
2.831	-1.963E-3	3.430E-2
2.840	-1.999E-3	3.403E-2
2.848	-1.800E-3	3.379E-2
2.856	-1.391E-3	3.361E-2
2.865	-8.241E-4	3.348E-2
2.873	-2.245E-4	3.356E-2
2.882	4.118E-4	3.366E-2
2.890	9.634E-4	3.389E-2
2.898	1.344E-3	3.424E-2
2.907	1.568E-3	3.464E-2
2.915	1.560E-3	3.503E-2
2.923	1.335E-3	3.537E-2
2.932	9.280E-4	3.562E-2
2.940	4.190E-4	3.571E-2
2.949	-1.507E-4	3.568E-2
2.957	-7.075E-4	3.544E-2
2.965	-1.152E-3	3.511E-2
2.974	-1.438E-3	3.470E-2
2.982	-1.601E-3	3.421E-2
2.990	-1.588E-3	3.374E-2
2.999	-1.392E-3	3.334E-2
3.007	-1.042E-3	3.301E-2
3.016	-6.446E-4	3.291E-2
3.024	-1.847E-4	3.296E-2
3.032	2.608E-4	3.321E-2
3.041	6.536E-4	3.363E-2
3.049	9.406E-4	3.419E-2
3.057	1.082E-3	3.479E-2
3.066	1.092E-3	3.534E-2
3.074	9.210E-4	3.580E-2
3.083	6.580E-4	3.609E-2
3.091	3.535E-4	3.618E-2
3.099	-2.250E-5	3.606E-2
3.108	-3.714E-4	3.569E-2
3.116	-6.973E-4	3.519E-2
3.124	-9.158E-4	3.459E-2
3.133	-9.928E-4	3.394E-2
3.141	-9.875E-4	3.336E-2
3.150	-9.133E-4	3.290E-2
3.158	-7.463E-4	3.263E-2
3.166	-5.026E-4	3.259E-2
3.175	-2.506E-4	3.276E-2
3.183	-1.100E-5	3.315E-2
3.191	2.152E-4	3.369E-2
3.200	4.239E-4	3.437E-2
3.208	5.241E-4	3.503E-2
3.217	6.073E-4	3.564E-2
3.225	6.168E-4	3.611E-2
3.233	5.446E-4	3.634E-2
3.242	4.359E-4	3.634E-2
3.250	2.516E-4	3.612E-2
3.258	1.267E-4	3.566E-2
3.267	-3.519E-5	3.503E-2
3.275	-2.152E-4	3.430E-2
3.284	-3.209E-4	3.361E-2
3.292	-4.440E-4	3.304E-2
3.300	-5.120E-4	3.264E-2
3.309	-5.542E-4	3.243E-2
3.317	-5.390E-4	3.247E-2
3.325	-5.230E-4	3.275E-2
3.334	-4.603E-4	3.323E-2
3.342	-3.536E-4	3.384E-2
3.351	-2.398E-4	3.453E-2
3.359	-6.125E-5	3.523E-2
3.367	1.350E-4	3.579E-2
3.376	3.474E-4	3.618E-2
3.384	5.306E-4	3.631E-2
3.392	6.396E-4	3.625E-2
3.401	7.158E-4	3.594E-2
3.409	6.989E-4	3.542E-2
3.418	6.354E-4	3.478E-2
3.426	4.735E-4	3.409E-2
3.434	2.252E-4	3.346E-2
3.443	-3.984E-5	3.296E-2
3.451	-3.141E-4	3.263E-2
3.459	-6.061E-4	3.252E-2
3.468	-8.761E-4	3.265E-2
3.476	-1.019E-3	3.301E-2
3.485	-1.086E-3	3.350E-2
3.493	-1.044E-3	3.409E-2
3.501	-9.005E-4	3.469E-2
3.510	-6.439E-4	3.525E-2
3.518	-2.790E-4	3.569E-2
3.527	1.253E-4	3.594E-2
3.535	5.216E-4	3.600E-2
3.543	8.637E-4	3.588E-2
3.552	1.107E-3	3.554E-2
3.560	1.254E-3	3.512E-2
3.568	1.206E-3	3.459E-2
3.577	9.780E-4	3.401E-2
3.585	6.246E-4	3.355E-2
3.594	1.819E-4	3.320E-2
3.602	-3.030E-4	3.300E-2
3.610	-7.703E-4	3.296E-2
3.619	-1.177E-3	3.312E-2
3.627	-1.447E-3	3.341E-2
3.635	-1.575E-3	3.382E-2
3.644	-1.530E-3	3.426E-2
3.652	-1.328E-3	3.468E-2
3.661	-9.300E-4	3.509E-2
3.669	-4.370E-4	3.539E-2
3.677	1.394E-4	3.553E-2
3.686	7.119E-4	3.555E-2
3.694	1.176E-3	3.542E-2
3.702	1.532E-3	3.517E-2
3.711	1.692E-3	3.488E-2
3.719	1.574E-3	3.451E-2
3.728	1.289E-3	3.416E-2
3.736	8.230E-4	3.390E-2
3.744	2.226E-4	3.371E-2
3.753	-4.132E-4	3.364E-2
3.761	-1.003E-3	3.363E-2
3.769	-1.490E-3	3.375E-2
3.778	-1.836E-3	3.392E-2
3.786	-1.920E-3	3.411E-2
3.795	-1.818E-3	3.431E-2
3.803	-1.537E-3	3.451E-2
3.811	-1.068E-3	3.470E-2
3.820	-4.731E-4	3.479E-2
3.828	2.085E-4	3.482E-2
3.836	8.747E-4	3.481E-2
3.845	1.397E-3	3.476E-2
3.853	1.767E-3	3.469E-2
3.862	1.886E-3	3.459E-2
3.870	1.747E-3	3.448E-2
3.878	1.364E-3	3.440E-2
3.887	8.074E-4	3.435E-2
3.895	1.242E-4	3.428E-2
3.903	-5.213E-4	3.424E-2
3.912	-1.148E-3	3.419E-2
3.920	-1.627E-3	3.419E-2
3.929	-1.910E-3	3.421E-2
3.937	-1.914E-3	3.415E-2
3.945	-1.809E-3	3.416E-2
3.954	-1.442E-3	3.418E-2
3.962	-9.114E-4	3.421E-2
3.970	-2.675E-4	3.425E-2
3.979	4.160E-4	3.428E-2
3.987	1.068E-3	3.436E-2
3.996	1.566E-3	3.449E-2
4.004	1.866E-3	3.459E-2
4.012	1.897E-3	3.474E-2
4.021	1.700E-3	3.488E-2
4.029	1.302E-3	3.500E-2
4.037	7.357E-4	3.503E-2
4.046	5.451E-5	3.501E-2
4.054	-5.743E-4	3.495E-2
4.063	-1.158E-3	3.477E-2
4.071	-1.580E-3	3.454E-2
4.079	-1.818E-3	3.429E-2
4.088	-1.827E-3	3.401E-2
4.096	-1.656E-3	3.378E-2
4.104	-1.300E-3	3.360E-2
4.113	-7.858E-4	3.347E-2
4.121	-2.066E-4	3.354E-2
4.130	3.964E-4	3.364E-2
4.138	9.290E-4	3.386E-2
4.146	1.336E-3	3.418E-2
4.155	1.558E-3	3.455E-2
4.163	1.561E-3	3.494E-2
4.172	1.363E-3	3.527E-2
4.180	1.001E-3	3.550E-2
4.188	4.881E-4	3.562E-2
4.197	-4.356E-5	3.560E-2
4.205	-5.353E-4	3.542E-2
4.213	-9.571E-4	3.512E-2
4.222	-1.288E-3	3.472E-2
4.230	-1.434E-3	3.424E-2
4.239	-1.420E-3	3.378E-2
4.247	-1.284E-3	3.338E-2
4.255	-9.791E-4	3.309E-2
4.264	-5.909E-4	3.295E-2
4.272	-1.826E-4	3.298E-2
4.280	2.344E-4	3.320E-2
4.289	6.324E-4	3.361E-2
4.297	9.089E-4	3.412E-2
4.306	1.067E-3	3.467E-2
4.314	1.084E-3	3.520E-2
4.322	9.512E-4	3.564E-2
4.331	6.962E-4	3.593E-2
4.339	4.054E-4	3.605E-2
4.347	3.157E-5	3.593E-2
4.356	-2.884E-4	3.562E-2
4.364	-5.475E-4	3.516E-2
4.373	-7.501E-4	3.462E-2
4.381	-8.839E-4	3.403E-2
4.389	-9.145E-4	3.343E-2
4.398	-8.916E-4	3.293E-2
4.406	-7.156E-4	3.267E-2
4.414	-5.031E-4	3.259E-2
4.423	-2.725E-4	3.273E-2
4.431	-3.706E-5	3.311E-2
4.440	1.898E-4	3.366E-2
4.448	3.851E-4	3.431E-2
4.456	4.905E-4	3.495E-2
4.465	5.692E-4	3.550E-2
4.473	5.958E-4	3.594E-2
4.481	5.623E-4	3.622E-2
4.490	4.473E-4	3.627E-2
4.498	3.083E-4	3.608E-2
4.507	1.652E-4	3.565E-2
4.515	-1.233E-6	3.509E-2
4.523	-1.516E-4	3.448E-2
4.532	-2.810E-4	3.381E-2
4.540	-4.147E-4	3.319E-2
4.548	-4.982E-4	3.274E-2
4.557	-5.345E-4	3.251E-2
4.565	-5.545E-4	3.250E-2
4.574	-5.301E-4	3.273E-2
4.582	-4.798E-4	3.317E-2
4.590	-4.027E-4	3.378E-2
4.599	-2.697E-4	3.447E-2
4.607	-8.229E-5	3.512E-2
4.615	9.587E-5	3.567E-2
4.624	2.477E-4	3.605E-2
4.632	4.397E-4	3.625E-2
4.641	5.826E-4	3.619E-2
4.649	6.758E-4	3.593E-2
4.657	6.744E-4	3.545E-2
4.666	6.394E-4	3.487E-2
4.674	4.809E-4	3.426E-2
4.682	2.394E-4	3.365E-2
4.691	-1.978E-5	3.315E-2
4.699	-2.852E-4	3.279E-2
4.708	-5.482E-4	3.271E-2
4.716	-7.770E-4	3.278E-2
4.724	-9.399E-4	3.307E-2
4.733	-1.018E-3	3.354E-2
4.741	-9.660E-4	3.411E-2
4.749	-7.997E-4	3.468E-2
4.758	-5.491E-4	3.523E-2
4.766	-2.362E-4	3.563E-2
4.775	1.349E-4	3.588E-2
4.783	5.433E-4	3.594E-2
4.791	8.568E-4	3.584E-2
4.800	1.110E-3	3.553E-2
4.808	1.252E-3	3.514E-2
4.816	1.255E-3	3.464E-2
4.825	1.071E-3	3.414E-2
4.833	7.664E-4	3.366E-2
4.842	3.094E-4	3.332E-2
4.850	-2.024E-4	3.313E-2
4.858	-6.874E-4	3.313E-2
4.867	-1.094E-3	3.321E-2
4.875	-1.385E-3	3.347E-2
4.884	-1.539E-3	3.385E-2
4.892	-1.506E-3	3.427E-2
4.900	-1.336E-3	3.469E-2
4.909	-9.591E-4	3.505E-2
4.917	-4.780E-4	3.531E-2
4.925	3.769E-5	3.544E-2
4.934	5.959E-4	3.544E-2
4.942	1.083E-3	3.536E-2
4.951	1.436E-3	3.515E-2
4.959	1.575E-3	3.485E-2
4.967	1.547E-3	3.454E-2
4.976	1.284E-3	3.423E-2
4.984	8.627E-4	3.400E-2
4.992	2.885E-4	3.382E-2
5.001	-3.547E-4	3.369E-2
5.009	-9.392E-4	3.366E-2
5.018	-1.411E-3	3.378E-2
5.026	-1.738E-3	3.390E-2
5.034	-1.862E-3	3.408E-2
5.043	-1.805E-3	3.428E-2
5.051	-1.551E-3	3.449E-2
5.059	-1.096E-3	3.467E-2
5.068	-5.129E-4	3.477E-2
5.076	1.215E-4	3.481E-2
5.085	7.749E-4	3.479E-2
5.093	1.281E-3	3.474E-2
5.101	1.645E-3	3.470E-2
5.110	1.777E-3	3.460E-2
5.118	1.682E-3	3.450E-2
5.126	1.318E-3	3.443E-2
5.135	8.123E-4	3.437E-2
5.143	1.962E-4	3.430E-2
5.152	-4.573E-4	3.425E-2
5.160	-1.076E-3	3.426E-2
5.168	-1.585E-3	3.421E-2
5.177	-1.869E-3	3.415E-2
5.185	-1.921E-3	3.409E-2
5.193	-1.816E-3	3.406E-2
5.202	-1.465E-3	3.405E-2
5.210	-9.535E-4	3.405E-2
5.219	-3.493E-4	3.405E-2
5.227	2.706E-4	3.409E-2
5.235	8.764E-4	3.415E-2
5.244	1.360E-3	3.431E-2
5.252	1.677E-3	3.445E-2
5.260	1.746E-3	3.460E-2
5.269	1.578E-3	3.474E-2
5.277	1.213E-3	3.487E-2
5.286	6.664E-4	3.495E-2
5.294	4.825E-5	3.496E-2
5.302	-5.512E-4	3.491E-2
5.311	-1.080E-3	3.474E-2
5.319	-1.517E-3	3.453E-2
5.327	-1.755E-3	3.428E-2
5.336	-1.820E-3	3.402E-2
5.344	-1.652E-3	3.379E-2
5.353	-1.339E-3	3.359E-2
5.361	-8.656E-4	3.348E-2
5.369	-3.008E-4	3.352E-2
5.378	2.613E-4	3.362E-2
5.386	7.845E-4	3.383E-2
5.394	1.130E-3	3.410E-2
5.403	1.356E-3	3.448E-2
5.411	1.372E-3	3.485E-2
5.420	1.253E-3	3.520E-2
5.428	9.088E-4	3.544E-2
5.436	4.655E-4	3.557E-2
5.445	-2.472E-5	3.559E-2
5.453	-4.920E-4	3.543E-2
5.461	-9.258E-4	3.516E-2
5.470	-1.212E-3	3.474E-2
5.478	-1.378E-3	3.429E-2
5.487	-1.394E-3	3.383E-2
5.495	-1.256E-3	3.342E-2
5.503	-1.000E-3	3.315E-2
5.512	-6.501E-4	3.297E-2
5.520	-2.424E-4	3.297E-2
5.528	1.791E-4	3.319E-2
5.537	5.572E-4	3.358E-2
5.545	8.243E-4	3.405E-2
5.554	9.752E-4	3.456E-2
5.562	9.752E-4	3.508E-2
5.570	8.606E-4	3.557E-2
5.579	6.477E-4	3.588E-2
5.587	3.967E-4	3.599E-2
5.596	6.299E-5	3.593E-2
5.604	-2.506E-4	3.565E-2
5.612	-5.088E-4	3.521E-2
5.621	-7.245E-4	3.467E-2
5.629	-8.565E-4	3.407E-2
5.637	-8.918E-4	3.351E-2
5.646	-8.673E-4	3.308E-2
5.654	-7.292E-4	3.277E-2
5.663	-5.260E-4	3.268E-2
5.671	-2.991E-4	3.278E-2
5.679	-6.615E-5	3.312E-2
5.688	1.430E-4	3.361E-2
5.696	3.150E-4	3.420E-2
5.704	4.366E-4	3.485E-2
5.713	4.755E-4	3.542E-2
5.721	4.759E-4	3.588E-2
5.730	4.664E-4	3.614E-2
5.738	4.093E-4	3.617E-2
5.746	2.816E-4	3.599E-2
5.755	1.634E-4	3.564E-2
5.763	3.150E-6	3.512E-2
5.771	-1.031E-4	3.452E-2
5.780	-2.345E-4	3.388E-2
5.788	-3.390E-4	3.327E-2
5.797	-4.464E-4	3.289E-2
5.805	-4.962E-4	3.267E-2
5.813	-5.216E-4	3.268E-2
5.822	-5.132E-4	3.288E-2
5.830	-4.935E-4	3.331E-2
5.838	-4.062E-4	3.386E-2
5.847	-2.797E-4	3.448E-2
5.855	-1.060E-4	3.507E-2
5.864	5.493E-5	3.561E-2
5.872	2.304E-4	3.600E-2
5.880	4.226E-4	3.619E-2
5.889	5.626E-4	3.613E-2
5.897	6.466E-4	3.588E-2
5.905	6.673E-4	3.547E-2
5.914	6.354E-4	3.492E-2
5.922	4.890E-4	3.434E-2
5.931	2.776E-4	3.373E-2
5.939	1.510E-5	3.323E-2
5.947	-2.600E-4	3.291E-2
5.956	-5.141E-4	3.277E-2
5.964	-7.441E-4	3.282E-2
5.972	-9.230E-4	3.312E-2
5.981	-9.958E-4	3.356E-2
5.989	-9.653E-4	3.407E-2
5.998	-8.288E-4	3.460E-2
6.006	-6.320E-4	3.509E-2
6.014	-3.176E-4	3.549E-2
6.023	2.923E-5	3.578E-2
6.031	4.229E-4	3.587E-2
6.039	7.452E-4	3.576E-2
6.048	1.002E-3	3.552E-2
6.056	1.110E-3	3.517E-2
6.065	1.109E-3	3.471E-2
6.073	9.358E-4	3.424E-2
6.081	6.480E-4	3.379E-2
6.090	2.327E-4	3.344E-2
6.098	-2.308E-4	3.320E-2
6.106	-6.798E-4	3.316E-2
6.115	-1.085E-3	3.323E-2
6.123	-1.382E-3	3.345E-2
6.132	-1.517E-3	3.379E-2
6.140	-1.530E-3	3.421E-2
6.148	-1.353E-3	3.459E-2
6.157	-9.955E-4	3.493E-2
6.165	-5.335E-4	3.518E-2
6.173	-2.353E-5	3.534E-2
6.182	4.928E-4	3.538E-2
6.190	9.485E-4	3.526E-2
6.199	1.314E-3	3.505E-2
6.207	1.507E-3	3.476E-2
6.215	1.499E-3	3.449E-2
6.224	1.285E-3	3.421E-2
6.232	8.759E-4	3.397E-2
6.240	3.590E-4	3.381E-2
6.249	-2.237E-4	3.369E-2
6.257	-7.784E-4	3.366E-2
6.266	-1.238E-3	3.371E-2
6.274	-1.561E-3	3.388E-2
6.282	-1.698E-3	3.405E-2
6.291	-1.638E-3	3.425E-2
6.299	-1.400E-3	3.445E-2
6.308	-9.699E-4	3.459E-2
6.316	-4.358E-4	3.470E-2
6.324	1.459E-4	3.475E-2
6.333	7.631E-4	3.475E-2
6.341	1.264E-3	3.474E-2
6.349	1.635E-3	3.468E-2
6.358	1.764E-3	3.460E-2
6.366	1.706E-3	3.451E-2
6.375	1.408E-3	3.446E-2
6.383	9.126E-4	3.441E-2
6.391	3.268E-4	3.441E-2
6.400	-3.288E-4	3.434E-2
6.408	-9.081E-4	3.428E-2
6.416	-1.389E-3	3.425E-2
6.425	-1.671E-3	3.423E-2
6.433	-1.779E-3	3.419E-2
6.442	-1.679E-3	3.419E-2
6.450	-1.397E-3	3.421E-2
6.458	-9.285E-4	3.418E-2
6.467	-3.594E-4	3.421E-2
6.475	2.239E-4	3.425E-2
6.483	8.182E-4	3.432E-2
6.492	1.305E-3	3.446E-2
6.500	1.624E-3	3.456E-2
6.509	1.723E-3	3.473E-2
6.517	1.587E-3	3.485E-2
6.525	1.262E-3	3.499E-2
6.534	8.005E-4	3.505E-2
6.542	2.130E-4	3.503E-2
6.550	-3.657E-4	3.497E-2
6.559	-9.179E-4	3.480E-2
6.567	-1.335E-3	3.459E-2
6.576	-1.580E-3	3.433E-2
6.584	-1.641E-3	3.406E-2
6.592	-1.536E-3	3.382E-2
6.601	-1.225E-3	3.361E-2
6.609	-7.652E-4	3.350E-2
6.617	-2.445E-4	3.352E-2
6.626	2.853E-4	3.361E-2
6.634	7.574E-4	3.381E-2
6.643	1.122E-3	3.408E-2
6.651	1.350E-3	3.445E-2
6.659	1.383E-3	3.479E-2
6.668	1.263E-3	3.514E-2
6.676	9.618E-4	3.540E-2
6.684	5.525E-4	3.554E-2
6.693	4.490E-5	3.558E-2
6.701	-4.302E-4	3.545E-2
6.710	-8.475E-4	3.517E-2
6.718	-1.169E-3	3.477E-2
6.726	-1.325E-3	3.434E-2
6.735	-1.367E-3	3.389E-2
6.743	-1.223E-3	3.349E-2
6.751	-9.711E-4	3.320E-2
6.760	-6.492E-4	3.308E-2
6.768	-2.645E-4	3.311E-2
6.777	1.391E-4	3.329E-2
6.785	4.763E-4	3.363E-2
6.793	7.271E-4	3.408E-2
6.802	8.851E-4	3.457E-2
6.810	9.038E-4	3.506E-2
6.818	8.466E-4	3.551E-2
6.827	6.583E-4	3.585E-2
6.835	4.208E-4	3.595E-2
6.844	1.161E-4	3.589E-2
6.852	-1.786E-4	3.565E-2
6.860	-4.571E-4	3.523E-2
6.869	-6.789E-4	3.471E-2
6.877	-7.689E-4	3.416E-2
6.885	-7.941E-4	3.365E-2
6.894	-7.798E-4	3.318E-2
6.902	-6.762E-4	3.289E-2
6.911	-5.000E-4	3.275E-2
6.919	-2.995E-4	3.287E-2
6.927	-8.116E-5	3.316E-2
6.936	1.292E-4	3.361E-2
6.944	2.750E-4	3.417E-2
6.953	4.149E-4	3.479E-2
6.961	4.749E-4	3.534E-2
6.969	4.759E-4	3.578E-2
6.978	4.578E-4	3.609E-2
6.986	4.196E-4	3.613E-2
6.994	2.993E-4	3.601E-2
7.003	1.809E-4	3.567E-2
7.011	3.258E-5	3.517E-2
7.020	-7.686E-5	3.457E-2
7.028	-2.167E-4	3.396E-2
7.036	-3.068E-4	3.343E-2
7.045	-4.178E-4	3.297E-2
7.053	-4.887E-4	3.272E-2
7.061	-5.223E-4	3.271E-2
7.070	-5.089E-4	3.289E-2
7.078	-4.830E-4	3.325E-2
7.087	-4.349E-4	3.380E-2
7.095	-3.034E-4	3.437E-2
7.103	-1.702E-4	3.494E-2
7.112	-1.307E-5	3.546E-2
7.120	1.799E-4	3.585E-2
7.128	3.763E-4	3.605E-2
7.137	5.151E-4	3.605E-2
7.145	6.180E-4	3.586E-2
7.154	6.643E-4	3.545E-2
7.162	6.317E-4	3.494E-2
7.170	4.996E-4	3.439E-2
7.179	3.120E-4	3.383E-2
7.187	4.827E-5	3.337E-2
7.195	-2.330E-4	3.303E-2
7.204	-4.885E-4	3.292E-2
7.212	-7.247E-4	3.296E-2
7.221	-9.098E-4	3.319E-2
7.229	-9.787E-4	3.358E-2
7.237	-9.590E-4	3.406E-2
7.246	-8.690E-4	3.455E-2
7.254	-6.680E-4	3.501E-2
7.262	-3.808E-4	3.542E-2
7.271	-3.193E-5	3.567E-2
7.279	3.480E-4	3.579E-2
7.288	6.802E-4	3.569E-2
7.296	9.189E-4	3.545E-2
7.304	1.079E-3	3.512E-2
7.313	1.096E-3	3.470E-2
7.321	9.532E-4	3.424E-2
7.329	6.634E-4	3.382E-2
7.338	2.749E-4	3.348E-2
7.346	-1.732E-4	3.332E-2
7.355	-6.145E-4	3.326E-2
7.363	-9.944E-4	3.338E-2
7.371	-1.283E-3	3.360E-2
7.380	-1.443E-3	3.389E-2
7.388	-1.417E-3	3.424E-2
7.396	-1.263E-3	3.459E-2
7.405	-9.682E-4	3.493E-2
7.413	-5.332E-4	3.518E-2
7.422	-4.719E-5	3.536E-2
7.430	4.615E-4	3.539E-2
7.438	9.155E-4	3.532E-2
7.447	1.283E-3	3.516E-2
7.455	1.467E-3	3.493E-2
7.463	1.415E-3	3.464E-2
7.472	1.239E-3	3.436E-2
7.480	8.367E-4	3.410E-2
7.489	3.462E-4	3.391E-2
7.497	-2.142E-4	3.382E-2
7.505	-7.398E-4	3.381E-2
7.514	-1.193E-3	3.385E-2
7.522	-1.532E-3	3.396E-2
7.530	-1.673E-3	3.412E-2
7.539	-1.644E-3	3.429E-2
7.547	-1.414E-3	3.448E-2
7.556	-1.016E-3	3.458E-2
7.564	-5.078E-4	3.471E-2
7.572	5.810E-5	3.476E-2
7.581	6.359E-4	3.475E-2
7.589	1.138E-3	3.474E-2
7.597	1.505E-3	3.471E-2
7.606	1.689E-3	3.467E-2
7.614	1.589E-3	3.457E-2
7.623	1.337E-3	3.450E-2
7.631	8.854E-4	3.447E-2
7.639	3.204E-4	3.445E-2
7.648	-2.893E-4	3.440E-2
7.656	-8.373E-4	3.437E-2
7.665	-1.331E-3	3.430E-2
7.673	-1.633E-3	3.427E-2
7.681	-1.740E-3	3.426E-2
7.690	-1.715E-3	3.420E-2
7.698	-1.429E-3	3.416E-2
7.706	-9.880E-4	3.417E-2
7.715	-4.590E-4	3.420E-2
7.723	1.185E-4	3.427E-2
7.732	7.035E-4	3.431E-2
7.740	1.151E-3	3.442E-2
7.748	1.480E-3	3.455E-2
7.757	1.591E-3	3.471E-2
7.765	1.504E-3	3.483E-2
7.773	1.205E-3	3.498E-2
7.782	7.370E-4	3.505E-2
7.790	1.843E-4	3.503E-2
7.799	-3.760E-4	3.497E-2
7.807	-8.897E-4	3.482E-2
7.815	-1.293E-3	3.462E-2
7.824	-1.557E-3	3.444E-2
7.832	-1.634E-3	3.418E-2
7.840	-1.505E-3	3.397E-2
7.849	-1.236E-3	3.379E-2
7.857	-8.334E-4	3.366E-2
7.866	-3.610E-4	3.361E-2
7.874	1.283E-4	3.365E-2
7.882	6.242E-4	3.385E-2
7.891	1.022E-3	3.410E-2
7.899	1.278E-3	3.446E-2
7.907	1.338E-3	3.477E-2
7.916	1.232E-3	3.510E-2
7.924	9.267E-4	3.539E-2
7.933	5.448E-4	3.554E-2
7.941	6.076E-5	3.555E-2
7.949	-3.956E-4	3.545E-2
7.958	-7.664E-4	3.520E-2
7.966	-1.044E-3	3.483E-2
7.974	-1.209E-3	3.446E-2
7.983	-1.236E-3	3.403E-2
7.991	-1.142E-3	3.363E-2
8.000	-9.344E-4	3.334E-2
8.008	-6.472E-4	3.318E-2
8.016	-2.760E-4	3.317E-2
8.025	7.672E-5	3.335E-2
8.033	4.099E-4	3.365E-2
8.041	6.665E-4	3.407E-2
8.050	8.452E-4	3.455E-2
8.058	8.923E-4	3.500E-2
8.067	8.314E-4	3.542E-2
8.075	6.711E-4	3.570E-2
8.083	4.339E-4	3.586E-2
8.092	1.608E-4	3.585E-2
8.100	-1.123E-4	3.561E-2
8.108	-3.376E-4	3.522E-2
8.117	-5.251E-4	3.475E-2
8.125	-6.632E-4	3.424E-2
8.134	-7.230E-4	3.369E-2
8.142	-7.153E-4	3.320E-2
8.150	-6.319E-4	3.291E-2
8.159	-4.759E-4	3.279E-2
8.167	-2.845E-4	3.291E-2
8.175	-8.851E-5	3.316E-2
8.184	9.408E-5	3.360E-2
8.192	2.285E-4	3.413E-2
8.201	3.757E-4	3.469E-2
8.209	4.602E-4	3.523E-2
8.217	4.627E-4	3.565E-2
8.226	4.539E-4	3.590E-2
8.234	4.168E-4	3.600E-2
8.242	3.175E-4	3.590E-2
8.251	1.946E-4	3.560E-2
8.259	6.905E-5	3.514E-2
8.268	-5.235E-5	3.460E-2
8.276	-1.861E-4	3.402E-2
8.284	-2.858E-4	3.350E-2
8.293	-4.045E-4	3.309E-2
8.301	-4.813E-4	3.286E-2
8.309	-5.112E-4	3.284E-2
8.318	-5.125E-4	3.297E-2
8.326	-4.937E-4	3.332E-2
8.335	-4.485E-4	3.380E-2
8.343	-3.218E-4	3.436E-2
8.351	-2.036E-4	3.492E-2
8.360	-2.560E-5	3.541E-2
8.368	1.644E-4	3.576E-2
8.377	3.464E-4	3.599E-2
8.385	4.920E-4	3.604E-2
8.393	5.970E-4	3.587E-2
8.402	6.356E-4	3.549E-2
8.410	6.392E-4	3.498E-2
8.418	5.251E-4	3.445E-2
8.427	3.632E-4	3.394E-2
8.435	1.464E-4	3.349E-2
8.444	-1.031E-4	3.318E-2
8.452	-3.367E-4	3.299E-2
8.460	-5.514E-4	3.301E-2
8.469	-7.392E-4	3.319E-2
8.477	-8.146E-4	3.355E-2
8.485	-8.591E-4	3.400E-2
8.494	-7.628E-4	3.451E-2
8.502	-5.586E-4	3.497E-2
8.511	-2.783E-4	3.537E-2
8.519	5.854E-5	3.563E-2
8.527	3.906E-4	3.571E-2
8.536	7.121E-4	3.565E-2
8.544	9.549E-4	3.544E-2
8.552	1.089E-3	3.512E-2
8.561	1.093E-3	3.473E-2
8.569	9.985E-4	3.429E-2
8.578	7.197E-4	3.388E-2
8.586	3.800E-4	3.357E-2
8.594	-4.683E-5	3.336E-2
8.603	-4.699E-4	3.332E-2
8.611	-8.588E-4	3.338E-2
8.619	-1.152E-3	3.359E-2
8.628	-1.339E-3	3.385E-2
8.636	-1.358E-3	3.419E-2
8.645	-1.201E-3	3.454E-2
8.653	-9.290E-4	3.487E-2
8.661	-5.211E-4	3.514E-2
8.670	-5.378E-5	3.527E-2
8.678	4.418E-4	3.528E-2
8.686	8.769E-4	3.520E-2
8.695	1.225E-3	3.501E-2
8.703	1.374E-3	3.477E-2
8.712	1.365E-3	3.451E-2
8.720	1.199E-3	3.426E-2
8.728	8.494E-4	3.404E-2
8.737	4.025E-4	3.386E-2
8.745	-1.244E-4	3.378E-2
8.753	-6.742E-4	3.377E-2
8.762	-1.135E-3	3.380E-2
8.770	-1.450E-3	3.396E-2
8.779	-1.610E-3	3.409E-2
8.787	-1.606E-3	3.426E-2
8.795	-1.396E-3	3.445E-2
8.804	-1.053E-3	3.455E-2
8.812	-5.611E-4	3.468E-2
8.820	-2.036E-5	3.475E-2
8.829	5.343E-4	3.475E-2
8.837	9.933E-4	3.474E-2
8.846	1.330E-3	3.471E-2
8.854	1.524E-3	3.465E-2
8.862	1.529E-3	3.459E-2
8.871	1.281E-3	3.451E-2
8.879	8.782E-4	3.448E-2
8.887	3.631E-4	3.445E-2
8.896	-1.920E-4	3.443E-2
8.904	-7.479E-4	3.440E-2
8.913	-1.192E-3	3.441E-2
8.921	-1.495E-3	3.434E-2
8.929	-1.642E-3	3.428E-2
8.938	-1.594E-3	3.426E-2
8.946	-1.370E-3	3.422E-2
8.954	-9.685E-4	3.422E-2
8.963	-4.628E-4	3.423E-2
8.971	8.877E-5	3.424E-2
8.980	6.232E-4	3.432E-2
8.988	1.087E-3	3.442E-2
8.996	1.391E-3	3.454E-2
9.005	1.516E-3	3.470E-2
9.013	1.445E-3	3.482E-2
9.021	1.135E-3	3.495E-2
9.030	7.154E-4	3.501E-2
9.038	2.072E-4	3.501E-2
9.047	-3.025E-4	3.496E-2
9.055	-7.717E-4	3.484E-2
9.063	-1.157E-3	3.471E-2
9.072	-1.407E-3	3.449E-2
9.080	-1.474E-3	3.425E-2
9.089	-1.409E-3	3.402E-2
9.097	-1.165E-3	3.384E-2
9.105	-7.862E-4	3.367E-2
9.114	-3.248E-4	3.361E-2
9.122	1.789E-4	3.366E-2
9.130	6.394E-4	3.384E-2
9.139	1.014E-3	3.408E-2
9.147	1.205E-3	3.439E-2
9.156	1.273E-3	3.474E-2
9.164	1.177E-3	3.503E-2
9.172	9.201E-4	3.527E-2
9.181	5.678E-4	3.541E-2
9.189	1.786E-4	3.543E-2
9.197	-2.322E-4	3.534E-2
9.206	-6.250E-4	3.513E-2
9.214	-9.248E-4	3.480E-2
9.223	-1.119E-3	3.440E-2
9.231	-1.142E-3	3.401E-2
9.239	-1.117E-3	3.363E-2
9.248	-9.157E-4	3.335E-2
9.256	-6.520E-4	3.318E-2
9.264	-3.005E-4	3.316E-2
9.273	3.672E-5	3.333E-2
9.281	3.873E-4	3.362E-2
9.290	6.418E-4	3.403E-2
9.298	8.056E-4	3.448E-2
9.306	8.310E-4	3.494E-2
9.315	8.275E-4	3.536E-2
9.323	6.816E-4	3.566E-2
9.331	4.579E-4	3.582E-2
9.340	1.912E-4	3.581E-2
9.348	-6.252E-5	3.564E-2
9.357	-2.927E-4	3.526E-2
9.365	-4.761E-4	3.480E-2
9.373	-6.134E-4	3.427E-2
9.382	-6.730E-4	3.377E-2
9.390	-6.847E-4	3.334E-2
9.398	-6.171E-4	3.305E-2
9.407	-4.899E-4	3.294E-2
9.415	-3.078E-4	3.296E-2
9.424	-1.294E-4	3.319E-2
9.432	5.738E-6	3.361E-2
9.440	1.812E-4	3.411E-2
9.449	2.838E-4	3.463E-2
9.457	3.903E-4	3.516E-2
9.465	4.285E-4	3.558E-2
9.474	4.265E-4	3.588E-2
9.482	4.217E-4	3.596E-2
9.491	3.002E-4	3.586E-2
9.499	1.929E-4	3.557E-2
9.507	9.329E-5	3.516E-2
9.516	-4.108E-5	3.465E-2
9.524	-1.689E-4	3.410E-2
9.532	-2.812E-4	3.357E-2
9.541	-3.822E-4	3.314E-2
9.549	-4.714E-4	3.292E-2
9.558	-5.070E-4	3.288E-2
9.566	-5.112E-4	3.298E-2
9.574	-4.987E-4	3.332E-2
9.583	-4.574E-4	3.378E-2
9.591	-3.408E-4	3.432E-2
9.599	-2.474E-4	3.484E-2
9.608	-6.839E-5	3.532E-2
9.616	1.164E-4	3.568E-2
9.625	2.716E-4	3.589E-2
9.633	4.356E-4	3.588E-2
9.641	5.450E-4	3.570E-2
9.650	5.899E-4	3.538E-2
9.658	5.943E-4	3.495E-2
9.666	4.917E-4	3.447E-2
9.675	3.540E-4	3.397E-2
9.683	1.452E-4	3.354E-2
9.692	-8.586E-5	3.319E-2
9.700	-3.289E-4	3.304E-2
9.708	-5.381E-4	3.309E-2
9.717	-7.236E-4	3.324E-2
9.725	-8.161E-4	3.358E-2
9.734	-8.680E-4	3.401E-2
9.742	-7.791E-4	3.449E-2
9.750	-5.785E-4	3.493E-2
9.759	-3.342E-4	3.530E-2
9.767	-2.187E-5	3.557E-2
9.775	3.090E-4	3.570E-2
9.784	6.188E-4	3.567E-2
9.792	8.741E-4	3.544E-2
9.801	1.048E-3	3.514E-2
9.809	1.082E-3	3.475E-2
9.817	9.887E-4	3.436E-2
9.826	7.205E-4	3.396E-2
9.834	3.828E-4	3.365E-2
9.842	-1.356E-5	3.342E-2
9.851	-4.301E-4	3.336E-2
9.859	-7.888E-4	3.340E-2
9.868	-1.071E-3	3.358E-2
9.876	-1.236E-3	3.383E-2
9.884	-1.269E-3	3.415E-2
9.893	-1.159E-3	3.452E-2
9.901	-9.068E-4	3.479E-2
9.909	-5.284E-4	3.501E-2
9.918	-8.789E-5	3.516E-2
9.926	3.852E-4	3.520E-2
9.935	8.315E-4	3.516E-2
9.943	1.175E-3	3.500E-2
9.951	1.357E-3	3.477E-2
9.960	1.369E-3	3.452E-2
9.968	1.214E-3	3.429E-2
9.976	8.793E-4	3.406E-2
9.985	4.487E-4	3.389E-2
9.993	-4.998E-5	3.380E-2
10.002	-5.504E-4	3.379E-2
10.010	-9.803E-4	3.383E-2
10.018	-1.325E-3	3.391E-2
10.027	-1.470E-3	3.403E-2
10.035	-1.451E-3	3.421E-2
10.043	-1.291E-3	3.434E-2
10.052	-9.672E-4	3.447E-2
10.060	-5.110E-4	3.456E-2
10.069	-1.112E-6	3.461E-2
10.077	5.205E-4	3.468E-2
10.085	9.592E-4	3.470E-2
10.094	1.319E-3	3.470E-2
10.102	1.505E-3	3.462E-2
10.110	1.510E-3	3.457E-2
10.119	1.308E-3	3.451E-2
10.127	9.345E-4	3.447E-2
10.136	4.239E-4	3.447E-2
10.144	-1.092E-4	3.447E-2
10.152	-6.263E-4	3.443E-2
10.161	-1.078E-3	3.435E-2
10.169	-1.395E-3	3.429E-2
10.177	-1.555E-3	3.426E-2
10.186	-1.539E-3	3.421E-2
10.194	-1.357E-3	3.421E-2
10.203	-9.533E-4	3.421E-2
10.211	-4.857E-4	3.420E-2
10.219	2.123E-5	3.424E-2
10.228	5.299E-4	3.429E-2
10.236	9.463E-4	3.437E-2
10.244	1.284E-3	3.450E-2
10.253	1.401E-3	3.462E-2
10.261	1.344E-3	3.478E-2
10.270	1.096E-3	3.491E-2
10.278	7.100E-4	3.499E-2
10.286	2.284E-4	3.500E-2
10.295	-2.655E-4	3.496E-2
10.303	-7.298E-4	3.486E-2
10.311	-1.119E-3	3.471E-2
10.320	-1.378E-3	3.450E-2
10.328	-1.436E-3	3.427E-2
10.337	-1.376E-3	3.405E-2
10.345	-1.157E-3	3.385E-2
10.353	-8.083E-4	3.371E-2
10.362	-4.159E-4	3.367E-2
10.370	2.647E-5	3.370E-2
10.378	4.609E-4	3.388E-2
10.387	8.338E-4	3.409E-2
10.395	1.081E-3	3.439E-2
10.404	1.149E-3	3.474E-2
10.412	1.110E-3	3.502E-2
10.420	8.675E-4	3.525E-2
10.429	5.465E-4	3.540E-2
10.437	1.484E-4	3.543E-2
10.446	-2.436E-4	3.536E-2
10.454	-6.058E-4	3.515E-2
10.462	-9.140E-4	3.485E-2
10.471	-1.104E-3	3.449E-2
10.479	-1.160E-3	3.408E-2
10.487	-1.105E-3	3.372E-2
10.496	-9.408E-4	3.345E-2
10.504	-6.701E-4	3.324E-2
10.513	-3.220E-4	3.320E-2
10.521	-4.445E-6	3.333E-2
10.529	2.889E-4	3.360E-2
10.538	5.249E-4	3.399E-2
10.546	6.623E-4	3.444E-2
10.554	7.232E-4	3.490E-2
10.563	6.945E-4	3.532E-2
10.571	5.721E-4	3.562E-2
10.580	3.906E-4	3.578E-2
10.588	1.566E-4	3.579E-2
10.596	-6.573E-5	3.564E-2
10.605	-2.794E-4	3.531E-2
10.613	-4.752E-4	3.488E-2
10.621	-6.118E-4	3.440E-2
10.630	-6.904E-4	3.392E-2
10.638	-6.894E-4	3.348E-2
10.647	-6.323E-4	3.319E-2
10.655	-5.094E-4	3.301E-2
10.663	-3.365E-4	3.301E-2
10.672	-1.756E-4	3.322E-2
10.680	-1.728E-5	3.360E-2
10.688	1.517E-4	3.405E-2
10.697	2.409E-4	3.456E-2
10.705	3.606E-4	3.505E-2
10.714	4.062E-4	3.545E-2
10.722	4.124E-4	3.573E-2
10.730	4.060E-4	3.583E-2
10.739	3.445E-4	3.578E-2
10.747	2.435E-4	3.554E-2
10.755	1.516E-4	3.516E-2
10.764	2.660E-5	3.465E-2
10.772	-7.460E-5	3.413E-2
10.781	-1.942E-4	3.362E-2
10.789	-2.881E-4	3.320E-2
10.797	-3.598E-4	3.296E-2
10.806	-4.551E-4	3.289E-2
10.814	-4.811E-4	3.299E-2
10.822	-4.742E-4	3.329E-2
10.831	-4.406E-4	3.373E-2
10.839	-3.449E-4	3.424E-2
10.848	-2.505E-4	3.473E-2
10.856	-7.717E-5	3.520E-2
10.864	8.103E-5	3.558E-2
10.873	2.223E-4	3.580E-2
10.881	4.090E-4	3.585E-2
10.889	4.813E-4	3.569E-2
10.898	5.596E-4	3.540E-2
10.906	5.163E-4	3.497E-2
10.915	4.294E-4	3.450E-2
10.923	3.010E-4	3.401E-2
10.931	6.691E-5	3.358E-2
10.940	-1.784E-4	3.326E-2
10.948	-4.386E-4	3.314E-2
10.956	-6.663E-4	3.314E-2
10.965	-8.594E-4	3.331E-2
10.973	-9.592E-4	3.361E-2
10.982	-9.476E-4	3.402E-2
10.990	-8.950E-4	3.445E-2
10.998	-7.222E-4	3.488E-2
11.007	-4.763E-4	3.525E-2
11.015	-1.764E-4	3.548E-2
11.023	1.595E-4	3.561E-2
11.032	4.572E-4	3.560E-2
11.040	7.073E-4	3.542E-2
11.049	8.695E-4	3.515E-2
11.057	9.094E-4	3.479E-2
11.065	8.407E-4	3.439E-2
11.074	6.317E-4	3.404E-2
11.082	3.502E-4	3.371E-2
11.090	-3.180E-5	3.356E-2
11.099	-4.260E-4	3.346E-2
11.107	-7.684E-4	3.349E-2
11.116	-1.048E-3	3.365E-2
11.124	-1.212E-3	3.389E-2
11.132	-1.214E-3	3.418E-2
11.141	-1.137E-3	3.451E-2
11.149	-9.133E-4	3.477E-2
11.158	-5.549E-4	3.499E-2
11.166	-1.409E-4	3.515E-2
11.174	2.748E-4	3.518E-2
11.183	6.903E-4	3.517E-2
11.191	1.046E-3	3.503E-2
11.199	1.263E-3	3.481E-2
11.208	1.308E-3	3.457E-2
11.216	1.168E-3	3.433E-2
11.225	8.725E-4	3.410E-2
11.233	4.619E-4	3.392E-2
11.241	-2.887E-5	3.383E-2
11.250	-4.963E-4	3.380E-2
11.258	-9.237E-4	3.383E-2
11.266	-1.245E-3	3.390E-2
11.275	-1.399E-3	3.403E-2
11.283	-1.401E-3	3.415E-2
11.292	-1.282E-3	3.434E-2
11.300	-9.753E-4	3.446E-2
11.308	-5.415E-4	3.454E-2
11.317	-5.658E-5	3.459E-2
11.325	4.507E-4	3.460E-2
11.333	9.098E-4	3.457E-2
11.342	1.269E-3	3.453E-2
11.350	1.470E-3	3.450E-2
11.359	1.425E-3	3.446E-2
11.367	1.249E-3	3.444E-2
11.375	8.941E-4	3.441E-2
11.384	4.301E-4	3.443E-2
11.392	-7.394E-5	3.439E-2
11.400	-5.583E-4	3.436E-2
11.409	-9.698E-4	3.429E-2
11.417	-1.286E-3	3.425E-2
11.426	-1.445E-3	3.420E-2
11.434	-1.428E-3	3.419E-2
11.442	-1.211E-3	3.413E-2
11.451	-8.823E-4	3.409E-2
11.459	-4.417E-4	3.407E-2
11.467	3.600E-5	3.408E-2
11.476	5.330E-4	3.411E-2
11.484	9.301E-4	3.425E-2
11.493	1.256E-3	3.435E-2
11.501	1.386E-3	3.448E-2
11.509	1.343E-3	3.463E-2
11.518	1.114E-3	3.475E-2
11.526	7.698E-4	3.486E-2
11.534	2.845E-4	3.490E-2
11.543	-2.183E-4	3.492E-2
11.551	-6.694E-4	3.479E-2
11.560	-1.018E-3	3.465E-2
11.568	-1.241E-3	3.447E-2
11.576	-1.348E-3	3.425E-2
11.585	-1.317E-3	3.403E-2
11.593	-1.111E-3	3.383E-2
11.601	-7.852E-4	3.368E-2
11.610	-3.898E-4	3.362E-2
11.618	2.290E-5	3.364E-2
11.627	4.410E-4	3.379E-2
11.635	8.006E-4	3.403E-2
11.643	1.054E-3	3.431E-2
11.652	1.141E-3	3.463E-2
11.660	1.089E-3	3.495E-2
11.668	8.861E-4	3.518E-2
11.677	6.014E-4	3.535E-2
11.685	2.311E-4	3.541E-2
11.694	-1.654E-4	3.534E-2
11.702	-5.059E-4	3.515E-2
11.710	-7.636E-4	3.486E-2
11.719	-9.396E-4	3.452E-2
11.727	-1.007E-3	3.413E-2
11.735	-9.477E-4	3.378E-2
11.744	-7.738E-4	3.349E-2
11.752	-5.269E-4	3.335E-2
11.761	-2.429E-4	3.333E-2
11.769	7.934E-5	3.342E-2
11.777	3.505E-4	3.365E-2
11.786	5.987E-4	3.401E-2
11.794	7.973E-4	3.445E-2
11.802	8.517E-4	3.489E-2
11.811	8.338E-4	3.526E-2
11.819	7.167E-4	3.553E-2
11.828	5.405E-4	3.570E-2
11.836	2.642E-4	3.568E-2
11.844	8.972E-6	3.550E-2
11.853	-2.200E-4	3.520E-2
11.861	-4.125E-4	3.479E-2
11.870	-5.246E-4	3.432E-2
11.878	-5.877E-4	3.386E-2
11.886	-6.316E-4	3.344E-2
11.895	-5.630E-4	3.313E-2
11.903	-4.604E-4	3.296E-2
11.911	-3.087E-4	3.299E-2
11.920	-1.523E-4	3.317E-2
11.928	-1.461E-5	3.351E-2
11.937	1.313E-4	3.399E-2
11.945	2.375E-4	3.450E-2
11.953	3.332E-4	3.498E-2
11.962	3.780E-4	3.540E-2
11.970	4.015E-4	3.566E-2
11.978	3.913E-4	3.578E-2
11.987	3.056E-4	3.572E-2
11.995	2.156E-4	3.547E-2
12.004	1.445E-4	3.508E-2
12.012	1.895E-5	3.463E-2
12.020	-7.930E-5	3.417E-2
12.029	-1.945E-4	3.371E-2
12.037	-2.803E-4	3.335E-2
12.045	-3.621E-4	3.310E-2
12.054	-4.129E-4	3.300E-2
12.062	-4.835E-4	3.311E-2
12.071	-4.794E-4	3.337E-2
12.079	-4.513E-4	3.374E-2
12.087	-3.764E-4	3.424E-2
12.096	-2.682E-4	3.473E-2
12.104	-1.079E-4	3.518E-2
12.112	5.077E-5	3.552E-2
12.121	2.054E-4	3.572E-2
12.129	3.840E-4	3.577E-2
12.138	4.709E-4	3.567E-2
12.146	5.249E-4	3.540E-2
12.154	5.046E-4	3.500E-2
12.163	4.436E-4	3.452E-2
12.171	3.375E-4	3.406E-2
12.179	1.272E-4	3.363E-2
12.188	-8.059E-5	3.336E-2
12.196	-3.060E-4	3.317E-2
12.205	-5.191E-4	3.315E-2
12.213	-7.045E-4	3.330E-2
12.221	-8.093E-4	3.360E-2
12.230	-8.814E-4	3.397E-2
12.238	-8.158E-4	3.437E-2
12.246	-6.917E-4	3.476E-2
12.255	-4.632E-4	3.514E-2
12.263	-1.803E-4	3.541E-2
12.272	1.481E-4	3.550E-2
12.280	4.442E-4	3.546E-2
12.288	6.780E-4	3.534E-2
12.297	8.547E-4	3.506E-2
12.305	9.017E-4	3.476E-2
12.313	8.594E-4	3.439E-2
12.322	6.550E-4	3.405E-2
12.330	3.785E-4	3.377E-2
12.339	1.975E-6	3.360E-2
12.347	-3.780E-4	3.348E-2
12.355	-7.371E-4	3.355E-2
12.364	-9.943E-4	3.369E-2
12.372	-1.158E-3	3.389E-2
12.380	-1.191E-3	3.413E-2
12.389	-1.116E-3	3.444E-2
12.397	-9.104E-4	3.472E-2
12.406	-5.821E-4	3.495E-2
12.414	-2.211E-4	3.510E-2
12.422	2.070E-4	3.518E-2
12.431	6.293E-4	3.515E-2
12.439	9.512E-4	3.502E-2
12.447	1.138E-3	3.483E-2
12.456	1.195E-3	3.458E-2
12.464	1.084E-3	3.435E-2
12.473	8.191E-4	3.412E-2
12.481	4.458E-4	3.399E-2
12.489	-1.170E-5	3.388E-2
12.498	-4.685E-4	3.384E-2
12.506	-9.064E-4	3.385E-2
12.515	-1.208E-3	3.389E-2
12.523	-1.387E-3	3.403E-2
12.531	-1.401E-3	3.414E-2
12.540	-1.292E-3	3.428E-2
12.548	-1.004E-3	3.440E-2
12.556	-6.093E-4	3.450E-2
12.565	-1.685E-4	3.453E-2
12.573	3.206E-4	3.457E-2
12.582	7.485E-4	3.456E-2
12.590	1.084E-3	3.454E-2
12.598	1.301E-3	3.450E-2
12.607	1.320E-3	3.447E-2
12.615	1.139E-3	3.447E-2
12.623	8.339E-4	3.442E-2
12.632	4.070E-4	3.441E-2
12.640	-6.960E-5	3.438E-2
12.649	-5.380E-4	3.441E-2
12.657	-9.485E-4	3.435E-2
12.665	-1.273E-3	3.432E-2
12.674	-1.410E-3	3.423E-2
12.682	-1.399E-3	3.419E-2
12.690	-1.234E-3	3.414E-2
12.699	-9.066E-4	3.409E-2
12.707	-4.986E-4	3.407E-2
12.716	-3.088E-5	3.407E-2
12.724	4.595E-4	3.411E-2
12.732	8.713E-4	3.423E-2
12.741	1.165E-3	3.434E-2
12.749	1.318E-3	3.446E-2
12.757	1.296E-3	3.460E-2
12.766	1.105E-3	3.472E-2
12.774	7.778E-4	3.481E-2
12.783	3.252E-4	3.483E-2
12.791	-1.636E-4	3.483E-2
12.799	-6.052E-4	3.473E-2
12.808	-9.611E-4	3.457E-2
12.816	-1.206E-3	3.437E-2
12.824	-1.334E-3	3.412E-2
12.833	-1.288E-3	3.389E-2
12.841	-1.127E-3	3.370E-2
12.850	-8.185E-4	3.360E-2
12.858	-4.699E-4	3.356E-2
12.866	-4.700E-5	3.361E-2
12.875	3.812E-4	3.373E-2
12.883	7.037E-4	3.397E-2
12.891	9.223E-4	3.426E-2
12.900	1.046E-3	3.454E-2
12.908	1.023E-3	3.481E-2
12.917	8.561E-4	3.504E-2
12.925	5.854E-4	3.520E-2
12.933	2.364E-4	3.524E-2
12.942	-1.236E-4	3.518E-2
12.950	-4.753E-4	3.499E-2
12.958	-7.341E-4	3.472E-2
12.967	-9.144E-4	3.439E-2
12.975	-9.853E-4	3.404E-2
12.984	-9.691E-4	3.369E-2
12.992	-7.919E-4	3.340E-2
13.000	-5.425E-4	3.323E-2
13.009	-2.688E-4	3.317E-2
13.017	1.768E-5	3.328E-2
13.025	2.837E-4	3.353E-2
13.034	5.034E-4	3.388E-2
13.042	6.593E-4	3.427E-2
13.051	7.096E-4	3.468E-2
13.059	6.926E-4	3.506E-2
13.067	5.957E-4	3.539E-2
13.076	4.241E-4	3.558E-2
13.084	2.038E-4	3.560E-2
13.092	-2.195E-5	3.545E-2
13.101	-2.345E-4	3.518E-2
13.109	-4.191E-4	3.481E-2
13.118	-5.200E-4	3.434E-2
13.126	-5.833E-4	3.388E-2
13.134	-6.202E-4	3.345E-2
13.143	-5.578E-4	3.316E-2
13.151	-4.665E-4	3.301E-2
13.159	-3.232E-4	3.299E-2
13.168	-1.851E-4	3.315E-2
13.176	-3.654E-5	3.349E-2
13.185	1.013E-4	3.393E-2
13.193	1.903E-4	3.445E-2
13.201	2.516E-4	3.492E-2
13.210	3.348E-4	3.533E-2
13.218	3.266E-4	3.562E-2
13.227	2.750E-4	3.573E-2
13.235	2.263E-4	3.569E-2
13.243	1.655E-4	3.543E-2
13.252	1.084E-4	3.509E-2
13.260	-3.946E-5	3.467E-2
13.268	-1.170E-4	3.423E-2
13.277	-2.584E-4	3.377E-2
13.285	-3.165E-4	3.338E-2
13.294	-4.108E-4	3.313E-2
13.302	-4.760E-4	3.306E-2
13.310	-4.990E-4	3.314E-2
13.319	-4.895E-4	3.338E-2
13.327	-4.657E-4	3.374E-2
13.335	-4.044E-4	3.421E-2
13.344	-2.839E-4	3.470E-2
13.352	-1.475E-4	3.513E-2
13.361	-1.339E-5	3.546E-2
13.369	1.685E-4	3.565E-2
13.377	3.262E-4	3.569E-2
13.386	4.120E-4	3.560E-2
13.394	4.469E-4	3.537E-2
13.402	4.612E-4	3.498E-2
13.411	4.246E-4	3.455E-2
13.419	3.314E-4	3.410E-2
13.428	1.305E-4	3.368E-2
13.436	-7.193E-5	3.337E-2
13.444	-2.884E-4	3.318E-2
13.453	-4.998E-4	3.316E-2
13.461	-6.825E-4	3.329E-2
13.469	-7.761E-4	3.356E-2
13.478	-7.986E-4	3.391E-2
13.486	-7.633E-4	3.430E-2
13.495	-6.165E-4	3.470E-2
13.503	-4.226E-4	3.503E-2
13.511	-1.720E-4	3.526E-2
13.520	1.421E-4	3.539E-2
13.528	4.328E-4	3.540E-2
13.536	6.667E-4	3.527E-2
13.545	8.505E-4	3.499E-2
13.553	8.954E-4	3.468E-2
13.562	8.515E-4	3.434E-2
13.570	6.697E-4	3.400E-2
13.578	4.089E-4	3.373E-2
13.587	3.857E-5	3.355E-2
13.595	-3.056E-4	3.347E-2
13.603	-6.536E-4	3.346E-2
13.612	-9.287E-4	3.358E-2
13.620	-1.118E-3	3.380E-2
13.629	-1.161E-3	3.406E-2
13.637	-1.113E-3	3.434E-2
13.645	-9.040E-4	3.460E-2
13.654	-6.199E-4	3.480E-2
13.662	-2.394E-4	3.494E-2
13.670	1.720E-4	3.498E-2
13.679	5.880E-4	3.496E-2
13.687	9.029E-4	3.486E-2
13.696	1.105E-3	3.472E-2
13.704	1.139E-3	3.452E-2
13.712	1.085E-3	3.431E-2
13.721	8.407E-4	3.410E-2
13.729	4.824E-4	3.397E-2
13.737	2.405E-5	3.387E-2
13.746	-4.375E-4	3.385E-2
13.754	-8.416E-4	3.384E-2
13.763	-1.159E-3	3.389E-2
13.771	-1.364E-3	3.402E-2
13.779	-1.376E-3	3.411E-2
13.788	-1.256E-3	3.426E-2
13.796	-1.009E-3	3.435E-2
13.804	-6.391E-4	3.445E-2
13.813	-2.096E-4	3.451E-2
13.821	2.485E-4	3.453E-2
13.830	6.719E-4	3.452E-2
13.838	1.035E-3	3.451E-2
13.846	1.258E-3	3.451E-2
13.855	1.286E-3	3.448E-2
13.863	1.142E-3	3.443E-2
13.871	8.543E-4	3.442E-2
13.880	4.526E-4	3.442E-2
13.888	-1.764E-5	3.441E-2
13.897	-4.853E-4	3.442E-2
13.905	-8.965E-4	3.441E-2
13.913	-1.190E-3	3.434E-2
13.922	-1.359E-3	3.428E-2
13.930	-1.367E-3	3.424E-2
13.939	-1.206E-3	3.420E-2
13.947	-9.240E-4	3.420E-2
13.955	-5.114E-4	3.422E-2
13.964	-5.398E-5	3.423E-2
13.972	4.106E-4	3.429E-2
13.980	8.251E-4	3.433E-2
13.989	1.116E-3	3.448E-2
13.997	1.281E-3	3.457E-2
14.006	1.289E-3	3.472E-2
14.014	1.100E-3	3.481E-2
14.022	8.138E-4	3.491E-2
14.031	4.134E-4	3.496E-2
14.039	-2.630E-5	3.495E-2
14.047	-4.445E-4	3.487E-2
14.056	-7.862E-4	3.474E-2
14.064	-1.037E-3	3.453E-2
14.073	-1.176E-3	3.431E-2
14.081	-1.143E-3	3.408E-2
14.089	-9.874E-4	3.388E-2
14.098	-7.106E-4	3.378E-2
14.106	-3.381E-4	3.373E-2
14.114	5.332E-5	3.377E-2
14.123	4.243E-4	3.387E-2
14.131	7.637E-4	3.407E-2
14.140	9.509E-4	3.431E-2
14.148	1.048E-3	3.457E-2
14.156	1.039E-3	3.485E-2
14.165	8.700E-4	3.512E-2
14.173	6.239E-4	3.528E-2
14.181	2.975E-4	3.539E-2
14.190	-5.653E-5	3.534E-2
14.198	-3.910E-4	3.519E-2
14.207	-6.709E-4	3.492E-2
14.215	-8.527E-4	3.457E-2
14.223	-9.314E-4	3.423E-2
14.232	-9.111E-4	3.388E-2
14.240	-7.779E-4	3.362E-2
14.248	-5.482E-4	3.342E-2
14.257	-2.873E-4	3.337E-2
14.265	-1.029E-5	3.344E-2
14.274	2.475E-4	3.364E-2
14.282	4.687E-4	3.396E-2
14.290	6.277E-4	3.433E-2
14.299	6.906E-4	3.472E-2
14.307	6.721E-4	3.510E-2
14.315	5.903E-4	3.541E-2
14.324	4.411E-4	3.559E-2
14.332	2.237E-4	3.562E-2
14.341	1.957E-6	3.548E-2
14.349	-2.132E-4	3.522E-2
14.357	-3.819E-4	3.487E-2
14.366	-5.022E-4	3.445E-2
14.374	-5.436E-4	3.403E-2
14.382	-5.432E-4	3.363E-2
14.391	-4.950E-4	3.335E-2
14.399	-4.366E-4	3.318E-2
14.408	-3.008E-4	3.317E-2
14.416	-1.662E-4	3.334E-2
14.424	-3.620E-5	3.363E-2
14.433	8.005E-5	3.404E-2
14.441	1.807E-4	3.448E-2
14.449	2.453E-4	3.493E-2
14.458	2.991E-4	3.532E-2
14.466	2.998E-4	3.562E-2
14.475	2.794E-4	3.572E-2
14.483	2.097E-4	3.566E-2
14.491	1.759E-4	3.546E-2
14.500	1.260E-4	3.516E-2
14.508	9.367E-6	3.474E-2
14.516	-7.020E-5	3.428E-2
14.525	-1.839E-4	3.382E-2
14.533	-2.631E-4	3.345E-2
14.542	-3.257E-4	3.318E-2
14.550	-3.967E-4	3.310E-2
14.558	-4.537E-4	3.316E-2
14.567	-4.605E-4	3.337E-2
14.575	-4.612E-4	3.372E-2
14.583	-3.724E-4	3.416E-2
14.592	-2.725E-4	3.463E-2
14.600	-1.512E-4	3.502E-2
14.609	-1.755E-5	3.538E-2
14.617	1.618E-4	3.560E-2
14.625	2.931E-4	3.564E-2
14.634	4.141E-4	3.560E-2
14.642	4.630E-4	3.537E-2
14.651	4.652E-4	3.501E-2
14.659	4.282E-4	3.459E-2
14.667	3.473E-4	3.414E-2
14.676	1.738E-4	3.375E-2
14.684	-3.448E-5	3.345E-2
14.692	-2.505E-4	3.326E-2
14.701	-4.649E-4	3.324E-2
14.709	-6.462E-4	3.335E-2
14.718	-7.537E-4	3.359E-2
14.726	-7.490E-4	3.390E-2
14.734	-7.354E-4	3.428E-2
14.743	-6.081E-4	3.468E-2
14.751	-4.263E-4	3.498E-2
14.759	-1.780E-4	3.522E-2
14.768	1.193E-4	3.536E-2
14.776	4.201E-4	3.539E-2
14.785	6.564E-4	3.525E-2
14.793	8.246E-4	3.501E-2
14.801	8.963E-4	3.472E-2
14.810	8.531E-4	3.441E-2
14.818	6.851E-4	3.408E-2
14.826	4.301E-4	3.381E-2
14.835	9.987E-5	3.361E-2
14.843	-2.707E-4	3.352E-2
14.852	-5.905E-4	3.356E-2
14.860	-8.977E-4	3.366E-2
14.868	-1.093E-3	3.385E-2
14.877	-1.151E-3	3.409E-2
14.885	-1.117E-3	3.436E-2
14.893	-9.114E-4	3.459E-2
14.902	-6.378E-4	3.476E-2
14.910	-2.717E-4	3.492E-2
14.919	1.295E-4	3.497E-2
14.927	5.026E-4	3.496E-2
14.935	8.297E-4	3.488E-2
14.944	1.058E-3	3.473E-2
14.952	1.119E-3	3.453E-2
14.960	1.059E-3	3.434E-2
14.969	8.355E-4	3.414E-2
14.977	4.951E-4	3.400E-2
14.986	5.775E-5	3.390E-2
14.994	-3.776E-4	3.384E-2
15.002	-7.714E-4	3.385E-2
15.011	-1.071E-3	3.389E-2
15.019	-1.256E-3	3.401E-2
15.027	-1.360E-3	3.410E-2
15.036	-1.226E-3	3.425E-2
15.044	-9.804E-4	3.433E-2
15.053	-6.361E-4	3.441E-2
15.061	-2.305E-4	3.450E-2
15.069	2.189E-4	3.452E-2
15.078	6.457E-4	3.452E-2
15.086	9.759E-4	3.452E-2
15.094	1.147E-3	3.448E-2
15.103	1.185E-3	3.446E-2
15.111	1.072E-3	3.445E-2
15.120	8.086E-4	3.443E-2
15.128	4.346E-4	3.443E-2
15.136	-2.368E-5	3.445E-2
15.145	-4.655E-4	3.441E-2
15.153	-8.644E-4	3.439E-2
15.161	-1.154E-3	3.435E-2
15.170	-1.342E-3	3.429E-2
15.178	-1.364E-3	3.426E-2
15.187	-1.197E-3	3.425E-2
15.195	-9.269E-4	3.419E-2
15.203	-5.248E-4	3.419E-2
15.212	-1.256E-4	3.423E-2
15.220	2.798E-4	3.429E-2
15.228	6.658E-4	3.433E-2
15.237	9.606E-4	3.447E-2
15.245	1.109E-3	3.456E-2
15.254	1.112E-3	3.471E-2
15.262	9.535E-4	3.480E-2
15.270	6.611E-4	3.489E-2
15.279	2.747E-4	3.496E-2
15.287	-1.446E-4	3.495E-2
15.296	-5.359E-4	3.489E-2
15.304	-8.817E-4	3.474E-2
15.312	-1.136E-3	3.455E-2
15.321	-1.210E-3	3.434E-2
15.329	-1.185E-3	3.411E-2
15.337	-1.061E-3	3.391E-2
15.346	-7.966E-4	3.378E-2
15.354	-4.839E-4	3.372E-2
15.363	-9.082E-5	3.378E-2
15.371	2.638E-4	3.387E-2
15.379	5.959E-4	3.406E-2
15.388	8.392E-4	3.429E-2
15.396	9.341E-4	3.455E-2
15.404	9.109E-4	3.481E-2
15.413	7.625E-4	3.502E-2
15.421	4.907E-4	3.518E-2
15.430	1.926E-4	3.523E-2
15.438	-1.229E-4	3.519E-2
15.446	-4.723E-4	3.501E-2
15.455	-7.133E-4	3.477E-2
15.463	-8.915E-4	3.447E-2
15.471	-9.488E-4	3.413E-2
15.480	-9.384E-4	3.381E-2
15.488	-8.158E-4	3.356E-2
15.497	-6.500E-4	3.338E-2
15.505	-4.210E-4	3.334E-2
15.513	-1.359E-4	3.340E-2
15.522	1.145E-4	3.359E-2
15.530	3.701E-4	3.388E-2
15.538	4.981E-4	3.425E-2
15.547	5.971E-4	3.464E-2
15.555	6.140E-4	3.500E-2
15.564	5.094E-4	3.527E-2
15.572	3.896E-4	3.542E-2
15.580	1.975E-4	3.545E-2
15.589	-1.634E-5	3.536E-2
15.597	-2.153E-4	3.514E-2
15.605	-3.597E-4	3.478E-2
15.614	-4.925E-4	3.436E-2
15.622	-5.330E-4	3.396E-2
15.631	-5.262E-4	3.360E-2
15.639	-4.965E-4	3.334E-2
15.647	-4.414E-4	3.316E-2
15.656	-3.084E-4	3.315E-2
15.664	-1.983E-4	3.331E-2
15.672	-4.905E-5	3.359E-2
15.681	5.651E-5	3.398E-2
15.689	1.651E-4	3.441E-2
15.698	2.261E-4	3.487E-2
15.706	2.334E-4	3.523E-2
15.714	2.883E-4	3.548E-2
15.723	2.603E-4	3.561E-2
15.731	2.202E-4	3.561E-2
15.739	1.818E-4	3.543E-2
15.748	1.378E-4	3.515E-2
15.756	2.692E-5	3.474E-2
15.765	-5.512E-5	3.429E-2
15.773	-1.468E-4	3.386E-2
15.781	-2.506E-4	3.351E-2
15.790	-3.127E-4	3.328E-2
15.798	-3.799E-4	3.319E-2
15.806	-4.229E-4	3.319E-2
15.815	-4.481E-4	3.341E-2
15.823	-4.553E-4	3.373E-2
15.832	-3.998E-4	3.412E-2
15.840	-2.916E-4	3.453E-2
15.848	-1.851E-4	3.494E-2
15.857	-3.614E-5	3.528E-2
15.865	1.375E-4	3.546E-2
15.873	2.539E-4	3.552E-2
15.882	4.012E-4	3.546E-2
15.890	4.478E-4	3.524E-2
15.899	4.537E-4	3.492E-2
15.907	4.428E-4	3.453E-2
15.915	3.447E-4	3.410E-2
15.924	1.835E-4	3.373E-2
15.932	-1.528E-5	3.346E-2
15.940	-2.330E-4	3.329E-2
15.949	-4.503E-4	3.325E-2
15.957	-6.187E-4	3.339E-2
15.966	-7.301E-4	3.360E-2
15.974	-7.642E-4	3.390E-2
15.982	-7.217E-4	3.425E-2
15.991	-6.097E-4	3.459E-2
15.999	-4.431E-4	3.491E-2
16.008	-2.146E-4	3.516E-2
16.016	6.951E-5	3.531E-2
16.024	3.552E-4	3.536E-2
16.033	6.029E-4	3.524E-2
16.041	7.689E-4	3.502E-2
16.049	8.262E-4	3.474E-2
16.058	8.050E-4	3.444E-2
16.066		3.410E-2
16.075		3.383E-2
16.083		3.364E-2
16.091		3.356E-2
16.100		3.358E-2
16.108		3.367E-2
16.116		3.384E-2
16.125		3.406E-2
16.133		3.432E-2
16.142		3.453E-2
16.150		3.473E-2
16.158		3.491E-2
16.167		3.496E-2
16.175		3.496E-2
16.183		3.488E-2
16.192		3.474E-2
16.200		3.455E-2
16.209		3.437E-2
16.217		3.418E-2
16.225		3.405E-2
16.234		3.396E-2
16.242		3.395E-2
16.250		3.400E-2
16.259		3.406E-2
16.267		3.412E-2
16.276		3.424E-2
16.284		3.433E-2
16.292		3.443E-2
16.301		3.452E-2
16.309		3.455E-2
16.317		3.454E-2
16.326		3.454E-2
16.334		3.453E-2
16.343		3.451E-2
16.351		3.449E-2
16.359		3.448E-2
16.368		3.449E-2
16.376		3.446E-2
16.384		3.444E-2
16.393		3.443E-2
