#multi:
	mass A	mass B	
t	x	x	
0.000	-4.360E-3	2.943E-2
0.008	-4.355E-3	2.944E-2
0.017	-4.356E-3	2.944E-2
0.025	-4.356E-3	2.944E-2
0.034	-4.355E-3	2.945E-2
0.042	-4.343E-3	2.945E-2
0.050	-4.308E-3	2.946E-2
0.059	-4.211E-3	2.946E-2
0.067	-4.097E-3	2.946E-2
0.075	-3.940E-3	2.946E-2
0.084	-3.712E-3	2.946E-2
0.092	-3.373E-3	2.947E-2
0.101	-2.706E-3	2.947E-2
0.109	-1.825E-3	2.950E-2
0.117	-6.937E-4	2.960E-2
0.126	4.960E-4	2.974E-2
0.134	1.493E-3	2.994E-2
0.142	2.299E-3	3.021E-2
0.151	2.710E-3	3.053E-2
0.159	2.712E-3	3.089E-2
0.168	2.289E-3	3.119E-2
0.176	1.563E-3	3.144E-2
0.184	5.756E-4	3.155E-2
0.193	-4.361E-4	3.146E-2
0.201	-1.441E-3	3.120E-2
0.209	-2.245E-3	3.077E-2
0.218	-2.752E-3	3.020E-2
0.226	-2.980E-3	2.953E-2
0.235	-2.858E-3	2.888E-2
0.243	-2.355E-3	2.835E-2
0.251	-1.711E-3	2.800E-2
0.260	-8.393E-4	2.794E-2
0.268	-1.304E-5	2.815E-2
0.276	7.099E-4	2.869E-2
0.285	1.282E-3	2.947E-2
0.293	1.628E-3	3.038E-2
0.302	1.623E-3	3.128E-2
0.310	1.518E-3	3.206E-2
0.318	1.151E-3	3.258E-2
0.327	6.523E-4	3.285E-2
0.335	1.488E-4	3.277E-2
0.343	-4.212E-4	3.239E-2
0.352	-8.933E-4	3.168E-2
0.360	-1.227E-3	3.075E-2
0.369	-1.455E-3	2.968E-2
0.377	-1.445E-3	2.863E-2
0.385	-1.434E-3	2.778E-2
0.394	-1.271E-3	2.719E-2
0.402	-1.067E-3	2.706E-2
0.410	-8.644E-4	2.741E-2
0.419	-6.528E-4	2.818E-2
0.427	-4.244E-4	2.922E-2
0.436	-2.268E-4	3.035E-2
0.444	-3.132E-5	3.144E-2
0.452	2.095E-4	3.237E-2
0.461	3.613E-4	3.298E-2
0.469	5.396E-4	3.323E-2
0.477	6.669E-4	3.317E-2
0.486	6.814E-4	3.271E-2
0.494	6.889E-4	3.194E-2
0.503	6.503E-4	3.095E-2
0.511	3.840E-4	2.986E-2
0.519	8.566E-5	2.882E-2
0.528	-3.383E-4	2.790E-2
0.536	-8.282E-4	2.739E-2
0.544	-1.313E-3	2.730E-2
0.553	-1.774E-3	2.761E-2
0.561	-2.065E-3	2.827E-2
0.570	-2.086E-3	2.916E-2
0.578	-2.064E-3	3.012E-2
0.586	-1.700E-3	3.100E-2
0.595	-1.115E-3	3.174E-2
0.603	-4.519E-4	3.223E-2
0.611	3.334E-4	3.245E-2
0.620	1.062E-3	3.241E-2
0.628	1.638E-3	3.207E-2
0.637	2.046E-3	3.154E-2
0.645	2.110E-3	3.086E-2
0.653	1.877E-3	3.013E-2
0.662	1.357E-3	2.946E-2
0.670	5.116E-4	2.896E-2
0.678	-4.691E-4	2.865E-2
0.687	-1.416E-3	2.859E-2
0.695	-2.339E-3	2.870E-2
0.704	-2.950E-3	2.898E-2
0.712	-3.237E-3	2.935E-2
0.720	-3.228E-3	2.976E-2
0.729	-2.770E-3	3.014E-2
0.737	-2.010E-3	3.046E-2
0.746	-1.061E-3	3.072E-2
0.754	3.536E-5	3.088E-2
0.762	1.102E-3	3.088E-2
0.771	1.984E-3	3.087E-2
0.779	2.605E-3	3.081E-2
0.787	2.770E-3	3.074E-2
0.796	2.535E-3	3.069E-2
0.804	1.959E-3	3.061E-2
0.813	1.025E-3	3.055E-2
0.821	-1.023E-4	3.044E-2
0.829	-1.197E-3	3.032E-2
0.838	-2.207E-3	3.015E-2
0.846	-2.934E-3	2.992E-2
0.854	-3.344E-3	2.968E-2
0.863	-3.373E-3	2.941E-2
0.871	-3.002E-3	2.918E-2
0.880	-2.284E-3	2.901E-2
0.888	-1.368E-3	2.894E-2
0.896	-3.023E-4	2.898E-2
0.905	6.944E-4	2.924E-2
0.913	1.530E-3	2.963E-2
0.921	2.103E-3	3.016E-2
0.930	2.302E-3	3.075E-2
0.938	2.134E-3	3.131E-2
0.947	1.681E-3	3.177E-2
0.955	9.828E-4	3.204E-2
0.963	1.622E-4	3.208E-2
0.972	-6.741E-4	3.193E-2
0.980	-1.459E-3	3.149E-2
0.988	-2.005E-3	3.086E-2
0.997	-2.355E-3	3.009E-2
1.005	-2.416E-3	2.924E-2
1.014	-2.276E-3	2.846E-2
1.022	-1.888E-3	2.787E-2
1.030	-1.346E-3	2.757E-2
1.039	-7.076E-4	2.763E-2
1.047	-1.492E-4	2.807E-2
1.055	3.280E-4	2.883E-2
1.064	6.758E-4	2.978E-2
1.072	8.789E-4	3.082E-2
1.081	9.085E-4	3.176E-2
1.089	9.049E-4	3.251E-2
1.097	6.743E-4	3.291E-2
1.106	4.314E-4	3.301E-2
1.114	1.501E-4	3.281E-2
1.122	-1.557E-4	3.225E-2
1.131	-4.105E-4	3.137E-2
1.139	-6.529E-4	3.033E-2
1.148	-8.530E-4	2.923E-2
1.156	-9.591E-4	2.821E-2
1.164	-1.094E-3	2.750E-2
1.173	-1.151E-3	2.715E-2
1.181	-1.163E-3	2.724E-2
1.189	-1.192E-3	2.774E-2
1.198	-1.182E-3	2.860E-2
1.206	-1.075E-3	2.961E-2
1.215	-8.970E-4	3.069E-2
1.223	-6.021E-4	3.163E-2
1.231	-2.433E-4	3.239E-2
1.240	1.659E-4	3.284E-2
1.248	5.936E-4	3.294E-2
1.256	9.410E-4	3.270E-2
1.265	1.162E-3	3.216E-2
1.273	1.248E-3	3.139E-2
1.282	1.125E-3	3.049E-2
1.290	8.162E-4	2.954E-2
1.298	3.714E-4	2.869E-2
1.307	-2.591E-4	2.809E-2
1.315	-9.388E-4	2.781E-2
1.323	-1.637E-3	2.788E-2
1.332	-2.196E-3	2.825E-2
1.340	-2.524E-3	2.885E-2
1.349	-2.561E-3	2.955E-2
1.357	-2.392E-3	3.030E-2
1.365	-1.855E-3	3.096E-2
1.374	-1.137E-3	3.146E-2
1.382	-2.964E-4	3.175E-2
1.391	6.613E-4	3.185E-2
1.399	1.467E-3	3.176E-2
1.407	2.078E-3	3.146E-2
1.416	2.405E-3	3.106E-2
1.424	2.372E-3	3.060E-2
1.432	1.946E-3	3.013E-2
1.441	1.232E-3	2.976E-2
1.449	2.502E-4	2.947E-2
1.458	-8.010E-4	2.930E-2
1.466	-1.789E-3	2.928E-2
1.474	-2.647E-3	2.927E-2
1.483	-3.214E-3	2.938E-2
1.491	-3.404E-3	2.951E-2
1.499	-3.205E-3	2.964E-2
1.508	-2.623E-3	2.977E-2
1.516	-1.767E-3	2.987E-2
1.525	-7.326E-4	2.998E-2
1.533	3.961E-4	3.010E-2
1.541	1.392E-3	3.021E-2
1.550	2.139E-3	3.036E-2
1.558	2.546E-3	3.054E-2
1.566	2.543E-3	3.074E-2
1.575	2.191E-3	3.096E-2
1.583	1.533E-3	3.110E-2
1.592	5.992E-4	3.110E-2
1.600	-4.032E-4	3.108E-2
1.608	-1.405E-3	3.085E-2
1.617	-2.229E-3	3.052E-2
1.625	-2.786E-3	3.010E-2
1.633	-3.004E-3	2.962E-2
1.642	-2.889E-3	2.914E-2
1.650	-2.452E-3	2.873E-2
1.659	-1.792E-3	2.844E-2
1.667	-9.479E-4	2.838E-2
1.675	-7.475E-5	2.854E-2
1.684	7.194E-4	2.895E-2
1.692	1.340E-3	2.959E-2
1.700	1.672E-3	3.035E-2
1.709	1.698E-3	3.112E-2
1.717	1.554E-3	3.178E-2
1.726	1.158E-3	3.226E-2
1.734	5.822E-4	3.248E-2
1.742	-1.004E-5	3.245E-2
1.751	-6.220E-4	3.209E-2
1.759	-1.144E-3	3.150E-2
1.767	-1.545E-3	3.069E-2
1.776	-1.780E-3	2.973E-2
1.784	-1.793E-3	2.879E-2
1.793	-1.676E-3	2.798E-2
1.801	-1.422E-3	2.746E-2
1.809	-1.092E-3	2.730E-2
1.818	-7.410E-4	2.757E-2
1.826	-4.152E-4	2.821E-2
1.834	-1.543E-4	2.914E-2
1.843	6.247E-5	3.020E-2
1.851	2.213E-4	3.120E-2
1.860	3.427E-4	3.211E-2
1.868	3.348E-4	3.273E-2
1.876	3.607E-4	3.300E-2
1.885	4.031E-4	3.302E-2
1.893	4.117E-4	3.262E-2
1.901	2.986E-4	3.193E-2
1.910	1.653E-4	3.100E-2
1.918	-1.790E-5	2.995E-2
1.927	-2.471E-4	2.893E-2
1.935	-5.390E-4	2.808E-2
1.943	-8.793E-4	2.754E-2
1.952	-1.196E-3	2.741E-2
1.960	-1.480E-3	2.764E-2
1.968	-1.654E-3	2.826E-2
1.977	-1.654E-3	2.911E-2
1.985	-1.630E-3	3.006E-2
1.994	-1.321E-3	3.098E-2
2.002	-8.802E-4	3.175E-2
2.010	-3.342E-4	3.228E-2
2.019	2.969E-4	3.252E-2
2.027	8.841E-4	3.248E-2
2.035	1.364E-3	3.214E-2
2.044	1.679E-3	3.161E-2
2.052	1.718E-3	3.092E-2
2.061	1.540E-3	3.016E-2
2.069	1.111E-3	2.944E-2
2.077	4.470E-4	2.886E-2
2.086	-3.792E-4	2.852E-2
2.094	-1.230E-3	2.841E-2
2.103	-2.023E-3	2.856E-2
2.111	-2.593E-3	2.889E-2
2.119	-2.895E-3	2.935E-2
2.128	-2.920E-3	2.986E-2
2.136	-2.546E-3	3.033E-2
2.144	-1.903E-3	3.075E-2
2.153	-9.937E-4	3.104E-2
2.161	2.708E-5	3.120E-2
2.170	9.755E-4	3.122E-2
2.178	1.768E-3	3.118E-2
2.186	2.350E-3	3.103E-2
2.195	2.543E-3	3.084E-2
2.203	2.347E-3	3.061E-2
2.211	1.809E-3	3.043E-2
2.220	9.719E-4	3.027E-2
2.228	-5.863E-5	3.016E-2
2.237	-1.085E-3	3.005E-2
2.245	-2.068E-3	2.995E-2
2.253	-2.784E-3	2.984E-2
2.262	-3.181E-3	2.973E-2
2.270	-3.194E-3	2.959E-2
2.278	-2.890E-3	2.950E-2
2.287	-2.242E-3	2.941E-2
2.295	-1.373E-3	2.941E-2
2.304	-3.389E-4	2.943E-2
2.312	6.813E-4	2.963E-2
2.320	1.515E-3	2.991E-2
2.329	2.083E-3	3.029E-2
2.337	2.318E-3	3.072E-2
2.345	2.177E-3	3.116E-2
2.354	1.717E-3	3.153E-2
2.362	1.003E-3	3.174E-2
2.371	1.410E-4	3.175E-2
2.379	-6.933E-4	3.164E-2
2.387	-1.504E-3	3.131E-2
2.396	-2.101E-3	3.079E-2
2.404	-2.470E-3	3.016E-2
2.412	-2.543E-3	2.945E-2
2.421	-2.371E-3	2.880E-2
2.429	-1.956E-3	2.827E-2
2.438	-1.364E-3	2.799E-2
2.446	-6.945E-4	2.801E-2
2.454	-5.123E-5	2.837E-2
2.463	5.120E-4	2.899E-2
2.471	9.099E-4	2.982E-2
2.479	1.127E-3	3.072E-2
2.488	1.135E-3	3.158E-2
2.496	1.010E-3	3.224E-2
2.505	7.170E-4	3.266E-2
2.513	3.498E-4	3.277E-2
2.521	-1.322E-5	3.262E-2
2.530	-3.997E-4	3.215E-2
2.538	-7.066E-4	3.138E-2
2.546	-9.398E-4	3.042E-2
2.555	-1.118E-3	2.940E-2
2.563	-1.130E-3	2.848E-2
2.572	-1.150E-3	2.776E-2
2.580	-1.148E-3	2.739E-2
2.588	-1.098E-3	2.740E-2
2.597	-9.702E-4	2.784E-2
2.605	-8.668E-4	2.862E-2
2.613	-6.921E-4	2.957E-2
2.622	-5.033E-4	3.061E-2
2.630	-2.720E-4	3.153E-2
2.639	-5.875E-6	3.227E-2
2.647	2.447E-4	3.270E-2
2.655	4.938E-4	3.284E-2
2.664	6.977E-4	3.265E-2
2.672	8.350E-4	3.217E-2
2.680	8.629E-4	3.142E-2
2.689	8.293E-4	3.053E-2
2.697	5.404E-4	2.959E-2
2.706	1.498E-4	2.874E-2
2.714	-3.430E-4	2.810E-2
2.722	-8.549E-4	2.776E-2
2.731	-1.391E-3	2.781E-2
2.739	-1.853E-3	2.819E-2
2.747	-2.115E-3	2.882E-2
2.756	-2.105E-3	2.954E-2
2.764	-1.996E-3	3.030E-2
2.773	-1.596E-3	3.100E-2
2.781	-1.002E-3	3.154E-2
2.789	-2.424E-4	3.188E-2
2.798	5.353E-4	3.201E-2
2.806	1.227E-3	3.188E-2
2.815	1.758E-3	3.157E-2
2.823	2.089E-3	3.110E-2
2.831	2.079E-3	3.056E-2
2.840	1.747E-3	3.002E-2
2.848	1.156E-3	2.958E-2
2.856	3.100E-4	2.925E-2
2.865	-6.584E-4	2.906E-2
2.873	-1.587E-3	2.904E-2
2.882	-2.386E-3	2.910E-2
2.890	-2.881E-3	2.930E-2
2.898	-3.084E-3	2.952E-2
2.907	-2.931E-3	2.976E-2
2.915	-2.432E-3	2.998E-2
2.923	-1.658E-3	3.017E-2
2.932	-6.892E-4	3.033E-2
2.940	3.302E-4	3.042E-2
2.949	1.236E-3	3.044E-2
2.957	1.965E-3	3.047E-2
2.965	2.419E-3	3.056E-2
2.974	2.465E-3	3.063E-2
2.982	2.188E-3	3.064E-2
2.990	1.559E-3	3.070E-2
2.999	6.688E-4	3.074E-2
3.007	-3.224E-4	3.071E-2
3.016	-1.259E-3	3.056E-2
3.024	-2.075E-3	3.033E-2
3.032	-2.638E-3	3.002E-2
3.041	-2.885E-3	2.969E-2
3.049	-2.819E-3	2.934E-2
3.057	-2.373E-3	2.906E-2
3.066	-1.687E-3	2.884E-2
3.074	-8.198E-4	2.879E-2
3.083	3.701E-5	2.889E-2
3.091	8.467E-4	2.922E-2
3.099	1.490E-3	2.969E-2
3.108	1.836E-3	3.030E-2
3.116	1.884E-3	3.094E-2
3.124	1.711E-3	3.151E-2
3.133	1.244E-3	3.194E-2
3.141	6.349E-4	3.217E-2
3.150	-3.068E-5	3.216E-2
3.158	-7.053E-4	3.188E-2
3.166	-1.270E-3	3.139E-2
3.175	-1.720E-3	3.073E-2
3.183	-1.925E-3	2.992E-2
3.191	-1.897E-3	2.911E-2
3.200	-1.729E-3	2.839E-2
3.208	-1.429E-3	2.788E-2
3.217	-1.009E-3	2.769E-2
3.225	-5.314E-4	2.786E-2
3.233	-1.256E-4	2.838E-2
3.242	1.956E-4	2.916E-2
3.250	4.464E-4	3.011E-2
3.258	5.929E-4	3.106E-2
3.267	6.257E-4	3.188E-2
3.275	6.402E-4	3.250E-2
3.284	5.583E-4	3.280E-2
3.292	4.140E-4	3.282E-2
3.300	2.519E-4	3.248E-2
3.309	7.148E-5	3.185E-2
3.317	-1.439E-4	3.101E-2
3.325	-3.328E-4	3.004E-2
3.334	-4.830E-4	2.907E-2
3.342	-6.703E-4	2.821E-2
3.351	-8.917E-4	2.764E-2
3.359	-1.080E-3	2.745E-2
3.367	-1.246E-3	2.764E-2
3.376	-1.311E-3	2.825E-2
3.384	-1.331E-3	2.906E-2
3.392	-1.245E-3	2.997E-2
3.401	-9.758E-4	3.087E-2
3.409	-6.341E-4	3.163E-2
3.418	-2.223E-4	3.221E-2
3.426	2.497E-4	3.249E-2
3.434	6.919E-4	3.247E-2
3.443	1.065E-3	3.218E-2
3.451	1.310E-3	3.164E-2
3.459	1.363E-3	3.093E-2
3.468	1.225E-3	3.015E-2
3.476	8.544E-4	2.939E-2
3.485	3.143E-4	2.877E-2
3.493	-3.867E-4	2.834E-2
3.501	-1.100E-3	2.821E-2
3.510	-1.795E-3	2.835E-2
3.518	-2.295E-3	2.871E-2
3.527	-2.552E-3	2.921E-2
3.535	-2.542E-3	2.978E-2
3.543	-2.249E-3	3.037E-2
3.552	-1.697E-3	3.083E-2
3.560	-9.199E-4	3.118E-2
3.568	-4.605E-5	3.138E-2
3.577	8.238E-4	3.142E-2
3.585	1.586E-3	3.134E-2
3.594	2.086E-3	3.109E-2
3.602	2.307E-3	3.079E-2
3.610	2.150E-3	3.047E-2
3.619	1.671E-3	3.020E-2
3.627	9.228E-4	2.995E-2
3.635	-3.140E-6	2.977E-2
3.644	-9.835E-4	2.966E-2
3.652	-1.896E-3	2.965E-2
3.661	-2.577E-3	2.964E-2
3.669	-2.966E-3	2.964E-2
3.677	-2.984E-3	2.964E-2
3.686	-2.745E-3	2.964E-2
3.694	-2.129E-3	2.967E-2
3.702	-1.282E-3	2.969E-2
3.711	-3.189E-4	2.980E-2
3.719	6.628E-4	2.994E-2
3.728	1.472E-3	3.011E-2
3.736	2.018E-3	3.035E-2
3.744	2.294E-3	3.062E-2
3.753	2.165E-3	3.089E-2
3.761	1.744E-3	3.111E-2
3.769	1.081E-3	3.128E-2
3.778	2.671E-4	3.128E-2
3.786	-6.401E-4	3.120E-2
3.795	-1.472E-3	3.096E-2
3.803	-2.082E-3	3.058E-2
3.811	-2.474E-3	3.008E-2
3.820	-2.550E-3	2.952E-2
3.828	-2.391E-3	2.899E-2
3.836	-1.950E-3	2.857E-2
3.845	-1.295E-3	2.833E-2
3.853	-5.984E-4	2.832E-2
3.862	7.688E-5	2.858E-2
3.870	6.862E-4	2.907E-2
3.878	1.130E-3	2.974E-2
3.887	1.352E-3	3.049E-2
3.895	1.360E-3	3.125E-2
3.903	1.182E-3	3.187E-2
3.912	8.236E-4	3.230E-2
3.920	3.935E-4	3.247E-2
3.929	-7.717E-5	3.231E-2
3.937	-5.141E-4	3.192E-2
3.945	-8.788E-4	3.126E-2
3.954	-1.172E-3	3.043E-2
3.962	-1.316E-3	2.950E-2
3.970	-1.336E-3	2.863E-2
3.979	-1.322E-3	2.798E-2
3.987	-1.141E-3	2.762E-2
3.996	-9.313E-4	2.761E-2
4.004	-7.195E-4	2.797E-2
4.012	-5.059E-4	2.867E-2
4.021	-3.151E-4	2.958E-2
4.029	-1.356E-4	3.056E-2
4.037	2.302E-5	3.146E-2
4.046	1.919E-4	3.219E-2
4.054	3.040E-4	3.265E-2
4.063	4.294E-4	3.280E-2
4.071	4.893E-4	3.267E-2
4.079	4.914E-4	3.221E-2
4.088	4.858E-4	3.150E-2
4.096	3.769E-4	3.061E-2
4.104	1.778E-4	2.968E-2
4.113	-9.708E-5	2.881E-2
4.121	-4.375E-4	2.813E-2
4.130	-8.559E-4	2.777E-2
4.138	-1.255E-3	2.778E-2
4.146	-1.560E-3	2.812E-2
4.155	-1.782E-3	2.872E-2
4.163	-1.800E-3	2.947E-2
4.172	-1.676E-3	3.028E-2
4.180	-1.331E-3	3.102E-2
4.188	-8.325E-4	3.161E-2
4.197	-2.507E-4	3.197E-2
4.205	3.951E-4	3.212E-2
4.213	9.862E-4	3.202E-2
4.222	1.437E-3	3.168E-2
4.230	1.674E-3	3.120E-2
4.239	1.658E-3	3.060E-2
4.247	1.411E-3	2.998E-2
4.255	8.937E-4	2.942E-2
4.264	1.840E-4	2.902E-2
4.272	-6.365E-4	2.880E-2
4.280	-1.463E-3	2.879E-2
4.289	-2.147E-3	2.891E-2
4.297	-2.608E-3	2.918E-2
4.306	-2.773E-3	2.952E-2
4.314	-2.666E-3	2.987E-2
4.322	-2.248E-3	3.020E-2
4.331	-1.565E-3	3.047E-2
4.339	-6.990E-4	3.067E-2
4.347	2.437E-4	3.077E-2
4.356	1.110E-3	3.079E-2
4.364	1.809E-3	3.079E-2
4.373	2.222E-3	3.071E-2
4.381	2.299E-3	3.064E-2
4.389	2.050E-3	3.057E-2
4.398	1.446E-3	3.053E-2
4.406	6.141E-4	3.043E-2
4.414	-3.185E-4	3.036E-2
4.423	-1.241E-3	3.023E-2
4.431	-2.040E-3	3.007E-2
4.440	-2.612E-3	2.989E-2
4.448	-2.872E-3	2.968E-2
4.456	-2.870E-3	2.947E-2
4.465	-2.464E-3	2.928E-2
4.473	-1.809E-3	2.916E-2
4.481	-9.555E-4	2.917E-2
4.490	-4.541E-5	2.923E-2
4.498	7.827E-4	2.947E-2
4.507	1.419E-3	2.982E-2
4.515	1.800E-3	3.030E-2
4.523	1.899E-3	3.078E-2
4.532	1.702E-3	3.124E-2
4.540	1.239E-3	3.159E-2
4.548	6.078E-4	3.175E-2
4.557	-1.149E-4	3.175E-2
4.565	-8.463E-4	3.153E-2
4.574	-1.484E-3	3.111E-2
4.582	-1.904E-3	3.054E-2
4.590	-2.108E-3	2.987E-2
4.599	-2.095E-3	2.918E-2
4.607	-1.884E-3	2.857E-2
4.615	-1.522E-3	2.812E-2
4.624	-1.047E-3	2.793E-2
4.632	-5.159E-4	2.805E-2
4.641	-1.983E-5	2.850E-2
4.649	3.748E-4	2.918E-2
4.657	6.731E-4	3.003E-2
4.666	7.941E-4	3.089E-2
4.674	7.627E-4	3.163E-2
4.682	6.681E-4	3.223E-2
4.691	4.777E-4	3.253E-2
4.699	2.363E-4	3.257E-2
4.708	-2.588E-5	3.232E-2
4.716	-2.667E-4	3.177E-2
4.724	-4.830E-4	3.100E-2
4.733	-6.660E-4	3.010E-2
4.741	-8.307E-4	2.918E-2
4.749	-9.088E-4	2.836E-2
4.758	-9.522E-4	2.781E-2
4.766	-1.000E-3	2.760E-2
4.775	-1.009E-3	2.777E-2
4.783	-9.928E-4	2.828E-2
4.791	-9.651E-4	2.906E-2
4.800	-8.120E-4	2.993E-2
4.808	-6.514E-4	3.082E-2
4.816	-4.249E-4	3.159E-2
4.825	-9.026E-5	3.216E-2
4.833	2.498E-4	3.247E-2
4.842	5.400E-4	3.246E-2
4.850	7.753E-4	3.221E-2
4.858	9.312E-4	3.169E-2
4.867	9.332E-4	3.098E-2
4.875	8.177E-4	3.018E-2
4.884	5.345E-4	2.937E-2
4.892	7.253E-5	2.872E-2
4.900	-4.651E-4	2.827E-2
4.909	-1.038E-3	2.811E-2
4.917	-1.606E-3	2.822E-2
4.925	-2.013E-3	2.861E-2
4.934	-2.248E-3	2.915E-2
4.942	-2.255E-3	2.979E-2
4.951	-2.014E-3	3.043E-2
4.959	-1.552E-3	3.096E-2
4.967	-8.982E-4	3.135E-2
4.976	-1.457E-4	3.156E-2
4.984	6.040E-4	3.155E-2
4.992	1.257E-3	3.144E-2
5.001	1.710E-3	3.116E-2
5.009	1.893E-3	3.081E-2
5.018	1.796E-3	3.039E-2
5.026	1.412E-3	2.999E-2
5.034	7.495E-4	2.968E-2
5.043	-7.955E-5	2.946E-2
5.051	-9.753E-4	2.935E-2
5.059	-1.813E-3	2.937E-2
5.068	-2.458E-3	2.943E-2
5.076	-2.871E-3	2.952E-2
5.085	-2.946E-3	2.965E-2
5.093	-2.719E-3	2.978E-2
5.101	-2.166E-3	2.993E-2
5.110	-1.336E-3	3.004E-2
5.118	-4.239E-4	3.016E-2
5.126	4.978E-4	3.024E-2
5.135	1.289E-3	3.037E-2
5.143	1.872E-3	3.047E-2
5.152	2.137E-3	3.063E-2
5.160	2.078E-3	3.078E-2
5.168	1.667E-3	3.089E-2
5.177	1.021E-3	3.095E-2
5.185	1.724E-4	3.098E-2
5.193	-6.886E-4	3.090E-2
5.202	-1.538E-3	3.068E-2
5.210	-2.182E-3	3.037E-2
5.219	-2.610E-3	2.999E-2
5.227	-2.686E-3	2.957E-2
5.235	-2.522E-3	2.920E-2
5.244	-2.074E-3	2.890E-2
5.252	-1.428E-3	2.873E-2
5.260	-6.564E-4	2.873E-2
5.269	8.180E-5	2.893E-2
5.277	7.130E-4	2.932E-2
5.286	1.176E-3	2.989E-2
5.294	1.415E-3	3.053E-2
5.302	1.409E-3	3.114E-2
5.311	1.181E-3	3.165E-2
5.319	7.848E-4	3.202E-2
5.327	2.564E-4	3.216E-2
5.336	-2.854E-4	3.205E-2
5.344	-7.950E-4	3.169E-2
5.353	-1.195E-3	3.113E-2
5.361	-1.494E-3	3.040E-2
5.369	-1.635E-3	2.959E-2
5.378	-1.624E-3	2.884E-2
5.386	-1.454E-3	2.820E-2
5.394	-1.196E-3	2.786E-2
5.403	-8.793E-4	2.783E-2
5.411	-5.833E-4	2.810E-2
5.420	-2.956E-4	2.870E-2
5.428	-4.268E-5	2.951E-2
5.436	1.540E-4	3.038E-2
5.445	2.688E-4	3.123E-2
5.453	2.918E-4	3.194E-2
5.461	3.045E-4	3.242E-2
5.470	2.942E-4	3.261E-2
5.478	2.859E-4	3.248E-2
5.487	2.358E-4	3.207E-2
5.495	9.435E-5	3.140E-2
5.503	-4.442E-5	3.059E-2
5.512	-2.136E-4	2.967E-2
5.520	-4.293E-4	2.884E-2
5.528	-6.679E-4	2.815E-2
5.537	-9.215E-4	2.777E-2
5.545	-1.169E-3	2.778E-2
5.554	-1.366E-3	2.806E-2
5.562	-1.493E-3	2.865E-2
5.570	-1.519E-3	2.942E-2
5.579	-1.393E-3	3.024E-2
5.587	-1.119E-3	3.102E-2
5.596	-7.404E-4	3.163E-2
5.604	-2.438E-4	3.205E-2
5.612	2.524E-4	3.221E-2
5.621	7.294E-4	3.211E-2
5.629	1.098E-3	3.178E-2
5.637	1.323E-3	3.126E-2
5.646	1.339E-3	3.063E-2
5.654	1.131E-3	2.995E-2
5.663	6.967E-4	2.935E-2
5.671	1.100E-4	2.892E-2
5.679	-6.088E-4	2.865E-2
5.688	-1.319E-3	2.866E-2
5.696	-1.950E-3	2.881E-2
5.704	-2.342E-3	2.911E-2
5.713	-2.517E-3	2.954E-2
5.721	-2.435E-3	2.996E-2
5.730	-2.068E-3	3.037E-2
5.738	-1.466E-3	3.071E-2
5.746	-6.854E-4	3.095E-2
5.755	1.786E-4	3.109E-2
5.763	9.841E-4	3.108E-2
5.771	1.605E-3	3.098E-2
5.780	2.007E-3	3.082E-2
5.788	2.101E-3	3.062E-2
5.797	1.863E-3	3.042E-2
5.805	1.319E-3	3.023E-2
5.813	5.759E-4	3.009E-2
5.822	-2.895E-4	2.998E-2
5.830	-1.173E-3	2.989E-2
5.838	-1.951E-3	2.983E-2
5.847	-2.535E-3	2.974E-2
5.855	-2.783E-3	2.966E-2
5.864	-2.764E-3	2.958E-2
5.872	-2.358E-3	2.955E-2
5.880	-1.723E-3	2.952E-2
5.889	-9.256E-4	2.951E-2
5.897	-5.160E-5	2.956E-2
5.905	7.703E-4	2.976E-2
5.914	1.424E-3	2.998E-2
5.922	1.833E-3	3.029E-2
5.931	1.948E-3	3.065E-2
5.939	1.754E-3	3.097E-2
5.947	1.323E-3	3.124E-2
5.956	7.054E-4	3.139E-2
5.964	-5.694E-5	3.142E-2
5.972	-8.018E-4	3.127E-2
5.981	-1.465E-3	3.094E-2
5.989	-1.915E-3	3.050E-2
5.998	-2.163E-3	2.996E-2
6.006	-2.137E-3	2.939E-2
6.014	-1.916E-3	2.889E-2
6.023	-1.493E-3	2.852E-2
6.031	-9.465E-4	2.835E-2
6.039	-3.738E-4	2.843E-2
6.048	1.745E-4	2.880E-2
6.056	6.414E-4	2.936E-2
6.065	9.517E-4	3.008E-2
6.073	1.078E-3	3.083E-2
6.081	1.091E-3	3.151E-2
6.090	8.969E-4	3.202E-2
6.098	6.169E-4	3.232E-2
6.106	2.771E-4	3.235E-2
6.115	-9.639E-5	3.216E-2
6.123	-4.074E-4	3.168E-2
6.132	-6.949E-4	3.100E-2
6.140	-8.861E-4	3.017E-2
6.148	-9.986E-4	2.931E-2
6.157	-9.977E-4	2.853E-2
6.165	-9.810E-4	2.800E-2
6.173	-9.281E-4	2.777E-2
6.182	-8.107E-4	2.790E-2
6.190	-7.200E-4	2.833E-2
6.199	-6.027E-4	2.904E-2
6.207	-4.693E-4	2.987E-2
6.215	-2.888E-4	3.075E-2
6.224	-1.144E-4	3.152E-2
6.232	1.268E-4	3.210E-2
6.240	3.292E-4	3.245E-2
6.249	4.830E-4	3.245E-2
6.257	6.205E-4	3.223E-2
6.266	6.653E-4	3.172E-2
6.274	6.721E-4	3.103E-2
6.282	5.572E-4	3.024E-2
6.291	2.860E-4	2.944E-2
6.299	-5.817E-5	2.875E-2
6.308	-4.532E-4	2.826E-2
6.316	-9.045E-4	2.807E-2
6.324	-1.327E-3	2.818E-2
6.333	-1.659E-3	2.856E-2
6.341	-1.827E-3	2.913E-2
6.349	-1.831E-3	2.981E-2
6.358	-1.608E-3	3.050E-2
6.366	-1.221E-3	3.108E-2
6.375	-6.825E-4	3.152E-2
6.383	-4.382E-5	3.175E-2
6.391	6.002E-4	3.176E-2
6.400	1.153E-3	3.164E-2
6.408	1.563E-3	3.133E-2
6.416	1.715E-3	3.087E-2
6.425	1.643E-3	3.039E-2
6.433	1.272E-3	2.990E-2
6.442	7.223E-4	2.949E-2
6.450	-6.125E-6	2.923E-2
6.458	-8.061E-4	2.909E-2
6.467	-1.584E-3	2.912E-2
6.475	-2.200E-3	2.926E-2
6.483	-2.572E-3	2.946E-2
6.492	-2.639E-3	2.969E-2
6.500	-2.423E-3	2.992E-2
6.509	-1.942E-3	3.014E-2
6.517	-1.212E-3	3.032E-2
6.525	-3.601E-4	3.044E-2
6.534	4.713E-4	3.049E-2
6.542	1.238E-3	3.053E-2
6.550	1.763E-3	3.057E-2
6.559	2.075E-3	3.058E-2
6.567	2.069E-3	3.059E-2
6.576	1.661E-3	3.060E-2
6.584	1.040E-3	3.062E-2
6.592	2.556E-4	3.061E-2
6.601	-6.224E-4	3.051E-2
6.609	-1.436E-3	3.039E-2
6.617	-2.074E-3	3.017E-2
6.626	-2.492E-3	2.992E-2
6.634	-2.611E-3	2.965E-2
6.643	-2.437E-3	2.940E-2
6.651	-2.030E-3	2.918E-2
6.659	-1.386E-3	2.905E-2
6.668	-6.418E-4	2.904E-2
6.676	1.334E-4	2.919E-2
6.684	8.312E-4	2.948E-2
6.693	1.345E-3	2.990E-2
6.701	1.613E-3	3.040E-2
6.710	1.609E-3	3.090E-2
6.718	1.375E-3	3.131E-2
6.726	9.478E-4	3.162E-2
6.735	3.680E-4	3.177E-2
6.743	-2.444E-4	3.171E-2
6.751	-7.932E-4	3.142E-2
6.760	-1.272E-3	3.095E-2
6.768	-1.621E-3	3.036E-2
6.777	-1.768E-3	2.967E-2
6.785	-1.783E-3	2.902E-2
6.793	-1.562E-3	2.846E-2
6.802	-1.248E-3	2.812E-2
6.810	-8.266E-4	2.805E-2
6.818	-4.371E-4	2.829E-2
6.827	-6.847E-5	2.881E-2
6.835	2.383E-4	2.950E-2
6.844	4.325E-4	3.030E-2
6.852	5.215E-4	3.110E-2
6.860	5.075E-4	3.173E-2
6.869	4.847E-4	3.220E-2
6.877	3.141E-4	3.240E-2
6.885	1.669E-4	3.232E-2
6.894	5.845E-6	3.198E-2
6.902	-1.785E-4	3.137E-2
6.911	-3.462E-4	3.058E-2
6.919	-5.112E-4	2.972E-2
6.927	-6.483E-4	2.892E-2
6.936	-8.144E-4	2.826E-2
6.944	-9.477E-4	2.788E-2
6.953	-1.069E-3	2.782E-2
6.961	-1.133E-3	2.808E-2
6.969	-1.140E-3	2.863E-2
6.978	-1.139E-3	2.939E-2
6.986	-1.028E-3	3.021E-2
6.994	-7.646E-4	3.097E-2
7.003	-4.601E-4	3.161E-2
7.011	-1.196E-4	3.201E-2
7.020	2.319E-4	3.220E-2
7.028	5.873E-4	3.213E-2
7.036	8.839E-4	3.180E-2
7.045	1.021E-3	3.127E-2
7.053	9.940E-4	3.062E-2
7.061	7.870E-4	2.990E-2
7.070	4.339E-4	2.925E-2
7.078	-4.150E-5	2.875E-2
7.087	-6.124E-4	2.845E-2
7.095	-1.205E-3	2.846E-2
7.103	-1.711E-3	2.860E-2
7.112	-2.042E-3	2.896E-2
7.120	-2.220E-3	2.943E-2
7.128	-2.185E-3	2.994E-2
7.137	-1.854E-3	3.043E-2
7.145	-1.329E-3	3.082E-2
7.154	-6.672E-4	3.110E-2
7.162	7.200E-5	3.124E-2
7.170	7.659E-4	3.124E-2
7.179	1.339E-3	3.108E-2
7.187	1.701E-3	3.084E-2
7.195	1.797E-3	3.055E-2
7.204	1.615E-3	3.027E-2
7.212	1.141E-3	3.000E-2
7.221	4.686E-4	2.979E-2
7.229	-3.546E-4	2.967E-2
7.237	-1.195E-3	2.961E-2
7.246	-1.906E-3	2.962E-2
7.254	-2.415E-3	2.963E-2
7.262	-2.710E-3	2.964E-2
7.271	-2.709E-3	2.971E-2
7.279	-2.347E-3	2.972E-2
7.288	-1.751E-3	2.979E-2
7.296	-9.956E-4	2.986E-2
7.304	-1.355E-4	2.996E-2
7.313	6.500E-4	3.007E-2
7.321	1.331E-3	3.021E-2
7.329	1.762E-3	3.039E-2
7.338	1.906E-3	3.059E-2
7.346	1.720E-3	3.080E-2
7.355	1.278E-3	3.097E-2
7.363	6.689E-4	3.108E-2
7.371	-9.673E-5	3.107E-2
7.380	-8.274E-4	3.091E-2
7.388	-1.533E-3	3.065E-2
7.396	-2.038E-3	3.030E-2
7.405	-2.309E-3	2.989E-2
7.413	-2.302E-3	2.945E-2
7.422	-2.077E-3	2.904E-2
7.430	-1.633E-3	2.875E-2
7.438	-1.052E-3	2.860E-2
7.447	-4.199E-4	2.866E-2
7.455	1.953E-4	2.896E-2
7.463	7.032E-4	2.942E-2
7.472	1.031E-3	3.002E-2
7.480	1.156E-3	3.067E-2
7.489	1.148E-3	3.124E-2
7.497	8.847E-4	3.171E-2
7.505	5.367E-4	3.200E-2
7.514	9.724E-5	3.200E-2
7.522	-3.667E-4	3.184E-2
7.530	-7.594E-4	3.146E-2
7.539	-1.065E-3	3.085E-2
7.547	-1.278E-3	3.012E-2
7.556	-1.370E-3	2.937E-2
7.564	-1.366E-3	2.870E-2
7.572	-1.244E-3	2.819E-2
7.581	-1.051E-3	2.798E-2
7.589	-8.530E-4	2.807E-2
7.597	-6.537E-4	2.846E-2
7.606	-4.539E-4	2.910E-2
7.614	-2.749E-4	2.990E-2
7.623	-1.114E-4	3.073E-2
7.631	3.414E-5	3.148E-2
7.639	1.578E-4	3.204E-2
7.648	2.390E-4	3.236E-2
7.656	2.614E-4	3.243E-2
7.665	2.680E-4	3.223E-2
7.673	2.611E-4	3.175E-2
7.681	2.538E-4	3.108E-2
7.690	8.594E-5	3.031E-2
7.698	-1.133E-4	2.949E-2
7.706	-3.342E-4	2.878E-2
7.715	-6.097E-4	2.827E-2
7.723	-9.283E-4	2.805E-2
7.732	-1.203E-3	2.813E-2
7.740	-1.413E-3	2.849E-2
7.748	-1.537E-3	2.905E-2
7.757	-1.549E-3	2.973E-2
7.765	-1.362E-3	3.042E-2
7.773	-1.057E-3	3.103E-2
7.782	-6.234E-4	3.151E-2
7.790	-1.257E-4	3.179E-2
7.799	3.675E-4	3.182E-2
7.807	8.505E-4	3.168E-2
7.815	1.193E-3	3.134E-2
7.824	1.357E-3	3.085E-2
7.832	1.333E-3	3.030E-2
7.840	9.986E-4	2.976E-2
7.849	4.929E-4	2.929E-2
7.857	-1.368E-4	2.897E-2
7.866	-8.358E-4	2.883E-2
7.874	-1.519E-3	2.882E-2
7.882	-2.047E-3	2.900E-2
7.891	-2.378E-3	2.928E-2
7.899	-2.422E-3	2.959E-2
7.907	-2.281E-3	2.994E-2
7.916	-1.854E-3	3.025E-2
7.924	-1.196E-3	3.051E-2
7.933	-4.297E-4	3.068E-2
7.941	3.472E-4	3.071E-2
7.949	1.071E-3	3.074E-2
7.958	1.602E-3	3.069E-2
7.966	1.875E-3	3.062E-2
7.974	1.862E-3	3.052E-2
7.983	1.514E-3	3.043E-2
7.991	9.727E-4	3.034E-2
8.000	2.101E-4	3.026E-2
8.008	-6.145E-4	3.018E-2
8.016	-1.399E-3	3.009E-2
8.025	-2.030E-3	2.997E-2
8.033	-2.453E-3	2.984E-2
8.041	-2.572E-3	2.969E-2
8.050	-2.434E-3	2.955E-2
8.058	-2.032E-3	2.946E-2
8.067	-1.427E-3	2.940E-2
8.075	-6.649E-4	2.941E-2
8.083	1.174E-4	2.953E-2
8.092	8.270E-4	2.974E-2
8.100	1.361E-3	3.002E-2
8.108	1.634E-3	3.041E-2
8.117	1.628E-3	3.078E-2
8.125	1.391E-3	3.111E-2
8.134	9.396E-4	3.134E-2
8.142	3.458E-4	3.145E-2
8.150	-2.907E-4	3.144E-2
8.159	-8.895E-4	3.118E-2
8.167	-1.414E-3	3.082E-2
8.175	-1.779E-3	3.032E-2
8.184	-1.930E-3	2.975E-2
8.192	-1.878E-3	2.917E-2
8.201	-1.598E-3	2.872E-2
8.209	-1.203E-3	2.842E-2
8.217	-7.335E-4	2.837E-2
8.226	-2.634E-4	2.853E-2
8.234	1.865E-4	2.896E-2
8.242	5.155E-4	2.957E-2
8.251	7.227E-4	3.031E-2
8.259	7.436E-4	3.101E-2
8.268	7.320E-4	3.161E-2
8.276	5.611E-4	3.201E-2
8.284	3.107E-4	3.221E-2
8.293	4.130E-5	3.218E-2
8.301	-2.093E-4	3.183E-2
8.309	-4.462E-4	3.128E-2
8.318	-6.422E-4	3.058E-2
8.326	-8.007E-4	2.980E-2
8.335	-8.856E-4	2.906E-2
8.343	-8.981E-4	2.840E-2
8.351	-9.202E-4	2.803E-2
8.360	-9.202E-4	2.794E-2
8.368	-9.198E-4	2.820E-2
8.377	-9.112E-4	2.873E-2
8.385	-7.944E-4	2.942E-2
8.393	-6.428E-4	3.021E-2
8.402	-4.606E-4	3.096E-2
8.410	-2.450E-4	3.160E-2
8.418	2.260E-6	3.201E-2
8.427	2.454E-4	3.222E-2
8.435	4.661E-4	3.218E-2
8.444	6.365E-4	3.184E-2
8.452	7.141E-4	3.135E-2
8.460	7.039E-4	3.068E-2
8.469	5.186E-4	2.993E-2
8.477	2.335E-4	2.926E-2
8.485	-1.676E-4	2.871E-2
8.494	-6.204E-4	2.838E-2
8.502	-1.089E-3	2.830E-2
8.511	-1.509E-3	2.848E-2
8.519	-1.814E-3	2.888E-2
8.527	-1.933E-3	2.942E-2
8.536	-1.872E-3	2.998E-2
8.544	-1.577E-3	3.053E-2
8.552	-1.138E-3	3.099E-2
8.561	-5.646E-4	3.131E-2
8.569	7.501E-5	3.146E-2
8.578	6.848E-4	3.146E-2
8.586	1.172E-3	3.128E-2
8.594	1.492E-3	3.100E-2
8.603	1.614E-3	3.061E-2
8.611	1.444E-3	3.022E-2
8.619	1.017E-3	2.986E-2
8.628	3.979E-4	2.959E-2
8.636	-3.237E-4	2.944E-2
8.645	-1.049E-3	2.939E-2
8.653	-1.746E-3	2.940E-2
8.661	-2.244E-3	2.950E-2
8.670	-2.501E-3	2.963E-2
8.678	-2.501E-3	2.979E-2
8.686	-2.186E-3	2.995E-2
8.695	-1.670E-3	3.009E-2
8.703	-9.540E-4	3.020E-2
8.712	-1.508E-4	3.027E-2
8.720	6.036E-4	3.033E-2
8.728	1.247E-3	3.043E-2
8.737	1.646E-3	3.047E-2
8.745	1.789E-3	3.059E-2
8.753	1.657E-3	3.067E-2
8.762	1.224E-3	3.070E-2
8.770	6.081E-4	3.074E-2
8.779	-1.337E-4	3.076E-2
8.787	-8.897E-4	3.066E-2
8.795	-1.573E-3	3.047E-2
8.804	-2.076E-3	3.024E-2
8.812	-2.337E-3	2.995E-2
8.820	-2.326E-3	2.962E-2
8.829	-2.101E-3	2.934E-2
8.837	-1.660E-3	2.914E-2
8.846	-1.044E-3	2.905E-2
8.854	-3.921E-4	2.904E-2
8.862	2.489E-4	2.927E-2
8.871	7.811E-4	2.962E-2
8.879	1.134E-3	3.010E-2
8.887	1.277E-3	3.062E-2
8.896	1.274E-3	3.109E-2
8.904	9.911E-4	3.149E-2
8.913	5.953E-4	3.173E-2
8.921	1.181E-4	3.177E-2
8.929	-3.816E-4	3.164E-2
8.938	-8.458E-4	3.130E-2
8.946	-1.206E-3	3.078E-2
8.954	-1.421E-3	3.015E-2
8.963	-1.461E-3	2.948E-2
8.971	-1.425E-3	2.887E-2
8.980	-1.208E-3	2.842E-2
8.988	-9.268E-4	2.821E-2
8.996	-6.417E-4	2.826E-2
9.005	-3.605E-4	2.860E-2
9.013	-1.126E-4	2.915E-2
9.021	1.102E-4	2.987E-2
9.030	2.520E-4	3.062E-2
9.038	2.926E-4	3.131E-2
9.047	2.846E-4	3.184E-2
9.055	2.787E-4	3.221E-2
9.063	2.571E-4	3.228E-2
9.072	1.845E-4	3.209E-2
9.080	8.031E-5	3.169E-2
9.089	-6.763E-5	3.106E-2
9.097	-2.090E-4	3.032E-2
9.105	-3.630E-4	2.955E-2
9.114	-5.474E-4	2.888E-2
9.122	-6.991E-4	2.838E-2
9.130	-8.860E-4	2.811E-2
9.139	-1.068E-3	2.815E-2
9.147	-1.182E-3	2.849E-2
9.156	-1.185E-3	2.905E-2
9.164	-1.175E-3	2.972E-2
9.172	-1.007E-3	3.044E-2
9.181	-7.389E-4	3.105E-2
9.189	-4.062E-4	3.155E-2
9.197	-1.892E-5	3.183E-2
9.206	3.696E-4	3.190E-2
9.214	7.334E-4	3.177E-2
9.223	9.699E-4	3.141E-2
9.231	1.082E-3	3.092E-2
9.239	1.073E-3	3.032E-2
9.248	8.010E-4	2.972E-2
9.256	3.824E-4	2.920E-2
9.264	-1.467E-4	2.885E-2
9.273	-7.341E-4	2.867E-2
9.281	-1.280E-3	2.870E-2
9.290	-1.767E-3	2.893E-2
9.298	-2.065E-3	2.926E-2
9.306	-2.112E-3	2.966E-2
9.315	-2.000E-3	3.009E-2
9.323	-1.614E-3	3.047E-2
9.331	-1.066E-3	3.078E-2
9.340	-3.935E-4	3.098E-2
9.348	2.846E-4	3.103E-2
9.357	9.237E-4	3.103E-2
9.365	1.408E-3	3.088E-2
9.373	1.649E-3	3.068E-2
9.382	1.640E-3	3.045E-2
9.390	1.358E-3	3.024E-2
9.398	8.537E-4	3.009E-2
9.407	1.904E-4	2.997E-2
9.415	-5.959E-4	2.986E-2
9.424	-1.345E-3	2.985E-2
9.432	-1.962E-3	2.981E-2
9.440	-2.365E-3	2.979E-2
9.449	-2.492E-3	2.978E-2
9.457	-2.362E-3	2.978E-2
9.465	-1.966E-3	2.979E-2
9.474	-1.381E-3	2.981E-2
9.482	-6.719E-4	2.982E-2
9.491	1.205E-4	2.993E-2
9.499	8.152E-4	3.006E-2
9.507	1.353E-3	3.028E-2
9.516	1.639E-3	3.053E-2
9.524	1.634E-3	3.079E-2
9.532	1.402E-3	3.101E-2
9.541	9.481E-4	3.119E-2
9.549	3.179E-4	3.125E-2
9.558	-3.615E-4	3.125E-2
9.566	-1.018E-3	3.104E-2
9.574	-1.551E-3	3.075E-2
9.583	-1.920E-3	3.035E-2
9.591	-2.052E-3	2.989E-2
9.599	-2.039E-3	2.945E-2
9.608	-1.745E-3	2.905E-2
9.616	-1.332E-3	2.879E-2
9.625	-8.142E-4	2.871E-2
9.633	-3.002E-4	2.885E-2
9.641	2.236E-4	2.918E-2
9.650	5.982E-4	2.969E-2
9.658	8.432E-4	3.030E-2
9.666	9.001E-4	3.090E-2
9.675	8.683E-4	3.142E-2
9.683	6.568E-4	3.182E-2
9.692	3.653E-4	3.199E-2
9.700	3.558E-5	3.198E-2
9.708	-3.052E-4	3.168E-2
9.717	-5.973E-4	3.122E-2
9.725	-8.495E-4	3.061E-2
9.734	-1.011E-3	2.988E-2
9.742	-1.009E-3	2.919E-2
9.750	-9.924E-4	2.860E-2
9.759	-9.433E-4	2.819E-2
9.767	-8.171E-4	2.810E-2
9.775	-7.046E-4	2.829E-2
9.784	-5.744E-4	2.875E-2
9.792	-4.495E-4	2.940E-2
9.801	-3.076E-4	3.015E-2
9.809	-1.626E-4	3.088E-2
9.817	-1.529E-5	3.149E-2
9.826	1.097E-4	3.193E-2
9.834	2.275E-4	3.216E-2
9.842	3.114E-4	3.216E-2
9.851	3.288E-4	3.184E-2
9.859	3.189E-4	3.136E-2
9.868	2.985E-4	3.071E-2
9.876	1.438E-4	3.000E-2
9.884	-4.807E-5	2.930E-2
9.893	-3.245E-4	2.873E-2
9.901	-6.495E-4	2.836E-2
9.909	-9.811E-4	2.827E-2
9.918	-1.277E-3	2.845E-2
9.926	-1.520E-3	2.884E-2
9.935	-1.605E-3	2.937E-2
9.943	-1.587E-3	2.999E-2
9.951	-1.327E-3	3.056E-2
9.960	-9.551E-4	3.106E-2
9.968	-4.775E-4	3.141E-2
9.976	3.725E-5	3.160E-2
9.985	5.333E-4	3.158E-2
9.993	9.468E-4	3.135E-2
10.002	1.204E-3	3.100E-2
10.010	1.262E-3	3.059E-2
10.018	1.135E-3	3.013E-2
10.027	7.666E-4	2.970E-2
10.035	2.397E-4	2.938E-2
10.043	-3.963E-4	2.918E-2
10.052	-1.065E-3	2.913E-2
10.060	-1.668E-3	2.916E-2
10.069	-2.100E-3	2.934E-2
10.077	-2.317E-3	2.958E-2
10.085	-2.306E-3	2.986E-2
10.094	-2.034E-3	3.011E-2
10.102	-1.561E-3	3.033E-2
10.110	-9.043E-4	3.049E-2
10.119	-1.751E-4	3.060E-2
10.127	5.272E-4	3.060E-2
10.136	1.135E-3	3.061E-2
10.144	1.551E-3	3.060E-2
10.152	1.696E-3	3.060E-2
10.161	1.554E-3	3.054E-2
10.169	1.164E-3	3.054E-2
10.177	5.997E-4	3.051E-2
10.186	-1.152E-4	3.045E-2
10.194	-8.716E-4	3.034E-2
10.203	-1.557E-3	3.022E-2
10.211	-2.058E-3	3.004E-2
10.219	-2.321E-3	2.987E-2
10.228	-2.316E-3	2.968E-2
10.236	-2.113E-3	2.950E-2
10.244	-1.642E-3	2.936E-2
10.253	-1.045E-3	2.932E-2
10.261	-3.646E-4	2.935E-2
10.270	2.681E-4	2.955E-2
10.278	8.207E-4	2.984E-2
10.286	1.221E-3	3.019E-2
10.295	1.375E-3	3.058E-2
10.303	1.351E-3	3.098E-2
10.311	1.035E-3	3.130E-2
10.320	6.240E-4	3.149E-2
10.328	9.723E-5	3.150E-2
10.337	-4.803E-4	3.141E-2
10.345	-9.672E-4	3.114E-2
10.353	-1.355E-3	3.068E-2
10.362	-1.593E-3	3.014E-2
10.370	-1.618E-3	2.958E-2
10.378	-1.581E-3	2.906E-2
10.387	-1.345E-3	2.865E-2
10.395	-9.915E-4	2.845E-2
10.404	-6.175E-4	2.847E-2
10.412	-2.380E-4	2.877E-2
10.420	7.203E-5	2.924E-2
10.429	2.915E-4	2.986E-2
10.437	4.543E-4	3.056E-2
10.446	4.610E-4	3.120E-2
10.454	4.627E-4	3.172E-2
10.462	3.549E-4	3.204E-2
10.471	2.075E-4	3.211E-2
10.479	2.315E-5	3.198E-2
10.487	-1.661E-4	3.158E-2
10.496	-3.525E-4	3.101E-2
10.504	-4.973E-4	3.033E-2
10.513	-6.322E-4	2.961E-2
10.521	-7.240E-4	2.895E-2
10.529	-7.985E-4	2.844E-2
10.538	-8.378E-4	2.820E-2
10.546	-9.076E-4	2.823E-2
10.554	-9.174E-4	2.857E-2
10.563	-9.162E-4	2.910E-2
10.571	-8.908E-4	2.978E-2
10.580	-7.120E-4	3.051E-2
10.588	-5.113E-4	3.116E-2
10.596	-2.593E-4	3.169E-2
10.605	1.740E-5	3.201E-2
10.613	2.857E-4	3.209E-2
10.621	5.130E-4	3.196E-2
10.630	6.903E-4	3.160E-2
10.638	7.059E-4	3.107E-2
10.647	7.038E-4	3.044E-2
10.655	4.782E-4	2.980E-2
10.663	1.536E-4	2.926E-2
10.672	-2.439E-4	2.885E-2
10.680	-7.056E-4	2.863E-2
10.688	-1.157E-3	2.866E-2
10.697	-1.547E-3	2.892E-2
10.705	-1.798E-3	2.928E-2
10.714	-1.827E-3	2.973E-2
10.722	-1.735E-3	3.019E-2
10.730	-1.418E-3	3.062E-2
10.739	-9.331E-4	3.095E-2
10.747	-3.558E-4	3.118E-2
10.755	2.457E-4	3.127E-2
10.764	8.032E-4	3.121E-2
10.772	1.239E-3	3.104E-2
10.781	1.454E-3	3.078E-2
10.789	1.436E-3	3.049E-2
10.797	1.183E-3	3.021E-2
10.806	7.230E-4	2.993E-2
10.814	9.050E-5	2.974E-2
10.822	-6.142E-4	2.962E-2
10.831	-1.311E-3	2.962E-2
10.839	-1.898E-3	2.963E-2
10.848	-2.252E-3	2.966E-2
10.856	-2.376E-3	2.976E-2
10.864	-2.253E-3	2.982E-2
10.873	-1.888E-3	2.990E-2
10.881	-1.318E-3	2.998E-2
10.889	-6.363E-4	3.003E-2
10.898	7.888E-5	3.014E-2
10.906	7.368E-4	3.022E-2
10.915	1.241E-3	3.032E-2
10.923	1.523E-3	3.044E-2
10.931	1.558E-3	3.057E-2
10.940	1.357E-3	3.068E-2
10.948	9.268E-4	3.077E-2
