#multi:
	mass A	mass B	
t	x	x	
0.000	-4.589E-3	2.943E-2
0.008	-4.577E-3	2.945E-2
0.017	-4.577E-3	2.945E-2
0.025	-4.577E-3	2.945E-2
0.034	-4.577E-3	2.945E-2
0.042	-4.575E-3	2.945E-2
0.050	-4.571E-3	2.945E-2
0.059	-4.566E-3	2.945E-2
0.067	-4.546E-3	2.945E-2
0.075	-4.537E-3	2.944E-2
0.084	-4.507E-3	2.944E-2
0.092	-4.388E-3	2.943E-2
0.101	-4.293E-3	2.943E-2
0.109	-4.159E-3	2.943E-2
0.117	-3.968E-3	2.944E-2
0.126	-3.663E-3	2.947E-2
0.134	-3.201E-3	2.947E-2
0.142	-2.473E-3	2.954E-2
0.151	-1.526E-3	2.959E-2
0.159	-4.302E-4	2.973E-2
0.168	7.071E-4	2.988E-2
0.176	1.682E-3	3.011E-2
0.184	2.355E-3	3.038E-2
0.193	2.677E-3	3.069E-2
0.201	2.568E-3	3.104E-2
0.209	2.081E-3	3.130E-2
0.218	1.290E-3	3.148E-2
0.226	3.149E-4	3.149E-2
0.235	-7.335E-4	3.136E-2
0.243	-1.673E-3	3.103E-2
0.251	-2.408E-3	3.057E-2
0.260	-2.810E-3	2.999E-2
0.268	-2.929E-3	2.936E-2
0.276	-2.754E-3	2.878E-2
0.285	-2.242E-3	2.829E-2
0.293	-1.546E-3	2.805E-2
0.302	-7.224E-4	2.805E-2
0.310	1.469E-4	2.838E-2
0.318	8.498E-4	2.895E-2
0.327	1.388E-3	2.974E-2
0.335	1.657E-3	3.062E-2
0.343	1.645E-3	3.147E-2
0.352	1.450E-3	3.217E-2
0.360	1.022E-3	3.264E-2
0.369	4.931E-4	3.279E-2
0.377	-5.682E-5	3.265E-2
0.385	-6.086E-4	3.218E-2
0.394	-1.077E-3	3.141E-2
0.402	-1.405E-3	3.046E-2
0.410	-1.583E-3	2.941E-2
0.419	-1.598E-3	2.842E-2
0.427	-1.556E-3	2.766E-2
0.436	-1.374E-3	2.717E-2
0.444	-1.130E-3	2.716E-2
0.452	-8.644E-4	2.758E-2
0.461	-6.372E-4	2.837E-2
0.469	-3.926E-4	2.942E-2
0.477	-1.725E-4	3.055E-2
0.486	2.388E-5	3.159E-2
0.494	2.355E-4	3.242E-2
0.503	4.097E-4	3.295E-2
0.511	5.270E-4	3.314E-2
0.519	6.266E-4	3.295E-2
0.528	6.457E-4	3.244E-2
0.536	6.341E-4	3.163E-2
0.544	4.717E-4	3.064E-2
0.553	2.059E-4	2.953E-2
0.561	-1.379E-4	2.851E-2
0.570	-5.556E-4	2.775E-2
0.578	-1.020E-3	2.736E-2
0.586	-1.423E-3	2.736E-2
0.595	-1.785E-3	2.774E-2
0.603	-2.024E-3	2.845E-2
0.611	-2.035E-3	2.935E-2
0.620	-1.861E-3	3.030E-2
0.628	-1.469E-3	3.117E-2
0.637	-8.723E-4	3.186E-2
0.645	-1.973E-4	3.235E-2
0.653	5.397E-4	3.253E-2
0.662	1.220E-3	3.245E-2
0.670	1.711E-3	3.207E-2
0.678	2.000E-3	3.152E-2
0.687	2.022E-3	3.083E-2
0.695	1.698E-3	3.010E-2
0.704	1.100E-3	2.945E-2
0.712	2.624E-4	2.898E-2
0.720	-6.951E-4	2.870E-2
0.729	-1.637E-3	2.870E-2
0.737	-2.437E-3	2.882E-2
0.746	-2.979E-3	2.909E-2
0.754	-3.179E-3	2.950E-2
0.762	-3.055E-3	2.990E-2
0.771	-2.536E-3	3.030E-2
0.779	-1.727E-3	3.064E-2
0.787	-7.713E-4	3.086E-2
0.796	3.340E-4	3.099E-2
0.804	1.331E-3	3.103E-2
0.813	2.140E-3	3.103E-2
0.821	2.622E-3	3.093E-2
0.829	2.707E-3	3.086E-2
0.838	2.375E-3	3.076E-2
0.846	1.704E-3	3.067E-2
0.854	7.114E-4	3.056E-2
0.863	-3.979E-4	3.044E-2
0.871	-1.486E-3	3.029E-2
0.880	-2.389E-3	3.012E-2
0.888	-3.004E-3	2.990E-2
0.896	-3.292E-3	2.967E-2
0.905	-3.228E-3	2.943E-2
0.913	-2.749E-3	2.923E-2
0.921	-1.974E-3	2.911E-2
0.930	-1.055E-3	2.913E-2
0.938	-3.696E-5	2.924E-2
0.947	9.478E-4	2.951E-2
0.955	1.715E-3	2.991E-2
0.963	2.178E-3	3.042E-2
0.972	2.291E-3	3.097E-2
0.980	2.078E-3	3.149E-2
0.988	1.583E-3	3.190E-2
0.997	8.565E-4	3.213E-2
1.005	1.672E-5	3.214E-2
1.014	-7.977E-4	3.186E-2
1.022	-1.525E-3	3.141E-2
1.030	-2.065E-3	3.077E-2
1.039	-2.350E-3	2.998E-2
1.047	-2.335E-3	2.917E-2
1.055	-2.141E-3	2.846E-2
1.064	-1.704E-3	2.798E-2
1.072	-1.117E-3	2.779E-2
1.081	-4.957E-4	2.794E-2
1.089	7.254E-5	2.849E-2
1.097	5.366E-4	2.927E-2
1.106	8.734E-4	3.021E-2
1.114	1.050E-3	3.116E-2
1.122	1.082E-3	3.206E-2
1.131	9.994E-4	3.270E-2
1.139	7.453E-4	3.307E-2
1.148	4.570E-4	3.308E-2
1.156	1.405E-4	3.278E-2
1.164	-1.628E-4	3.218E-2
1.173	-4.514E-4	3.125E-2
1.181	-6.763E-4	3.021E-2
1.189	-8.598E-4	2.913E-2
1.198	-9.872E-4	2.820E-2
1.206	-1.088E-3	2.758E-2
1.215	-1.115E-3	2.732E-2
1.223	-1.130E-3	2.751E-2
1.231	-1.137E-3	2.811E-2
1.240	-1.092E-3	2.899E-2
1.248	-9.126E-4	3.000E-2
1.256	-6.851E-4	3.101E-2
1.265	-3.889E-4	3.193E-2
1.273	-6.698E-6	3.264E-2
1.282	3.544E-4	3.298E-2
1.290	7.460E-4	3.296E-2
1.298	1.020E-3	3.269E-2
1.307	1.161E-3	3.209E-2
1.315	1.162E-3	3.127E-2
1.323	1.018E-3	3.034E-2
1.332	6.588E-4	2.940E-2
1.340	1.558E-4	2.859E-2
1.349	-4.629E-4	2.805E-2
1.357	-1.144E-3	2.785E-2
1.365	-1.762E-3	2.798E-2
1.374	-2.251E-3	2.841E-2
1.382	-2.498E-3	2.904E-2
1.390	-2.499E-3	2.976E-2
1.399	-2.218E-3	3.045E-2
1.407	-1.661E-3	3.106E-2
1.416	-8.960E-4	3.153E-2
1.424	-4.317E-5	3.178E-2
1.432	8.432E-4	3.181E-2
1.441	1.604E-3	3.169E-2
1.449	2.129E-3	3.135E-2
1.458	2.364E-3	3.092E-2
1.466	2.239E-3	3.043E-2
1.474	1.783E-3	2.995E-2
1.483	1.043E-3	2.958E-2
1.491	9.128E-5	2.933E-2
1.499	-9.504E-4	2.921E-2
1.508	-1.914E-3	2.921E-2
1.516	-2.675E-3	2.923E-2
1.525	-3.145E-3	2.935E-2
1.533	-3.197E-3	2.951E-2
1.541	-2.957E-3	2.967E-2
1.550	-2.336E-3	2.983E-2
1.558	-1.428E-3	2.997E-2
1.566	-3.724E-4	3.010E-2
1.575	7.070E-4	3.022E-2
1.583	1.621E-3	3.034E-2
1.592	2.284E-3	3.050E-2
1.600	2.612E-3	3.067E-2
1.608	2.555E-3	3.082E-2
1.617	2.076E-3	3.097E-2
1.625	1.326E-3	3.107E-2
1.633	3.784E-4	3.106E-2
1.642	-6.217E-4	3.094E-2
1.650	-1.583E-3	3.074E-2
1.659	-2.333E-3	3.040E-2
1.667	-2.792E-3	2.994E-2
1.675	-2.930E-3	2.947E-2
1.684	-2.762E-3	2.901E-2
1.692	-2.260E-3	2.865E-2
1.700	-1.528E-3	2.847E-2
1.709	-6.949E-4	2.848E-2
1.717	1.723E-4	2.873E-2
1.726	9.448E-4	2.920E-2
1.734	1.486E-3	2.984E-2
1.742	1.783E-3	3.059E-2
1.751	1.802E-3	3.130E-2
1.759	1.584E-3	3.190E-2
1.767	1.153E-3	3.233E-2
1.776	5.595E-4	3.249E-2
1.784	-8.829E-5	3.237E-2
1.793	-6.837E-4	3.197E-2
1.801	-1.202E-3	3.131E-2
1.809	-1.552E-3	3.049E-2
1.818	-1.749E-3	2.960E-2
1.826	-1.771E-3	2.871E-2
1.834	-1.610E-3	2.799E-2
1.843	-1.333E-3	2.758E-2
1.851	-9.940E-4	2.752E-2
1.860	-6.275E-4	2.788E-2
1.868	-2.909E-4	2.856E-2
1.876	1.759E-5	2.947E-2
1.885	2.493E-4	3.051E-2
1.893	4.174E-4	3.150E-2
1.901	5.265E-4	3.234E-2
1.910	5.219E-4	3.288E-2
1.918	5.160E-4	3.310E-2
1.927	5.057E-4	3.296E-2
1.935	3.916E-4	3.249E-2
1.943	2.693E-4	3.174E-2
1.952	8.388E-5	3.078E-2
1.960	-1.485E-4	2.971E-2
1.968	-4.192E-4	2.873E-2
1.977	-6.975E-4	2.793E-2
1.985	-1.007E-3	2.746E-2
1.994	-1.284E-3	2.742E-2
2.002	-1.535E-3	2.772E-2
2.010	-1.676E-3	2.842E-2
2.019	-1.651E-3	2.931E-2
2.027	-1.474E-3	3.021E-2
2.035	-1.120E-3	3.107E-2
2.044	-6.653E-4	3.179E-2
2.052	-1.227E-4	3.225E-2
2.061	4.642E-4	3.244E-2
2.069	9.883E-4	3.236E-2
2.077	1.395E-3	3.200E-2
2.086	1.632E-3	3.141E-2
2.094	1.630E-3	3.071E-2
2.103	1.374E-3	2.995E-2
2.111	8.837E-4	2.924E-2
2.119	1.989E-4	2.870E-2
2.128	-6.046E-4	2.838E-2
2.136	-1.433E-3	2.833E-2
2.144	-2.124E-3	2.849E-2
2.153	-2.605E-3	2.884E-2
2.161	-2.789E-3	2.929E-2
2.170	-2.679E-3	2.978E-2
2.178	-2.275E-3	3.030E-2
2.186	-1.576E-3	3.071E-2
2.195	-6.735E-4	3.102E-2
2.203	2.984E-4	3.115E-2
2.211	1.210E-3	3.120E-2
2.220	1.921E-3	3.113E-2
2.228	2.368E-3	3.092E-2
2.237	2.487E-3	3.075E-2
2.245	2.222E-3	3.055E-2
2.253	1.636E-3	3.036E-2
2.262	7.578E-4	3.018E-2
2.270	-2.813E-4	3.003E-2
2.278	-1.276E-3	2.994E-2
2.287	-2.189E-3	2.983E-2
2.295	-2.843E-3	2.972E-2
2.304	-3.137E-3	2.962E-2
2.312	-3.143E-3	2.953E-2
2.320	-2.714E-3	2.945E-2
2.329	-1.981E-3	2.944E-2
2.337	-1.082E-3	2.943E-2
2.345	-8.162E-5	2.953E-2
2.354	9.092E-4	2.972E-2
2.362	1.677E-3	2.998E-2
2.371	2.147E-3	3.035E-2
2.379	2.307E-3	3.076E-2
2.387	2.112E-3	3.113E-2
2.396	1.601E-3	3.141E-2
2.404	8.829E-4	3.159E-2
2.412	2.321E-5	3.156E-2
2.421	-8.495E-4	3.134E-2
2.429	-1.609E-3	3.097E-2
2.438	-2.174E-3	3.044E-2
2.446	-2.446E-3	2.980E-2
2.454	-2.468E-3	2.917E-2
2.463	-2.264E-3	2.857E-2
2.471	-1.809E-3	2.813E-2
2.479	-1.192E-3	2.792E-2
2.488	-4.897E-4	2.803E-2
2.496	1.637E-4	2.845E-2
2.505	7.122E-4	2.914E-2
2.513	1.067E-3	2.998E-2
2.521	1.260E-3	3.083E-2
2.530	1.229E-3	3.161E-2
2.538	1.023E-3	3.223E-2
2.546	7.008E-4	3.259E-2
2.555	3.048E-4	3.261E-2
2.563	-1.164E-4	3.239E-2
2.572	-4.988E-4	3.185E-2
2.580	-8.284E-4	3.107E-2
2.588	-1.074E-3	3.013E-2
2.597	-1.230E-3	2.916E-2
2.605	-1.241E-3	2.829E-2
2.613	-1.212E-3	2.766E-2
2.622	-1.148E-3	2.737E-2
2.630	-1.022E-3	2.749E-2
2.639	-8.727E-4	2.805E-2
2.647	-7.247E-4	2.886E-2
2.655	-5.358E-4	2.986E-2
2.664	-3.087E-4	3.086E-2
2.672	-6.341E-5	3.173E-2
2.680	1.994E-4	3.241E-2
2.689	4.366E-4	3.280E-2
2.697	6.566E-4	3.289E-2
2.706	8.301E-4	3.264E-2
2.714	8.877E-4	3.208E-2
2.722	8.894E-4	3.132E-2
2.731	7.260E-4	3.036E-2
2.739	4.303E-4	2.943E-2
2.747	2.732E-5	2.859E-2
2.756	-4.716E-4	2.802E-2
2.764	-9.855E-4	2.779E-2
2.773	-1.458E-3	2.790E-2
2.781	-1.815E-3	2.830E-2
2.789	-2.026E-3	2.895E-2
2.798	-2.037E-3	2.970E-2
2.806	-1.805E-3	3.045E-2
2.815	-1.351E-3	3.110E-2
2.823	-7.252E-4	3.165E-2
2.831	-5.779E-6	3.197E-2
2.840	7.291E-4	3.201E-2
2.848	1.362E-3	3.187E-2
2.856	1.829E-3	3.155E-2
2.865	2.057E-3	3.105E-2
2.873	1.994E-3	3.049E-2
2.882	1.578E-3	2.996E-2
2.890	9.184E-4	2.949E-2
2.898	4.922E-5	2.917E-2
2.907	-8.807E-4	2.901E-2
2.915	-1.763E-3	2.900E-2
2.923	-2.444E-3	2.911E-2
2.932	-2.880E-3	2.935E-2
2.940	-2.979E-3	2.963E-2
2.949	-2.761E-3	2.991E-2
2.957	-2.233E-3	3.016E-2
2.965	-1.427E-3	3.037E-2
2.974	-4.664E-4	3.052E-2
2.982	5.228E-4	3.063E-2
2.990	1.408E-3	3.064E-2
2.999	2.063E-3	3.066E-2
3.007	2.401E-3	3.067E-2
3.016	2.366E-3	3.068E-2
3.024	1.917E-3	3.066E-2
3.032	1.176E-3	3.065E-2
3.041	2.721E-4	3.064E-2
3.049	-7.078E-4	3.053E-2
3.057	-1.621E-3	3.037E-2
3.066	-2.348E-3	3.012E-2
3.074	-2.798E-3	2.982E-2
3.083	-2.949E-3	2.951E-2
3.091	-2.778E-3	2.921E-2
3.099	-2.310E-3	2.896E-2
3.108	-1.605E-3	2.882E-2
3.116	-7.844E-4	2.881E-2
3.124	1.298E-4	2.899E-2
3.133	9.462E-4	2.935E-2
3.141	1.529E-3	2.987E-2
3.150	1.862E-3	3.045E-2
3.158	1.860E-3	3.102E-2
3.166	1.628E-3	3.153E-2
3.175	1.130E-3	3.189E-2
3.183	4.984E-4	3.203E-2
3.191	-1.953E-4	3.195E-2
3.200	-8.467E-4	3.161E-2
3.208	-1.413E-3	3.110E-2
3.217	-1.793E-3	3.039E-2
3.225	-1.980E-3	2.961E-2
3.233	-1.999E-3	2.880E-2
3.242	-1.783E-3	2.816E-2
3.250	-1.425E-3	2.774E-2
3.258	-9.946E-4	2.768E-2
3.267	-5.138E-4	2.794E-2
3.275	-7.012E-5	2.855E-2
3.284	2.788E-4	2.937E-2
3.292	5.106E-4	3.032E-2
3.300	6.322E-4	3.123E-2
3.309	6.554E-4	3.198E-2
3.317	6.623E-4	3.250E-2
3.325	5.205E-4	3.271E-2
3.334	3.383E-4	3.262E-2
3.342	1.438E-4	3.222E-2
3.351	-5.257E-5	3.154E-2
3.359	-2.399E-4	3.066E-2
3.367	-4.321E-4	2.968E-2
3.376	-6.410E-4	2.875E-2
3.384	-8.277E-4	2.798E-2
3.392	-1.020E-3	2.754E-2
3.401	-1.158E-3	2.745E-2
3.409	-1.241E-3	2.774E-2
3.418	-1.236E-3	2.838E-2
3.426	-1.217E-3	2.920E-2
3.434	-1.034E-3	3.013E-2
3.443	-7.965E-4	3.101E-2
3.451	-4.324E-4	3.174E-2
3.459	-1.738E-5	3.224E-2
3.468	4.233E-4	3.245E-2
3.476	8.392E-4	3.240E-2
3.485	1.153E-3	3.204E-2
3.493	1.328E-3	3.145E-2
3.501	1.336E-3	3.072E-2
3.510	1.107E-3	2.993E-2
3.518	7.022E-4	2.918E-2
3.527	1.173E-4	2.858E-2
3.535	-5.557E-4	2.822E-2
3.543	-1.208E-3	2.817E-2
3.552	-1.789E-3	2.836E-2
3.560	-2.219E-3	2.876E-2
3.568	-2.414E-3	2.927E-2
3.577	-2.391E-3	2.985E-2
3.585	-2.002E-3	3.041E-2
3.594	-1.399E-3	3.086E-2
3.602	-6.402E-4	3.120E-2
3.610	2.141E-4	3.137E-2
3.619	1.016E-3	3.134E-2
3.627	1.685E-3	3.122E-2
3.635	2.091E-3	3.096E-2
3.644	2.212E-3	3.066E-2
3.652	2.007E-3	3.033E-2
3.661	1.465E-3	3.002E-2
3.669	6.538E-4	2.981E-2
3.677	-2.883E-4	2.966E-2
3.686	-1.198E-3	2.955E-2
3.694	-2.034E-3	2.958E-2
3.702	-2.651E-3	2.959E-2
3.711	-2.961E-3	2.961E-2
3.719	-2.962E-3	2.963E-2
3.728	-2.575E-3	2.969E-2
3.736	-1.936E-3	2.973E-2
3.744	-1.060E-3	2.983E-2
3.753	-1.231E-4	2.994E-2
3.761	8.107E-4	3.009E-2
3.769	1.596E-3	3.028E-2
3.778	2.095E-3	3.052E-2
3.786	2.276E-3	3.079E-2
3.795	2.106E-3	3.104E-2
3.803	1.608E-3	3.124E-2
3.811	8.736E-4	3.133E-2
3.820	1.685E-5	3.131E-2
3.828	-8.546E-4	3.113E-2
3.836	-1.624E-3	3.082E-2
3.845	-2.214E-3	3.039E-2
3.853	-2.525E-3	2.989E-2
3.862	-2.533E-3	2.939E-2
3.870	-2.316E-3	2.894E-2
3.878	-1.837E-3	2.858E-2
3.887	-1.189E-3	2.842E-2
3.895	-4.580E-4	2.851E-2
3.903	2.403E-4	2.884E-2
3.912	8.233E-4	2.936E-2
3.920	1.243E-3	3.005E-2
3.929	1.405E-3	3.081E-2
3.937	1.394E-3	3.149E-2
3.945	1.139E-3	3.202E-2
3.954	7.550E-4	3.235E-2
3.962	2.689E-4	3.239E-2
3.970	-2.325E-4	3.221E-2
3.979	-6.888E-4	3.173E-2
3.987	-1.059E-3	3.104E-2
3.996	-1.317E-3	3.018E-2
4.004	-1.445E-3	2.929E-2
4.012	-1.426E-3	2.848E-2
4.021	-1.318E-3	2.789E-2
4.029	-1.144E-3	2.761E-2
4.037	-9.148E-4	2.767E-2
4.046	-6.851E-4	2.810E-2
4.054	-4.569E-4	2.884E-2
4.063	-2.320E-4	2.972E-2
4.071	-4.006E-5	3.065E-2
4.079	1.345E-4	3.149E-2
4.088	2.929E-4	3.218E-2
4.096	3.937E-4	3.259E-2
4.104	4.923E-4	3.269E-2
4.113	4.964E-4	3.245E-2
4.121	4.900E-4	3.194E-2
4.130	4.538E-4	3.120E-2
4.138	2.645E-4	3.033E-2
4.146	1.644E-5	2.942E-2
4.155	-2.735E-4	2.856E-2
4.163	-6.332E-4	2.798E-2
4.171	-1.004E-3	2.770E-2
4.180	-1.338E-3	2.778E-2
4.188	-1.606E-3	2.818E-2
4.197	-1.736E-3	2.885E-2
4.205	-1.760E-3	2.961E-2
4.213	-1.541E-3	3.041E-2
4.222	-1.166E-3	3.110E-2
4.230	-6.572E-4	3.168E-2
4.239	-7.348E-5	3.201E-2
4.247	5.383E-4	3.208E-2
4.255	1.070E-3	3.197E-2
4.264	1.465E-3	3.158E-2
4.272	1.628E-3	3.104E-2
4.280	1.597E-3	3.043E-2
4.289	1.230E-3	2.981E-2
4.297	6.541E-4	2.929E-2
4.306	-7.027E-5	2.891E-2
4.314	-8.638E-4	2.874E-2
4.322	-1.626E-3	2.874E-2
4.331	-2.254E-3	2.892E-2
4.339	-2.645E-3	2.922E-2
4.347	-2.755E-3	2.956E-2
4.356	-2.549E-3	2.997E-2
4.364	-2.055E-3	3.031E-2
4.373	-1.328E-3	3.059E-2
4.381	-4.669E-4	3.078E-2
4.389	4.415E-4	3.087E-2
4.398	1.282E-3	3.086E-2
4.406	1.896E-3	3.084E-2
4.414	2.232E-3	3.073E-2
4.423	2.248E-3	3.064E-2
4.431	1.884E-3	3.053E-2
4.440	1.207E-3	3.043E-2
4.448	3.331E-4	3.033E-2
4.456	-6.249E-4	3.022E-2
4.465	-1.538E-3	3.009E-2
4.473	-2.260E-3	2.993E-2
4.481	-2.729E-3	2.974E-2
4.490	-2.898E-3	2.954E-2
4.498	-2.756E-3	2.941E-2
4.507	-2.300E-3	2.927E-2
4.515	-1.604E-3	2.921E-2
4.523	-7.707E-4	2.921E-2
4.532	1.284E-4	2.938E-2
4.540	9.595E-4	2.964E-2
4.548	1.543E-3	3.001E-2
4.557	1.881E-3	3.048E-2
4.565	1.876E-3	3.095E-2
4.574	1.643E-3	3.136E-2
4.582	1.148E-3	3.161E-2
4.590	4.965E-4	3.171E-2
4.599	-2.505E-4	3.167E-2
4.607	-9.389E-4	3.139E-2
4.615	-1.535E-3	3.098E-2
4.624	-1.949E-3	3.041E-2
4.632	-2.104E-3	2.973E-2
4.641	-2.089E-3	2.906E-2
4.649	-1.813E-3	2.850E-2
4.657	-1.402E-3	2.814E-2
4.666	-8.963E-4	2.805E-2
4.674	-3.564E-4	2.828E-2
4.682	1.144E-4	2.877E-2
4.691	4.845E-4	2.946E-2
4.699	7.514E-4	3.030E-2
4.708	8.575E-4	3.110E-2
4.716	8.731E-4	3.178E-2
4.724	7.117E-4	3.227E-2
4.733	4.898E-4	3.248E-2
4.741	2.162E-4	3.243E-2
4.749	-6.320E-5	3.206E-2
4.758	-3.403E-4	3.145E-2
4.766	-5.433E-4	3.066E-2
4.775	-7.107E-4	2.974E-2
4.783	-8.505E-4	2.882E-2
4.791	-9.184E-4	2.807E-2
4.800	-9.447E-4	2.761E-2
4.808	-9.548E-4	2.751E-2
4.816	-9.538E-4	2.778E-2
4.825	-9.452E-4	2.836E-2
4.833	-8.334E-4	2.914E-2
4.842	-6.838E-4	3.006E-2
4.850	-4.631E-4	3.098E-2
4.858	-2.031E-4	3.172E-2
4.867	8.068E-5	3.223E-2
4.875	3.777E-4	3.246E-2
4.883	6.667E-4	3.244E-2
4.892	8.768E-4	3.207E-2
4.900	9.629E-4	3.154E-2
4.909	9.473E-4	3.080E-2
4.917	7.189E-4	2.997E-2
4.925	3.831E-4	2.919E-2
4.934	-5.596E-5	2.852E-2
4.942	-5.897E-4	2.814E-2
4.951	-1.153E-3	2.803E-2
4.959	-1.622E-3	2.822E-2
4.967	-1.970E-3	2.866E-2
4.976	-2.130E-3	2.924E-2
4.984	-2.064E-3	2.987E-2
4.992	-1.724E-3	3.051E-2
5.001	-1.241E-3	3.103E-2
5.009	-5.806E-4	3.141E-2
5.018	1.350E-4	3.161E-2
5.026	8.690E-4	3.165E-2
5.034	1.451E-3	3.150E-2
5.043	1.818E-3	3.118E-2
5.051	1.931E-3	3.080E-2
5.059	1.746E-3	3.037E-2
5.068	1.301E-3	2.996E-2
5.076	6.018E-4	2.965E-2
5.085	-2.378E-4	2.944E-2
5.093	-1.091E-3	2.934E-2
5.101	-1.877E-3	2.937E-2
5.110	-2.435E-3	2.945E-2
5.118	-2.746E-3	2.958E-2
5.126	-2.743E-3	2.975E-2
5.135	-2.416E-3	2.990E-2
5.143	-1.834E-3	3.005E-2
5.152	-1.038E-3	3.019E-2
5.160	-1.599E-4	3.030E-2
5.168	7.305E-4	3.040E-2
5.177	1.463E-3	3.050E-2
5.185	1.947E-3	3.062E-2
5.193	2.112E-3	3.073E-2
5.202	1.958E-3	3.085E-2
5.210	1.529E-3	3.090E-2
5.219	8.500E-4	3.089E-2
5.227	1.449E-5	3.087E-2
5.235	-8.635E-4	3.075E-2
5.244	-1.662E-3	3.054E-2
5.252	-2.217E-3	3.024E-2
5.260	-2.549E-3	2.990E-2
5.269	-2.547E-3	2.951E-2
5.277	-2.343E-3	2.916E-2
5.286	-1.845E-3	2.893E-2
5.294	-1.172E-3	2.881E-2
5.302	-4.193E-4	2.881E-2
5.311	3.224E-4	2.908E-2
5.319	9.176E-4	2.948E-2
5.327	1.345E-3	3.003E-2
5.336	1.558E-3	3.066E-2
5.344	1.560E-3	3.122E-2
5.353	1.255E-3	3.169E-2
5.361	7.875E-4	3.199E-2
5.369	2.466E-4	3.202E-2
5.378	-3.278E-4	3.186E-2
5.386	-8.227E-4	3.149E-2
5.394	-1.255E-3	3.088E-2
5.403	-1.513E-3	3.014E-2
5.411	-1.626E-3	2.938E-2
5.420	-1.616E-3	2.868E-2
5.428	-1.389E-3	2.815E-2
5.436	-1.115E-3	2.786E-2
5.445	-7.961E-4	2.787E-2
5.453	-4.391E-4	2.827E-2
5.461	-1.386E-4	2.892E-2
5.470	7.901E-5	2.974E-2
5.478	2.557E-4	3.060E-2
5.487	3.633E-4	3.139E-2
5.495	4.302E-4	3.203E-2
5.503	4.460E-4	3.242E-2
5.512	4.481E-4	3.251E-2
5.520	3.796E-4	3.232E-2
5.528	2.589E-4	3.188E-2
5.537	1.132E-4	3.120E-2
5.545	-7.404E-5	3.036E-2
5.554	-2.444E-4	2.947E-2
5.562	-4.673E-4	2.867E-2
5.570	-6.943E-4	2.809E-2
5.579	-9.283E-4	2.780E-2
5.587	-1.149E-3	2.785E-2
5.596	-1.299E-3	2.822E-2
5.604	-1.337E-3	2.886E-2
5.612	-1.343E-3	2.966E-2
5.621	-1.150E-3	3.045E-2
5.629	-8.597E-4	3.117E-2
5.637	-4.562E-4	3.175E-2
5.646	5.479E-6	3.211E-2
5.654	4.712E-4	3.224E-2
5.663	8.990E-4	3.207E-2
5.671	1.189E-3	3.173E-2
5.679	1.323E-3	3.116E-2
5.688	1.311E-3	3.054E-2
5.696	9.898E-4	2.986E-2
5.704	5.055E-4	2.928E-2
5.713	-1.108E-4	2.884E-2
5.721	-7.776E-4	2.859E-2
5.730	-1.406E-3	2.857E-2
5.738	-1.940E-3	2.879E-2
5.746	-2.265E-3	2.913E-2
5.755	-2.356E-3	2.958E-2
5.763	-2.190E-3	3.006E-2
5.771	-1.796E-3	3.049E-2
5.780	-1.153E-3	3.084E-2
5.788	-3.919E-4	3.106E-2
5.797	4.205E-4	3.114E-2
5.805	1.163E-3	3.111E-2
5.813	1.736E-3	3.097E-2
5.822	2.066E-3	3.080E-2
5.830	2.064E-3	3.059E-2
5.838	1.748E-3	3.037E-2
5.847	1.163E-3	3.017E-2
5.855	3.538E-4	3.001E-2
5.864	-5.016E-4	2.992E-2
5.872	-1.345E-3	2.983E-2
5.880	-2.052E-3	2.976E-2
5.889	-2.520E-3	2.970E-2
5.897	-2.696E-3	2.963E-2
5.905	-2.588E-3	2.961E-2
5.914	-2.148E-3	2.957E-2
5.922	-1.473E-3	2.960E-2
5.931	-6.343E-4	2.964E-2
5.939	2.206E-4	2.978E-2
5.947	1.005E-3	2.998E-2
5.956	1.594E-3	3.021E-2
5.964	1.937E-3	3.050E-2
5.972	1.930E-3	3.083E-2
5.981	1.688E-3	3.109E-2
5.989	1.175E-3	3.129E-2
5.998	5.010E-4	3.136E-2
6.006	-2.751E-4	3.132E-2
6.014	-9.833E-4	3.106E-2
6.023	-1.592E-3	3.070E-2
6.031	-2.030E-3	3.027E-2
6.039	-2.235E-3	2.974E-2
6.048	-2.240E-3	2.921E-2
6.056	-1.924E-3	2.877E-2
6.065	-1.447E-3	2.847E-2
6.073	-8.752E-4	2.838E-2
6.081	-2.914E-4	2.854E-2
6.090	2.841E-4	2.894E-2
6.098	7.020E-4	2.952E-2
6.106	9.813E-4	3.021E-2
6.115	1.084E-3	3.092E-2
6.123	1.070E-3	3.151E-2
6.132	8.532E-4	3.197E-2
6.140	5.366E-4	3.220E-2
6.148	1.583E-4	3.219E-2
6.157	-2.158E-4	3.186E-2
6.165	-5.547E-4	3.133E-2
6.173	-8.135E-4	3.061E-2
6.182	-1.017E-3	2.980E-2
6.190	-1.057E-3	2.900E-2
6.199	-1.083E-3	2.832E-2
6.207	-1.098E-3	2.786E-2
6.215	-9.859E-4	2.772E-2
6.224	-8.511E-4	2.794E-2
6.232	-6.980E-4	2.850E-2
6.240	-5.352E-4	2.924E-2
6.249	-3.587E-4	3.008E-2
6.257	-1.977E-4	3.093E-2
6.266	-1.707E-5	3.167E-2
6.274	1.785E-4	3.219E-2
6.282	3.654E-4	3.245E-2
6.291	5.241E-4	3.243E-2
6.299	5.961E-4	3.209E-2
6.308	6.247E-4	3.157E-2
6.316	6.214E-4	3.083E-2
6.324	4.269E-4	3.001E-2
6.333	1.655E-4	2.925E-2
6.341	-1.832E-4	2.858E-2
6.349	-5.994E-4	2.815E-2
6.358	-1.026E-3	2.802E-2
6.366	-1.371E-3	2.820E-2
6.375	-1.623E-3	2.864E-2
6.383	-1.724E-3	2.926E-2
6.391	-1.691E-3	2.993E-2
6.400	-1.403E-3	3.059E-2
6.408	-9.765E-4	3.113E-2
6.416	-4.274E-4	3.153E-2
6.425	1.769E-4	3.174E-2
6.433	7.806E-4	3.173E-2
6.442	1.256E-3	3.154E-2
6.450	1.565E-3	3.117E-2
6.458	1.668E-3	3.074E-2
6.467	1.499E-3	3.024E-2
6.475	1.120E-3	2.979E-2
6.483	5.073E-4	2.943E-2
6.492	-2.379E-4	2.919E-2
6.500	-1.023E-3	2.907E-2
6.509	-1.694E-3	2.906E-2
6.517	-2.203E-3	2.923E-2
6.525	-2.499E-3	2.945E-2
6.534	-2.498E-3	2.970E-2
6.542	-2.216E-3	2.995E-2
6.550	-1.697E-3	3.017E-2
6.559	-9.228E-4	3.036E-2
6.567	-1.012E-4	3.048E-2
6.576	7.373E-4	3.057E-2
6.584	1.442E-3	3.058E-2
6.592	1.882E-3	3.059E-2
6.601	2.073E-3	3.059E-2
6.609	1.934E-3	3.059E-2
6.617	1.477E-3	3.059E-2
6.626	8.088E-4	3.058E-2
6.634	9.520E-6	3.047E-2
6.643	-8.295E-4	3.039E-2
6.651	-1.600E-3	3.020E-2
6.659	-2.201E-3	2.998E-2
6.668	-2.545E-3	2.973E-2
6.676	-2.546E-3	2.948E-2
6.684	-2.341E-3	2.925E-2
6.693	-1.841E-3	2.909E-2
6.701	-1.185E-3	2.905E-2
6.710	-4.098E-4	2.904E-2
6.718	3.475E-4	2.926E-2
6.726	1.002E-3	2.959E-2
6.735	1.427E-3	3.002E-2
6.743	1.628E-3	3.053E-2
6.751	1.615E-3	3.100E-2
6.760	1.270E-3	3.137E-2
6.768	8.322E-4	3.159E-2
6.777	2.568E-4	3.161E-2
6.785	-3.808E-4	3.153E-2
6.793	-9.550E-4	3.120E-2
6.802	-1.400E-3	3.072E-2
6.810	-1.692E-3	3.012E-2
6.818	-1.777E-3	2.945E-2
6.827	-1.729E-3	2.885E-2
6.835	-1.488E-3	2.834E-2
6.844	-1.110E-3	2.809E-2
6.852	-7.020E-4	2.808E-2
6.860	-2.858E-4	2.841E-2
6.869	9.493E-5	2.899E-2
6.877	3.701E-4	2.971E-2
6.885	5.603E-4	3.049E-2
6.894	6.063E-4	3.125E-2
6.902	6.286E-4	3.184E-2
6.911	5.524E-4	3.224E-2
6.919	3.779E-4	3.236E-2
6.927	2.140E-4	3.221E-2
6.936	2.409E-5	3.177E-2
6.944	-1.916E-4	3.113E-2
6.952	-3.857E-4	3.033E-2
6.961	-5.586E-4	2.949E-2
6.969	-6.918E-4	2.873E-2
6.978	-8.136E-4	2.813E-2
6.986	-9.429E-4	2.783E-2
6.994	-9.870E-4	2.784E-2
7.003	-9.802E-4	2.819E-2
7.011	-9.796E-4	2.880E-2
7.020	-9.523E-4	2.955E-2
7.028	-7.473E-4	3.038E-2
7.036	-5.047E-4	3.110E-2
7.045	-2.053E-4	3.168E-2
7.053	1.400E-4	3.205E-2
7.061	4.905E-4	3.217E-2
7.070	7.710E-4	3.202E-2
7.078	9.578E-4	3.165E-2
7.087	1.003E-3	3.110E-2
7.095	9.711E-4	3.041E-2
7.103	7.054E-4	2.970E-2
7.112	3.043E-4	2.907E-2
7.120	-2.153E-4	2.858E-2
7.128	-7.634E-4	2.833E-2
7.137	-1.292E-3	2.832E-2
7.145	-1.759E-3	2.854E-2
7.154	-2.046E-3	2.895E-2
7.162	-2.087E-3	2.945E-2
7.170	-1.974E-3	2.998E-2
7.179	-1.618E-3	3.045E-2
7.187	-1.073E-3	3.083E-2
7.195	-3.955E-4	3.107E-2
7.204	3.055E-4	3.119E-2
7.212	9.538E-4	3.120E-2
7.221	1.454E-3	3.101E-2
7.229	1.736E-3	3.077E-2
7.237	1.772E-3	3.046E-2
7.246	1.515E-3	3.016E-2
7.254	9.999E-4	2.989E-2
7.262	2.562E-4	2.968E-2
7.271	-5.444E-4	2.953E-2
7.279	-1.325E-3	2.947E-2
7.288	-1.995E-3	2.945E-2
7.296	-2.454E-3	2.945E-2
7.304	-2.627E-3	2.951E-2
7.313	-2.485E-3	2.957E-2
7.321	-2.085E-3	2.967E-2
7.329	-1.462E-3	2.976E-2
7.338	-6.768E-4	2.984E-2
7.346	1.539E-4	2.995E-2
7.355	9.356E-4	3.007E-2
7.363	1.525E-3	3.024E-2
7.371	1.891E-3	3.043E-2
7.380	1.893E-3	3.060E-2
7.388	1.672E-3	3.077E-2
7.396	1.175E-3	3.088E-2
7.405	4.963E-4	3.087E-2
7.413	-2.714E-4	3.086E-2
7.422	-1.001E-3	3.067E-2
7.430	-1.633E-3	3.038E-2
7.438	-2.056E-3	3.003E-2
7.447	-2.263E-3	2.965E-2
7.455	-2.258E-3	2.924E-2
7.463	-1.958E-3	2.891E-2
7.472	-1.475E-3	2.870E-2
7.480	-8.688E-4	2.864E-2
7.489	-2.309E-4	2.879E-2
7.497	3.798E-4	2.911E-2
7.505	8.762E-4	2.962E-2
7.514	1.168E-3	3.020E-2
7.522	1.275E-3	3.079E-2
7.530	1.204E-3	3.132E-2
7.539	9.203E-4	3.172E-2
7.547	5.190E-4	3.193E-2
7.556	6.047E-5	3.194E-2
7.564	-3.971E-4	3.168E-2
7.572	-8.067E-4	3.123E-2
7.581	-1.118E-3	3.060E-2
7.589	-1.317E-3	2.987E-2
7.597	-1.369E-3	2.917E-2
7.606	-1.362E-3	2.854E-2
7.614	-1.187E-3	2.811E-2
7.623	-9.592E-4	2.795E-2
7.631	-7.139E-4	2.814E-2
7.639	-4.745E-4	2.857E-2
7.648	-2.510E-4	2.923E-2
7.656	-5.767E-5	3.002E-2
7.664	1.014E-4	3.084E-2
7.673	2.054E-4	3.152E-2
7.681	3.040E-4	3.200E-2
7.690	2.977E-4	3.226E-2
7.698	3.023E-4	3.224E-2
7.706	2.934E-4	3.196E-2
7.715	2.740E-4	3.146E-2
7.723	1.406E-4	3.077E-2
7.732	6.083E-6	2.998E-2
7.740	-2.129E-4	2.921E-2
7.748	-4.602E-4	2.854E-2
7.757	-7.385E-4	2.810E-2
7.765	-1.003E-3	2.797E-2
7.773	-1.219E-3	2.813E-2
7.782	-1.377E-3	2.854E-2
7.790	-1.414E-3	2.914E-2
7.799	-1.380E-3	2.986E-2
7.807	-1.131E-3	3.056E-2
7.815	-7.938E-4	3.116E-2
7.824	-3.243E-4	3.161E-2
7.832	1.647E-4	3.180E-2
7.840	6.552E-4	3.178E-2
7.849	1.063E-3	3.160E-2
7.857	1.330E-3	3.120E-2
7.866	1.393E-3	3.071E-2
7.874	1.272E-3	3.016E-2
7.882	9.455E-4	2.963E-2
7.891	4.204E-4	2.919E-2
7.899	-2.091E-4	2.891E-2
7.907	-8.912E-4	2.880E-2
7.916	-1.506E-3	2.884E-2
7.924	-1.984E-3	2.902E-2
7.933	-2.243E-3	2.932E-2
7.941	-2.255E-3	2.970E-2
7.949	-2.032E-3	3.006E-2
7.958	-1.557E-3	3.037E-2
7.966	-9.026E-4	3.060E-2
7.974	-1.357E-4	3.076E-2
7.983	5.944E-4	3.079E-2
7.991	1.255E-3	3.080E-2
8.000	1.690E-3	3.073E-2
8.008	1.861E-3	3.063E-2
8.016	1.753E-3	3.050E-2
8.025	1.376E-3	3.038E-2
8.033	7.627E-4	3.027E-2
8.041	-1.823E-5	3.017E-2
8.050	-8.200E-4	3.011E-2
8.058	-1.573E-3	2.996E-2
8.067	-2.132E-3	2.985E-2
8.075	-2.460E-3	2.973E-2
8.083	-2.482E-3	2.961E-2
8.092	-2.304E-3	2.950E-2
8.100	-1.839E-3	2.944E-2
8.108	-1.182E-3	2.944E-2
8.117	-4.182E-4	2.944E-2
8.125	3.356E-4	2.963E-2
8.134	9.736E-4	2.987E-2
8.142	1.420E-3	3.018E-2
8.150	1.631E-3	3.052E-2
8.159	1.608E-3	3.087E-2
8.167	1.284E-3	3.113E-2
8.175	8.008E-4	3.130E-2
8.184	1.615E-4	3.130E-2
8.192	-4.667E-4	3.123E-2
8.201	-1.067E-3	3.097E-2
8.209	-1.579E-3	3.058E-2
8.217	-1.865E-3	3.008E-2
8.226	-1.958E-3	2.953E-2
8.234	-1.865E-3	2.900E-2
8.242	-1.582E-3	2.859E-2
8.251	-1.172E-3	2.836E-2
8.259	-6.815E-4	2.834E-2
8.268	-1.920E-4	2.859E-2
8.276	2.318E-4	2.906E-2
8.284	5.534E-4	2.968E-2
8.293	7.255E-4	3.037E-2
8.301	7.281E-4	3.103E-2
8.309	7.200E-4	3.157E-2
8.318	5.033E-4	3.192E-2
8.326	2.562E-4	3.204E-2
8.335	-2.023E-5	3.191E-2
8.343	-2.904E-4	3.154E-2
8.351	-5.290E-4	3.097E-2
8.360	-7.066E-4	3.027E-2
8.368	-8.537E-4	2.954E-2
8.376	-9.400E-4	2.878E-2
8.385	-9.364E-4	2.822E-2
8.393	-9.374E-4	2.792E-2
8.402	-9.314E-4	2.790E-2
8.410	-8.899E-4	2.821E-2
8.418	-7.927E-4	2.878E-2
8.427	-6.378E-4	2.950E-2
8.435	-4.804E-4	3.028E-2
8.444	-2.928E-4	3.102E-2
8.452	-5.392E-5	3.160E-2
8.460	1.777E-4	3.196E-2
8.469	4.074E-4	3.210E-2
8.477	5.833E-4	3.200E-2
8.485	7.153E-4	3.164E-2
8.494	7.077E-4	3.109E-2
8.502	6.830E-4	3.041E-2
8.511	4.538E-4	2.967E-2
8.519	1.275E-4	2.903E-2
8.527	-2.495E-4	2.853E-2
8.536	-6.755E-4	2.826E-2
8.544	-1.098E-3	2.827E-2
8.552	-1.457E-3	2.851E-2
8.561	-1.668E-3	2.894E-2
8.569	-1.682E-3	2.947E-2
8.578	-1.572E-3	3.006E-2
8.586	-1.266E-3	3.062E-2
8.594	-8.240E-4	3.104E-2
8.603	-2.665E-4	3.132E-2
8.611	3.343E-4	3.144E-2
8.619	8.772E-4	3.143E-2
8.628	1.331E-3	3.122E-2
8.636	1.567E-3	3.088E-2
8.645	1.579E-3	3.048E-2
8.653	1.363E-3	3.011E-2
8.661	9.051E-4	2.975E-2
8.670	2.677E-4	2.946E-2
8.678	-4.739E-4	2.928E-2
8.686	-1.175E-3	2.926E-2
8.695	-1.790E-3	2.925E-2
8.703	-2.212E-3	2.938E-2
8.712	-2.384E-3	2.954E-2
8.720	-2.285E-3	2.970E-2
8.728	-1.916E-3	2.988E-2
8.737	-1.327E-3	3.005E-2
8.745	-5.974E-4	3.017E-2
8.753	1.579E-4	3.028E-2
8.762	8.995E-4	3.033E-2
8.770	1.465E-3	3.043E-2
8.779	1.800E-3	3.047E-2
8.787	1.837E-3	3.055E-2
8.795	1.641E-3	3.061E-2
8.804	1.156E-3	3.061E-2
8.812	5.013E-4	3.061E-2
8.820	-2.540E-4	3.057E-2
8.829	-9.927E-4	3.042E-2
8.837	-1.616E-3	3.020E-2
8.846	-2.060E-3	2.994E-2
8.854	-2.269E-3	2.966E-2
8.862	-2.264E-3	2.939E-2
8.871	-1.937E-3	2.917E-2
8.879	-1.435E-3	2.900E-2
8.887	-8.138E-4	2.900E-2
8.896	-1.426E-4	2.904E-2
8.904	4.774E-4	2.930E-2
8.913	9.746E-4	2.966E-2
8.921	1.287E-3	3.013E-2
8.929	1.389E-3	3.063E-2
8.938	1.278E-3	3.106E-2
8.946	9.900E-4	3.141E-2
8.954	5.322E-4	3.160E-2
8.963	1.441E-5	3.157E-2
8.971	-4.916E-4	3.134E-2
8.980	-9.323E-4	3.094E-2
8.988	-1.287E-3	3.043E-2
8.996	-1.471E-3	2.979E-2
9.005	-1.452E-3	2.918E-2
9.013	-1.388E-3	2.866E-2
9.021	-1.165E-3	2.828E-2
9.030	-8.794E-4	2.814E-2
9.038	-5.433E-4	2.826E-2
9.047	-2.140E-4	2.867E-2
9.055	4.644E-5	2.927E-2
9.063	2.496E-4	2.997E-2
9.072	3.876E-4	3.069E-2
9.080	4.219E-4	3.136E-2
9.089	4.338E-4	3.182E-2
9.097	4.382E-4	3.207E-2
9.105	3.669E-4	3.211E-2
9.114	2.400E-4	3.189E-2
9.122	9.963E-5	3.143E-2
9.130	-6.992E-5	3.080E-2
9.139	-2.239E-4	3.005E-2
9.147	-3.892E-4	2.931E-2
9.156	-5.629E-4	2.865E-2
9.164	-7.105E-4	2.824E-2
9.172	-8.730E-4	2.808E-2
9.181	-9.924E-4	2.822E-2
9.189	-1.035E-3	2.862E-2
9.197	-1.070E-3	2.920E-2
9.206	-1.039E-3	2.990E-2
9.214	-8.475E-4	3.060E-2
9.223	-5.927E-4	3.122E-2
9.231	-2.555E-4	3.168E-2
9.239	1.109E-4	3.194E-2
9.248	4.513E-4	3.195E-2
9.256	7.584E-4	3.176E-2
9.264	9.272E-4	3.135E-2
9.273	9.437E-4	3.079E-2
9.281	8.565E-4	3.020E-2
9.290	5.819E-4	2.961E-2
9.298	1.662E-4	2.914E-2
9.306	-3.549E-4	2.881E-2
9.315	-9.242E-4	2.868E-2
9.323	-1.420E-3	2.876E-2
9.331	-1.815E-3	2.899E-2
9.340	-2.031E-3	2.935E-2
9.348	-2.040E-3	2.979E-2
9.357	-1.824E-3	3.023E-2
9.365	-1.384E-3	3.064E-2
9.373	-8.217E-4	3.090E-2
9.382	-1.473E-4	3.106E-2
9.390	5.054E-4	3.106E-2
9.398	1.079E-3	3.105E-2
9.407	1.505E-3	3.087E-2
9.415	1.697E-3	3.064E-2
9.424	1.599E-3	3.040E-2
9.432	1.226E-3	3.016E-2
9.440	6.612E-4	2.996E-2
9.449	-3.989E-5	2.983E-2
9.457	-8.125E-4	2.973E-2
9.465	-1.497E-3	2.967E-2
9.474	-2.052E-3	2.966E-2
9.482	-2.365E-3	2.965E-2
9.491	-2.381E-3	2.965E-2
9.499	-2.199E-3	2.965E-2
9.507	-1.764E-3	2.965E-2
9.516	-1.135E-3	2.967E-2
9.524	-4.106E-4	2.978E-2
9.532	3.231E-4	2.992E-2
9.541	9.547E-4	3.008E-2
9.549	1.412E-3	3.028E-2
9.558	1.631E-3	3.053E-2
9.566	1.624E-3	3.077E-2
9.574	1.280E-3	3.095E-2
9.583	7.894E-4	3.109E-2
9.591	1.443E-4	3.108E-2
9.599	-5.168E-4	3.101E-2
9.608	-1.133E-3	3.079E-2
9.616	-1.635E-3	3.047E-2
9.625	-1.930E-3	3.011E-2
9.633	-1.996E-3	2.968E-2
9.641	-1.912E-3	2.926E-2
9.650	-1.590E-3	2.895E-2
9.658	-1.132E-3	2.877E-2
9.666	-6.060E-4	2.876E-2
9.675	-6.717E-5	2.897E-2
9.683	4.209E-4	2.936E-2
9.692	7.828E-4	2.989E-2
9.700	9.620E-4	3.048E-2
9.708	9.559E-4	3.107E-2
9.717	8.645E-4	3.153E-2
9.725	6.309E-4	3.184E-2
9.733	2.997E-4	3.199E-2
9.742	-6.157E-5	3.188E-2
9.750	-4.082E-4	3.156E-2
9.759	-7.166E-4	3.104E-2
9.767	-9.360E-4	3.039E-2
9.775	-1.064E-3	2.969E-2
9.784	-1.091E-3	2.902E-2
9.792	-1.105E-3	2.849E-2
9.801	-9.864E-4	2.819E-2
9.809	-8.433E-4	2.822E-2
9.817	-6.909E-4	2.849E-2
9.826	-5.230E-4	2.899E-2
9.834	-3.553E-4	2.966E-2
9.842	-2.120E-4	3.040E-2
9.851	-5.345E-5	3.108E-2
9.859	7.225E-5	3.165E-2
9.868	1.967E-4	3.203E-2
9.876	2.850E-4	3.217E-2
9.884	3.197E-4	3.205E-2
9.893	3.150E-4	3.171E-2
9.901	2.995E-4	3.117E-2
9.909	2.049E-4	3.053E-2
9.918	3.276E-5	2.982E-2
9.926	-2.021E-4	2.918E-2
9.935	-4.840E-4	2.866E-2
9.943	-8.094E-4	2.838E-2
9.951	-1.121E-3	2.835E-2
9.960	-1.363E-3	2.855E-2
9.968	-1.529E-3	2.899E-2
9.976	-1.544E-3	2.954E-2
9.985	-1.429E-3	3.018E-2
9.993	-1.151E-3	3.075E-2
10.002	-7.691E-4	3.123E-2
10.010	-2.880E-4	3.154E-2
10.018	2.287E-4	3.168E-2
10.027	6.932E-4	3.164E-2
10.035	1.046E-3	3.141E-2
10.043	1.269E-3	3.106E-2
10.052	1.300E-3	3.060E-2
10.060	1.108E-3	3.013E-2
10.069	7.051E-4	2.970E-2
10.077	1.551E-4	2.938E-2
10.085	-4.687E-4	2.920E-2
10.094	-1.103E-3	2.920E-2
10.102	-1.637E-3	2.924E-2
10.110	-2.009E-3	2.942E-2
10.119	-2.173E-3	2.966E-2
10.127	-2.073E-3	2.993E-2
10.136	-1.736E-3	3.018E-2
10.144	-1.236E-3	3.040E-2
10.152	-5.554E-4	3.056E-2
10.161	1.747E-4	3.065E-2
10.169	8.594E-4	3.064E-2
10.177	1.398E-3	3.063E-2
10.186	1.722E-3	3.061E-2
10.194	1.785E-3	3.055E-2
10.203	1.611E-3	3.050E-2
10.211	1.159E-3	3.045E-2
10.219	5.255E-4	3.038E-2
10.228	-2.281E-4	3.027E-2
10.236	-9.476E-4	3.017E-2
10.244	-1.572E-3	3.006E-2
10.253	-2.011E-3	2.990E-2
10.261	-2.227E-3	2.972E-2
10.270	-2.243E-3	2.955E-2
10.278	-1.915E-3	2.946E-2
10.286	-1.423E-3	2.937E-2
10.295	-7.989E-4	2.939E-2
10.303	-9.055E-5	2.946E-2
10.311	5.684E-4	2.966E-2
10.320	1.072E-3	2.994E-2
10.328	1.400E-3	3.028E-2
10.337	1.489E-3	3.067E-2
10.345	1.348E-3	3.100E-2
10.353	9.974E-4	3.127E-2
10.362	5.200E-4	3.141E-2
10.370	-4.254E-5	3.144E-2
10.378	-5.966E-4	3.127E-2
10.387	-1.083E-3	3.092E-2
10.395	-1.458E-3	3.052E-2
10.404	-1.643E-3	3.000E-2
10.412	-1.632E-3	2.945E-2
10.420	-1.524E-3	2.898E-2
10.429	-1.262E-3	2.863E-2
10.437	-9.157E-4	2.853E-2
10.445	-5.041E-4	2.862E-2
10.454	-1.129E-4	2.894E-2
10.462	2.337E-4	2.945E-2
10.471	4.677E-4	3.009E-2
10.479	5.936E-4	3.075E-2
10.487	6.192E-4	3.133E-2
10.496	6.278E-4	3.177E-2
10.504	4.549E-4	3.201E-2
10.513	2.611E-4	3.200E-2
10.521	4.063E-5	3.179E-2
10.529	-1.710E-4	3.134E-2
10.538	-3.660E-4	3.074E-2
10.546	-5.356E-4	3.006E-2
10.554	-6.525E-4	2.938E-2
10.563	-7.502E-4	2.877E-2
10.571	-7.929E-4	2.832E-2
10.580	-8.259E-4	2.813E-2
10.588	-8.527E-4	2.825E-2
10.596	-8.690E-4	2.862E-2
10.605	-8.409E-4	2.919E-2
10.613	-7.226E-4	2.988E-2
10.621	-5.405E-4	3.057E-2
10.630	-3.292E-4	3.119E-2
10.638	-6.153E-5	3.167E-2
10.647	2.192E-4	3.193E-2
10.655	4.439E-4	3.195E-2
10.663	6.501E-4	3.177E-2
10.672	7.585E-4	3.136E-2
10.680	7.427E-4	3.080E-2
10.688	6.339E-4	3.018E-2
10.697	4.042E-4	2.954E-2
10.705	6.021E-5	2.900E-2
10.714	-3.747E-4	2.865E-2
10.722	-8.462E-4	2.853E-2
10.730	-1.266E-3	2.859E-2
10.739	-1.595E-3	2.886E-2
10.747	-1.776E-3	2.928E-2
10.755	-1.786E-3	2.974E-2
10.764	-1.585E-3	3.022E-2
10.772	-1.202E-3	3.062E-2
10.781	-6.960E-4	3.095E-2
10.789	-1.314E-4	3.114E-2
10.797	4.391E-4	3.113E-2
10.806	9.518E-4	3.106E-2
10.814	1.315E-3	3.086E-2
10.822	1.470E-3	3.057E-2
10.831	1.388E-3	3.027E-2
10.839	1.064E-3	2.996E-2
10.848	5.967E-4	2.971E-2
10.856	-4.107E-5	2.951E-2
10.864	-7.163E-4	2.940E-2
10.873	-1.351E-3	2.941E-2
10.881	-1.873E-3	2.942E-2
10.889	-2.166E-3	2.949E-2
10.898	-2.184E-3	2.961E-2
10.906	-2.056E-3	2.972E-2
10.915	-1.629E-3	2.983E-2
10.923	-1.040E-3	2.994E-2
10.931	-3.575E-4	3.003E-2
10.940	3.235E-4	3.012E-2
10.948	9.448E-4	3.023E-2
10.956	1.397E-3	3.036E-2
10.965	1.612E-3	3.047E-2
10.973		3.061E-2
