#multi:
	mass A	mass B	
t	x	x	
0.000	-4.111E-3	3.752E-2
0.008	-4.139E-3	3.755E-2
0.017	-4.137E-3	3.756E-2
0.025	-4.137E-3	3.756E-2
0.034	-4.141E-3	3.756E-2
0.042	-4.142E-3	3.756E-2
0.050	-4.144E-3	3.755E-2
0.059	-4.165E-3	3.756E-2
0.067	-4.168E-3	3.755E-2
0.075	-4.165E-3	3.754E-2
0.084	-4.132E-3	3.753E-2
0.092	-4.069E-3	3.753E-2
0.101	-3.959E-3	3.753E-2
0.109	-3.744E-3	3.750E-2
0.117	-3.442E-3	3.751E-2
0.126	-3.016E-3	3.752E-2
0.134	-2.426E-3	3.753E-2
0.142	-1.623E-3	3.753E-2
0.151	-6.231E-4	3.760E-2
0.159	4.724E-4	3.769E-2
0.168	1.584E-3	3.780E-2
0.176	2.507E-3	3.794E-2
0.184	3.157E-3	3.805E-2
0.193	3.387E-3	3.822E-2
0.201	3.075E-3	3.838E-2
0.209	2.446E-3	3.849E-2
0.218	1.496E-3	3.854E-2
0.226	4.022E-4	3.852E-2
0.235	-6.728E-4	3.844E-2
0.243	-1.650E-3	3.827E-2
0.251	-2.390E-3	3.803E-2
0.260	-2.879E-3	3.775E-2
0.268	-3.035E-3	3.747E-2
0.276	-2.911E-3	3.720E-2
0.285	-2.446E-3	3.701E-2
0.293	-1.737E-3	3.686E-2
0.302	-8.090E-4	3.684E-2
0.310	2.477E-4	3.689E-2
0.318	1.261E-3	3.710E-2
0.327	2.129E-3	3.741E-2
0.335	2.781E-3	3.783E-2
0.343	3.028E-3	3.826E-2
0.352	2.839E-3	3.868E-2
0.360	2.294E-3	3.904E-2
0.369	1.476E-3	3.929E-2
0.377	5.257E-4	3.937E-2
0.385	-4.556E-4	3.926E-2
0.394	-1.343E-3	3.894E-2
0.402	-2.042E-3	3.850E-2
0.410	-2.500E-3	3.798E-2
0.419	-2.685E-3	3.739E-2
0.427	-2.554E-3	3.686E-2
0.436	-2.214E-3	3.642E-2
0.444	-1.599E-3	3.614E-2
0.452	-7.893E-4	3.607E-2
0.461	9.251E-5	3.619E-2
0.469	9.879E-4	3.653E-2
0.477	1.772E-3	3.706E-2
0.486	2.309E-3	3.766E-2
0.494	2.590E-3	3.839E-2
0.503	2.502E-3	3.907E-2
0.511	2.107E-3	3.960E-2
0.519	1.461E-3	3.993E-2
0.528	6.510E-4	4.002E-2
0.536	-1.358E-4	3.986E-2
0.544	-8.878E-4	3.946E-2
0.553	-1.541E-3	3.884E-2
0.561	-1.954E-3	3.809E-2
0.570	-2.169E-3	3.727E-2
0.578	-2.133E-3	3.654E-2
0.586	-1.839E-3	3.597E-2
0.595	-1.373E-3	3.560E-2
0.603	-7.853E-4	3.549E-2
0.611	-8.488E-5	3.566E-2
0.620	5.940E-4	3.613E-2
0.628	1.216E-3	3.682E-2
0.637	1.685E-3	3.765E-2
0.645	1.929E-3	3.854E-2
0.653	1.928E-3	3.932E-2
0.662	1.702E-3	4.002E-2
0.670	1.282E-3	4.044E-2
0.678	7.239E-4	4.056E-2
0.687	1.129E-4	4.034E-2
0.695	-4.663E-4	3.984E-2
0.704	-9.245E-4	3.909E-2
0.712	-1.342E-3	3.817E-2
0.720	-1.569E-3	3.722E-2
0.729	-1.597E-3	3.636E-2
0.737	-1.495E-3	3.564E-2
0.746	-1.214E-3	3.523E-2
0.754	-8.170E-4	3.512E-2
0.762	-3.797E-4	3.538E-2
0.771	9.095E-5	3.594E-2
0.779	5.553E-4	3.677E-2
0.787	9.420E-4	3.775E-2
0.796	1.216E-3	3.872E-2
0.804	1.388E-3	3.960E-2
0.813	1.371E-3	4.033E-2
0.821	1.204E-3	4.076E-2
0.829	9.484E-4	4.086E-2
0.838	5.546E-4	4.056E-2
0.846	2.108E-4	3.999E-2
0.854	-1.778E-4	3.918E-2
0.863	-4.981E-4	3.817E-2
0.871	-7.280E-4	3.713E-2
0.880	-8.819E-4	3.615E-2
0.888	-9.575E-4	3.541E-2
0.896	-8.907E-4	3.500E-2
0.905	-7.951E-4	3.490E-2
0.913	-6.084E-4	3.520E-2
0.921	-3.590E-4	3.581E-2
0.930	-6.396E-5	3.675E-2
0.938	2.479E-4	3.777E-2
0.947	5.205E-4	3.881E-2
0.955	7.492E-4	3.975E-2
0.963	9.674E-4	4.048E-2
0.972	1.041E-3	4.091E-2
0.980	1.023E-3	4.099E-2
0.988	9.655E-4	4.070E-2
0.997	7.516E-4	4.009E-2
1.005	5.140E-4	3.920E-2
1.014	2.672E-4	3.817E-2
1.022	-1.766E-5	3.710E-2
1.030	-3.443E-4	3.614E-2
1.039	-6.281E-4	3.541E-2
1.047	-8.606E-4	3.502E-2
1.055	-9.252E-4	3.496E-2
1.064	-9.792E-4	3.527E-2
1.072	-9.056E-4	3.589E-2
1.081	-7.851E-4	3.678E-2
1.089	-5.660E-4	3.786E-2
1.097	-2.300E-4	3.884E-2
1.106	1.110E-4	3.971E-2
1.114	4.985E-4	4.035E-2
1.122	8.723E-4	4.075E-2
1.131	1.194E-3	4.076E-2
1.139	1.372E-3	4.047E-2
1.148	1.431E-3	3.987E-2
1.156	1.347E-3	3.902E-2
1.164	1.108E-3	3.805E-2
1.173	7.655E-4	3.705E-2
1.181	3.044E-4	3.616E-2
1.189	-1.790E-4	3.550E-2
1.198	-6.373E-4	3.516E-2
1.206	-1.057E-3	3.518E-2
1.215	-1.336E-3	3.548E-2
1.223	-1.466E-3	3.608E-2
1.231	-1.479E-3	3.692E-2
1.240	-1.316E-3	3.785E-2
1.248	-9.231E-4	3.875E-2
1.256	-4.467E-4	3.949E-2
1.265	9.825E-5	4.007E-2
1.273	6.883E-4	4.039E-2
1.282	1.228E-3	4.036E-2
1.290	1.670E-3	4.006E-2
1.298	1.919E-3	3.949E-2
1.307	1.928E-3	3.873E-2
1.315	1.715E-3	3.786E-2
1.323	1.302E-3	3.703E-2
1.332	6.894E-4	3.628E-2
1.340	4.039E-5	3.581E-2
1.349	-6.586E-4	3.556E-2
1.357	-1.295E-3	3.562E-2
1.365	-1.770E-3	3.591E-2
1.374	-2.058E-3	3.640E-2
1.382	-2.078E-3	3.708E-2
1.390	-1.900E-3	3.784E-2
1.399	-1.547E-3	3.859E-2
1.407	-9.836E-4	3.923E-2
1.416	-2.291E-4	3.968E-2
1.424	5.309E-4	3.990E-2
1.432	1.291E-3	3.988E-2
1.441	1.910E-3	3.962E-2
1.449	2.348E-3	3.916E-2
1.458	2.530E-3	3.855E-2
1.466	2.341E-3	3.787E-2
1.474	1.881E-3	3.721E-2
1.483	1.183E-3	3.668E-2
1.491	3.105E-4	3.632E-2
1.499	-5.458E-4	3.613E-2
1.508	-1.366E-3	3.615E-2
1.516	-1.991E-3	3.637E-2
1.525	-2.365E-3	3.672E-2
1.533	-2.469E-3	3.725E-2
1.541	-2.355E-3	3.780E-2
1.550	-1.941E-3	3.832E-2
1.558	-1.330E-3	3.876E-2
1.566	-5.247E-4	3.908E-2
1.575	3.589E-4	3.926E-2
1.583	1.246E-3	3.922E-2
1.592	2.046E-3	3.905E-2
1.600	2.636E-3	3.876E-2
1.608	2.846E-3	3.835E-2
1.617	2.676E-3	3.796E-2
1.625	2.149E-3	3.756E-2
1.633	1.372E-3	3.722E-2
1.642	4.405E-4	3.700E-2
1.650	-5.457E-4	3.687E-2
1.659	-1.483E-3	3.685E-2
1.667	-2.207E-3	3.698E-2
1.675	-2.697E-3	3.717E-2
1.684	-2.820E-3	3.742E-2
1.692	-2.735E-3	3.773E-2
1.700	-2.309E-3	3.801E-2
1.709	-1.661E-3	3.825E-2
1.717	-7.461E-4	3.844E-2
1.726	2.576E-4	3.854E-2
1.734	1.249E-3	3.853E-2
1.742	2.119E-3	3.848E-2
1.751	2.779E-3	3.839E-2
1.759	3.082E-3	3.825E-2
1.767	2.945E-3	3.807E-2
1.776	2.369E-3	3.794E-2
1.784	1.579E-3	3.780E-2
1.793	5.992E-4	3.770E-2
1.801	-4.406E-4	3.762E-2
1.809	-1.387E-3	3.755E-2
1.818	-2.162E-3	3.753E-2
1.826	-2.709E-3	3.753E-2
1.834	-2.909E-3	3.753E-2
1.843	-2.792E-3	3.754E-2
1.851	-2.417E-3	3.755E-2
1.860	-1.782E-3	3.757E-2
1.868	-9.040E-4	3.765E-2
1.876	1.124E-4	3.775E-2
1.885	1.110E-3	3.783E-2
1.893	2.027E-3	3.794E-2
1.901	2.739E-3	3.803E-2
1.910	3.072E-3	3.818E-2
1.918	2.968E-3	3.828E-2
1.927	2.493E-3	3.839E-2
1.935	1.710E-3	3.845E-2
1.943	7.401E-4	3.846E-2
1.952	-2.431E-4	3.842E-2
1.960	-1.180E-3	3.828E-2
1.968	-1.943E-3	3.808E-2
1.977	-2.470E-3	3.784E-2
1.985	-2.715E-3	3.757E-2
1.994	-2.685E-3	3.732E-2
2.002	-2.316E-3	3.709E-2
2.010	-1.720E-3	3.697E-2
2.019	-9.107E-4	3.693E-2
2.027	6.082E-5	3.698E-2
2.035	9.950E-4	3.714E-2
2.044	1.865E-3	3.737E-2
2.052	2.519E-3	3.772E-2
2.061	2.865E-3	3.811E-2
2.069	2.801E-3	3.850E-2
2.077	2.358E-3	3.884E-2
2.086	1.665E-3	3.908E-2
2.094	7.939E-4	3.919E-2
2.102	-1.368E-4	3.913E-2
2.111	-1.003E-3	3.891E-2
2.119	-1.745E-3	3.855E-2
2.128	-2.240E-3	3.806E-2
2.136	-2.479E-3	3.756E-2
2.144	-2.472E-3	3.708E-2
2.153	-2.185E-3	3.665E-2
2.161	-1.655E-3	3.637E-2
2.170	-9.204E-4	3.623E-2
2.178	-1.104E-4	3.628E-2
2.186	7.261E-4	3.656E-2
2.195	1.475E-3	3.698E-2
2.203	2.065E-3	3.754E-2
2.211	2.371E-3	3.816E-2
2.220	2.369E-3	3.877E-2
2.228	2.079E-3	3.928E-2
2.237	1.521E-3	3.965E-2
2.245	7.887E-4	3.981E-2
2.253	4.499E-5	3.975E-2
2.262	-6.864E-4	3.943E-2
2.270	-1.321E-3	3.892E-2
2.278	-1.769E-3	3.827E-2
2.287	-2.025E-3	3.755E-2
2.295	-2.039E-3	3.689E-2
2.304	-1.819E-3	3.627E-2
2.312	-1.424E-3	3.590E-2
2.320	-8.650E-4	3.572E-2
2.329	-2.172E-4	3.583E-2
2.337	4.538E-4	3.617E-2
2.345	1.080E-3	3.671E-2
2.354	1.563E-3	3.740E-2
2.362	1.835E-3	3.818E-2
2.371	1.908E-3	3.897E-2
2.379	1.710E-3	3.963E-2
2.387	1.389E-3	4.008E-2
2.396	9.086E-4	4.026E-2
2.404	3.264E-4	4.015E-2
2.412	-2.253E-4	3.975E-2
2.421	-7.075E-4	3.913E-2
2.429	-1.098E-3	3.833E-2
2.438	-1.345E-3	3.743E-2
2.446	-1.421E-3	3.663E-2
2.454	-1.342E-3	3.596E-2
2.463	-1.113E-3	3.548E-2
2.471	-7.780E-4	3.530E-2
2.479	-3.795E-4	3.541E-2
2.488	7.563E-5	3.586E-2
2.496	5.236E-4	3.653E-2
2.505	9.371E-4	3.739E-2
2.513	1.213E-3	3.828E-2
2.521	1.364E-3	3.915E-2
2.530	1.375E-3	3.990E-2
2.538	1.234E-3	4.036E-2
2.546	9.906E-4	4.053E-2
2.555	6.543E-4	4.039E-2
2.563	3.082E-4	3.991E-2
2.572	-8.053E-5	3.918E-2
2.580	-4.013E-4	3.828E-2
2.588	-6.486E-4	3.730E-2
2.597	-8.451E-4	3.642E-2
2.605	-8.959E-4	3.570E-2
2.613	-8.900E-4	3.523E-2
2.622	-8.094E-4	3.508E-2
2.630	-6.308E-4	3.522E-2
2.639	-3.957E-4	3.571E-2
2.647	-1.240E-4	3.647E-2
2.655	1.958E-4	3.736E-2
2.664	4.852E-4	3.831E-2
2.672	7.255E-4	3.919E-2
2.680	9.208E-4	3.996E-2
2.689	1.004E-3	4.048E-2
2.697	9.957E-4	4.068E-2
2.706	9.527E-4	4.051E-2
2.714	7.588E-4	4.000E-2
2.722	5.321E-4	3.926E-2
2.731	2.887E-4	3.834E-2
2.739	3.640E-5	3.739E-2
2.747	-2.281E-4	3.646E-2
2.756	-4.637E-4	3.572E-2
2.764	-6.517E-4	3.527E-2
2.773	-8.109E-4	3.514E-2
2.781	-8.606E-4	3.534E-2
2.789	-8.655E-4	3.587E-2
2.798	-6.834E-4	3.666E-2
2.806	-4.784E-4	3.754E-2
2.815	-1.899E-4	3.847E-2
2.823	1.019E-4	3.933E-2
2.831	4.558E-4	4.005E-2
2.840	7.740E-4	4.049E-2
2.848	1.016E-3	4.061E-2
2.856	1.207E-3	4.037E-2
2.865	1.247E-3	3.988E-2
2.873	1.202E-3	3.914E-2
2.882	1.007E-3	3.824E-2
2.890	7.102E-4	3.731E-2
2.898	2.979E-4	3.646E-2
2.907	-1.333E-4	3.580E-2
2.915	-5.395E-4	3.544E-2
2.923	-8.992E-4	3.536E-2
2.932	-1.165E-3	3.556E-2
2.940	-1.340E-3	3.609E-2
2.949	-1.340E-3	3.681E-2
2.957	-1.164E-3	3.764E-2
2.965	-8.742E-4	3.851E-2
2.974	-4.664E-4	3.925E-2
2.982	2.490E-5	3.983E-2
2.990	5.312E-4	4.020E-2
2.999	1.011E-3	4.031E-2
3.007	1.437E-3	4.010E-2
3.016	1.686E-3	3.962E-2
3.024	1.760E-3	3.896E-2
3.032	1.649E-3	3.818E-2
3.041	1.274E-3	3.737E-2
3.049	7.523E-4	3.663E-2
3.057	1.885E-4	3.607E-2
3.066	-4.229E-4	3.577E-2
3.074	-9.795E-4	3.569E-2
3.083	-1.416E-3	3.589E-2
3.091	-1.732E-3	3.631E-2
3.099	-1.826E-3	3.694E-2
3.108	-1.763E-3	3.762E-2
3.116	-1.412E-3	3.831E-2
3.124	-9.627E-4	3.893E-2
3.133	-3.513E-4	3.941E-2
3.141	3.315E-4	3.970E-2
3.150	1.017E-3	3.971E-2
3.158	1.628E-3	3.953E-2
3.166	2.085E-3	3.917E-2
3.175	2.302E-3	3.865E-2
3.183	2.217E-3	3.804E-2
3.191	1.849E-3	3.740E-2
3.200	1.276E-3	3.684E-2
3.208	4.918E-4	3.643E-2
3.217	-2.776E-4	3.619E-2
3.225	-1.022E-3	3.615E-2
3.233	-1.635E-3	3.633E-2
3.242	-2.039E-3	3.663E-2
3.250	-2.227E-3	3.708E-2
3.258	-2.211E-3	3.760E-2
3.267	-1.884E-3	3.810E-2
3.275	-1.353E-3	3.853E-2
3.284	-6.526E-4	3.889E-2
3.292	1.723E-4	3.910E-2
3.300	9.701E-4	3.915E-2
3.309	1.731E-3	3.904E-2
3.317	2.315E-3	3.880E-2
3.325	2.621E-3	3.846E-2
3.334	2.580E-3	3.805E-2
3.342	2.154E-3	3.764E-2
3.351	1.490E-3	3.729E-2
3.359	6.436E-4	3.703E-2
3.367	-2.227E-4	3.688E-2
3.376	-1.088E-3	3.684E-2
3.384	-1.794E-3	3.689E-2
3.392	-2.280E-3	3.708E-2
3.401	-2.497E-3	3.732E-2
3.409	-2.491E-3	3.760E-2
3.418	-2.209E-3	3.788E-2
3.426	-1.655E-3	3.817E-2
3.434	-8.767E-4	3.838E-2
3.443	6.594E-6	3.850E-2
3.451	9.329E-4	3.853E-2
3.459	1.806E-3	3.851E-2
3.468	2.444E-3	3.839E-2
3.476	2.814E-3	3.825E-2
3.485	2.801E-3	3.807E-2
3.493	2.386E-3	3.793E-2
3.501	1.706E-3	3.779E-2
3.510	7.915E-4	3.768E-2
3.518	-1.535E-4	3.758E-2
3.527	-1.077E-3	3.753E-2
3.535	-1.828E-3	3.752E-2
3.543	-2.334E-3	3.752E-2
3.552	-2.586E-3	3.753E-2
3.560	-2.555E-3	3.755E-2
3.568	-2.259E-3	3.757E-2
3.577	-1.723E-3	3.766E-2
3.585	-9.684E-4	3.774E-2
3.594	-2.807E-5	3.779E-2
3.602	9.127E-4	3.786E-2
3.610	1.795E-3	3.795E-2
3.619	2.420E-3	3.801E-2
3.627	2.810E-3	3.812E-2
3.635	2.819E-3	3.823E-2
3.644	2.424E-3	3.828E-2
3.652	1.762E-3	3.833E-2
3.661	8.826E-4	3.832E-2
3.669	-3.087E-5	3.829E-2
3.677	-9.052E-4	3.819E-2
3.686	-1.660E-3	3.803E-2
3.694	-2.171E-3	3.783E-2
3.702	-2.462E-3	3.760E-2
3.711	-2.486E-3	3.737E-2
3.719	-2.237E-3	3.720E-2
3.728	-1.772E-3	3.707E-2
3.736	-1.056E-3	3.703E-2
3.744	-1.847E-4	3.705E-2
3.753	7.005E-4	3.717E-2
3.761	1.533E-3	3.736E-2
3.769	2.149E-3	3.763E-2
3.778	2.577E-3	3.796E-2
3.786	2.597E-3	3.829E-2
3.795	2.287E-3	3.857E-2
3.803	1.705E-3	3.885E-2
3.811	9.225E-4	3.896E-2
3.820	8.750E-5	3.895E-2
3.828	-7.412E-4	3.878E-2
3.836	-1.434E-3	3.847E-2
3.845	-1.909E-3	3.811E-2
3.853	-2.163E-3	3.771E-2
3.862	-2.234E-3	3.727E-2
3.870	-2.024E-3	3.687E-2
3.878	-1.573E-3	3.659E-2
3.887	-1.009E-3	3.642E-2
3.895	-2.456E-4	3.641E-2
3.903	5.527E-4	3.660E-2
3.912	1.266E-3	3.693E-2
3.920	1.855E-3	3.737E-2
3.929	2.191E-3	3.792E-2
3.937	2.276E-3	3.848E-2
3.945	2.079E-3	3.896E-2
3.954	1.629E-3	3.934E-2
3.962	9.864E-4	3.955E-2
3.970	2.776E-4	3.956E-2
3.979	-4.203E-4	3.934E-2
3.987	-1.053E-3	3.892E-2
3.996	-1.522E-3	3.836E-2
4.004	-1.791E-3	3.775E-2
4.012	-1.847E-3	3.712E-2
4.021	-1.749E-3	3.656E-2
4.029	-1.402E-3	3.615E-2
4.037	-9.010E-4	3.593E-2
4.046	-3.249E-4	3.595E-2
4.054	2.938E-4	3.619E-2
4.063	9.063E-4	3.664E-2
4.071	1.420E-3	3.726E-2
4.079	1.717E-3	3.798E-2
4.088	1.839E-3	3.871E-2
4.096	1.718E-3	3.933E-2
4.104	1.425E-3	3.979E-2
4.113	9.819E-4	4.004E-2
4.121	4.526E-4	4.001E-2
4.130	-7.524E-5	3.973E-2
4.138	-6.019E-4	3.922E-2
4.146	-9.955E-4	3.850E-2
4.155	-1.298E-3	3.773E-2
4.163	-1.385E-3	3.698E-2
4.171	-1.347E-3	3.631E-2
4.180	-1.151E-3	3.583E-2
4.188	-8.576E-4	3.562E-2
4.197	-4.370E-4	3.568E-2
4.205	2.373E-5	3.600E-2
4.213	4.574E-4	3.653E-2
4.222	8.129E-4	3.728E-2
4.230	1.124E-3	3.812E-2
4.239	1.275E-3	3.896E-2
4.247	1.256E-3	3.964E-2
4.255	1.192E-3	4.012E-2
4.264	9.671E-4	4.034E-2
4.272	6.654E-4	4.028E-2
4.280	3.083E-4	3.992E-2
4.289	-2.334E-5	3.932E-2
4.297	-3.535E-4	3.854E-2
4.306	-6.179E-4	3.763E-2
4.314	-8.071E-4	3.676E-2
4.322	-8.764E-4	3.609E-2
4.331	-8.766E-4	3.559E-2
4.339	-7.880E-4	3.538E-2
4.347	-6.310E-4	3.546E-2
4.356	-4.074E-4	3.583E-2
4.364	-1.397E-4	3.646E-2
4.373	1.366E-4	3.724E-2
4.381	3.808E-4	3.813E-2
4.389	5.837E-4	3.903E-2
4.398	7.196E-4	3.976E-2
4.406	8.530E-4	4.029E-2
4.414	8.397E-4	4.051E-2
4.423	7.204E-4	4.041E-2
4.431	6.274E-4	4.000E-2
4.440	3.994E-4	3.937E-2
4.448	1.232E-4	3.855E-2
4.456	-1.538E-4	3.763E-2
4.465	-4.063E-4	3.674E-2
4.473	-6.441E-4	3.605E-2
4.481	-8.312E-4	3.558E-2
4.490	-9.268E-4	3.540E-2
4.498	-9.263E-4	3.551E-2
4.507	-9.122E-4	3.591E-2
4.515	-8.160E-4	3.654E-2
4.523	-6.462E-4	3.735E-2
4.532	-4.080E-4	3.821E-2
4.540	-1.375E-4	3.907E-2
4.548	1.754E-4	3.977E-2
4.557	4.863E-4	4.025E-2
4.565	7.254E-4	4.044E-2
4.574	9.154E-4	4.034E-2
4.582	9.800E-4	3.993E-2
4.590	9.486E-4	3.928E-2
4.599	8.381E-4	3.847E-2
4.607	5.369E-4	3.761E-2
4.615	2.139E-4	3.680E-2
4.624	-1.333E-4	3.615E-2
4.632	-4.923E-4	3.570E-2
4.641	-8.321E-4	3.553E-2
4.649	-1.100E-3	3.563E-2
4.657	-1.246E-3	3.605E-2
4.666	-1.317E-3	3.668E-2
4.674	-1.194E-3	3.743E-2
4.682	-9.286E-4	3.822E-2
4.691	-5.691E-4	3.896E-2
4.699	-1.770E-4	3.958E-2
4.708	2.862E-4	4.000E-2
4.716	7.424E-4	4.017E-2
4.724	1.158E-3	4.002E-2
4.733	1.413E-3	3.965E-2
4.741	1.573E-3	3.906E-2
4.749	1.472E-3	3.836E-2
4.758	1.209E-3	3.761E-2
4.766	7.797E-4	3.689E-2
4.775	2.700E-4	3.633E-2
4.783	-2.534E-4	3.598E-2
4.791	-7.740E-4	3.585E-2
4.800	-1.256E-3	3.597E-2
4.808	-1.588E-3	3.632E-2
4.816	-1.690E-3	3.686E-2
4.825	-1.649E-3	3.749E-2
4.833	-1.403E-3	3.817E-2
4.842	-1.011E-3	3.879E-2
4.850	-4.938E-4	3.928E-2
4.858	1.226E-4	3.962E-2
4.867	7.413E-4	3.971E-2
4.875	1.344E-3	3.959E-2
4.883	1.807E-3	3.928E-2
4.892	2.052E-3	3.883E-2
4.900	2.058E-3	3.826E-2
4.909	1.813E-3	3.765E-2
4.917	1.343E-3	3.711E-2
4.925	7.087E-4	3.667E-2
4.934	1.090E-5	3.640E-2
4.942	-6.699E-4	3.633E-2
4.951	-1.281E-3	3.641E-2
4.959	-1.707E-3	3.668E-2
4.967	-1.960E-3	3.708E-2
4.976	-1.989E-3	3.754E-2
4.984	-1.775E-3	3.803E-2
4.992	-1.344E-3	3.848E-2
5.001	-7.293E-4	3.884E-2
5.009	1.658E-5	3.910E-2
5.018	7.735E-4	3.916E-2
5.026	1.477E-3	3.911E-2
5.034	2.047E-3	3.888E-2
5.043	2.389E-3	3.855E-2
5.051	2.399E-3	3.816E-2
5.059	2.125E-3	3.777E-2
5.068	1.590E-3	3.742E-2
5.076	8.604E-4	3.714E-2
5.085	2.413E-5	3.697E-2
5.093	-7.555E-4	3.692E-2
5.101	-1.484E-3	3.696E-2
5.110	-2.019E-3	3.712E-2
5.118	-2.274E-3	3.734E-2
5.126	-2.275E-3	3.760E-2
5.135	-2.067E-3	3.789E-2
5.143	-1.619E-3	3.817E-2
5.152	-9.733E-4	3.839E-2
5.160	-1.545E-4	3.851E-2
5.168	6.832E-4	3.852E-2
5.177	1.495E-3	3.851E-2
5.185	2.128E-3	3.843E-2
5.193	2.546E-3	3.829E-2
5.202	2.620E-3	3.811E-2
5.210	2.324E-3	3.797E-2
5.219	1.754E-3	3.780E-2
5.227	9.562E-4	3.769E-2
5.235	1.058E-4	3.758E-2
5.244	-7.595E-4	3.753E-2
5.252	-1.528E-3	3.752E-2
5.260	-2.062E-3	3.753E-2
5.269	-2.360E-3	3.754E-2
5.277	-2.347E-3	3.756E-2
5.286	-2.166E-3	3.765E-2
5.294	-1.762E-3	3.774E-2
5.302	-1.099E-3	3.779E-2
5.311	-2.874E-4	3.786E-2
5.319	5.909E-4	3.792E-2
5.327	1.413E-3	3.797E-2
5.336	2.090E-3	3.802E-2
5.344	2.549E-3	3.809E-2
5.353	2.634E-3	3.815E-2
5.361	2.354E-3	3.822E-2
5.369	1.818E-3	3.825E-2
5.378	1.054E-3	3.825E-2
5.386	1.791E-4	3.823E-2
5.394	-6.443E-4	3.818E-2
5.403	-1.372E-3	3.804E-2
5.411	-1.914E-3	3.791E-2
5.420	-2.256E-3	3.774E-2
5.428	-2.322E-3	3.755E-2
5.436	-2.129E-3	3.738E-2
5.445	-1.693E-3	3.727E-2
5.453	-1.101E-3	3.722E-2
5.461	-3.200E-4	3.724E-2
5.470	4.874E-4	3.731E-2
5.478	1.290E-3	3.749E-2
5.487	1.906E-3	3.772E-2
5.495	2.349E-3	3.799E-2
5.503	2.435E-3	3.827E-2
5.512	2.211E-3	3.851E-2
5.520	1.693E-3	3.872E-2
5.528	1.014E-3	3.885E-2
5.537	2.306E-4	3.888E-2
5.545	-5.563E-4	3.876E-2
5.554	-1.270E-3	3.852E-2
5.562	-1.811E-3	3.822E-2
5.570	-2.083E-3	3.784E-2
5.579	-2.142E-3	3.742E-2
5.587	-2.008E-3	3.708E-2
5.595	-1.619E-3	3.681E-2
5.604	-1.092E-3	3.663E-2
5.612	-4.047E-4	3.662E-2
5.621	3.258E-4	3.673E-2
5.629	1.027E-3	3.703E-2
5.637	1.626E-3	3.742E-2
5.646	2.027E-3	3.792E-2
5.654	2.154E-3	3.842E-2
5.663	2.007E-3	3.887E-2
5.671	1.618E-3	3.921E-2
5.679	1.041E-3	3.940E-2
5.688	3.619E-4	3.940E-2
5.696	-3.285E-4	3.928E-2
5.704	-9.094E-4	3.894E-2
5.713	-1.379E-3	3.848E-2
5.721	-1.658E-3	3.794E-2
5.730	-1.775E-3	3.736E-2
5.738	-1.671E-3	3.683E-2
5.746	-1.367E-3	3.641E-2
5.755	-9.287E-4	3.617E-2
5.763	-3.842E-4	3.613E-2
5.771	2.069E-4	3.632E-2
5.780	7.863E-4	3.667E-2
5.788	1.269E-3	3.719E-2
5.797	1.617E-3	3.786E-2
5.805	1.746E-3	3.849E-2
5.813	1.680E-3	3.907E-2
5.822	1.433E-3	3.954E-2
5.830	1.015E-3	3.982E-2
5.838	5.184E-4	3.983E-2
5.847	1.756E-5	3.964E-2
5.855	-4.543E-4	3.920E-2
5.864	-8.554E-4	3.861E-2
5.872	-1.133E-3	3.793E-2
5.880	-1.305E-3	3.723E-2
5.889	-1.308E-3	3.660E-2
5.897	-1.125E-3	3.610E-2
5.905	-8.550E-4	3.583E-2
5.914	-4.618E-4	3.584E-2
5.922	-2.842E-5	3.608E-2
5.931	3.817E-4	3.655E-2
5.939	7.462E-4	3.719E-2
5.947	1.023E-3	3.796E-2
5.956	1.202E-3	3.872E-2
5.964	1.218E-3	3.937E-2
5.972	1.170E-3	3.987E-2
5.981	9.683E-4	4.014E-2
5.989	6.805E-4	4.013E-2
5.998	3.207E-4	3.986E-2
6.006	1.096E-5	3.936E-2
6.014	-3.071E-4	3.868E-2
6.023	-6.018E-4	3.791E-2
6.031	-7.517E-4	3.711E-2
6.039	-8.273E-4	3.641E-2
6.048	-8.449E-4	3.588E-2
6.056	-7.139E-4	3.561E-2
6.065	-5.590E-4	3.563E-2
6.073	-3.630E-4	3.591E-2
6.081	-1.236E-4	3.642E-2
6.090	1.451E-4	3.711E-2
6.098	3.667E-4	3.792E-2
6.106	5.611E-4	3.876E-2
6.115	7.065E-4	3.943E-2
6.123	7.898E-4	3.995E-2
6.132	7.814E-4	4.020E-2
6.140	7.109E-4	4.023E-2
6.148	5.991E-4	3.993E-2
6.157	4.191E-4	3.937E-2
6.165	2.277E-4	3.863E-2
6.173	1.727E-5	3.785E-2
6.182	-2.048E-4	3.702E-2
6.190	-4.141E-4	3.633E-2
6.199	-5.752E-4	3.581E-2
6.207	-6.564E-4	3.557E-2
6.215	-6.612E-4	3.563E-2
6.224	-6.622E-4	3.595E-2
6.232	-5.949E-4	3.646E-2
6.240	-4.298E-4	3.716E-2
6.249	-2.022E-4	3.797E-2
6.257	4.324E-5	3.878E-2
6.266	2.895E-4	3.944E-2
6.274	5.264E-4	3.991E-2
6.282	7.447E-4	4.014E-2
6.291	9.426E-4	4.010E-2
6.299	9.822E-4	3.979E-2
6.307	9.763E-4	3.924E-2
6.316	8.018E-4	3.850E-2
6.324	5.962E-4	3.769E-2
6.333	2.850E-4	3.694E-2
6.341	1.396E-5	3.629E-2
6.349	-3.483E-4	3.586E-2
6.358	-6.560E-4	3.566E-2
6.366	-8.885E-4	3.568E-2
6.375	-1.025E-3	3.602E-2
6.383	-1.110E-3	3.657E-2
6.391	-9.668E-4	3.724E-2
6.400	-8.158E-4	3.799E-2
6.408	-4.985E-4	3.874E-2
6.416	-1.558E-4	3.936E-2
6.425	2.627E-4	3.978E-2
6.433	6.931E-4	3.999E-2
6.442	1.032E-3	3.994E-2
6.450	1.272E-3	3.962E-2
6.458	1.413E-3	3.912E-2
6.467	1.411E-3	3.846E-2
6.475	1.188E-3	3.776E-2
6.483	8.098E-4	3.707E-2
6.492	3.671E-4	3.653E-2
6.500	-1.564E-4	3.615E-2
6.509	-6.327E-4	3.597E-2
6.517	-1.060E-3	3.600E-2
6.525	-1.367E-3	3.629E-2
6.534	-1.526E-3	3.677E-2
6.542	-1.532E-3	3.735E-2
6.550	-1.363E-3	3.799E-2
6.559	-9.958E-4	3.860E-2
6.567	-5.691E-4	3.913E-2
6.576	-2.666E-5	3.947E-2
6.584	5.409E-4	3.960E-2
6.592	1.102E-3	3.955E-2
6.601	1.545E-3	3.931E-2
6.609	1.761E-3	3.890E-2
6.617	1.802E-3	3.837E-2
6.626	1.634E-3	3.780E-2
6.634	1.210E-3	3.727E-2
6.643	6.775E-4	3.684E-2
6.651	4.950E-5	3.654E-2
6.659	-5.970E-4	3.641E-2
6.668	-1.156E-3	3.645E-2
6.676	-1.577E-3	3.666E-2
6.684	-1.811E-3	3.702E-2
6.693	-1.835E-3	3.747E-2
6.701	-1.684E-3	3.795E-2
6.710	-1.357E-3	3.842E-2
6.718	-8.392E-4	3.879E-2
6.726	-1.903E-4	3.900E-2
6.735	5.105E-4	3.912E-2
6.743	1.180E-3	3.908E-2
6.751	1.709E-3	3.891E-2
6.760	2.089E-3	3.862E-2
6.768	2.155E-3	3.826E-2
6.777	1.965E-3	3.784E-2
6.785	1.514E-3	3.749E-2
6.793	8.694E-4	3.720E-2
6.802	1.445E-4	3.704E-2
6.810	-6.047E-4	3.692E-2
6.818	-1.294E-3	3.695E-2
6.827	-1.804E-3	3.709E-2
6.835	-2.077E-3	3.732E-2
6.844	-2.128E-3	3.756E-2
6.852	-1.991E-3	3.784E-2
6.860	-1.604E-3	3.809E-2
6.869	-1.065E-3	3.829E-2
6.877	-3.529E-4	3.845E-2
6.885	4.224E-4	3.850E-2
6.894	1.202E-3	3.849E-2
6.902	1.838E-3	3.843E-2
6.911	2.271E-3	3.826E-2
6.919	2.402E-3	3.808E-2
6.927	2.196E-3	3.793E-2
6.936	1.720E-3	3.776E-2
6.944	1.041E-3	3.761E-2
6.952	2.545E-4	3.751E-2
6.961	-5.293E-4	3.747E-2
6.969	-1.284E-3	3.747E-2
6.978	-1.832E-3	3.748E-2
6.986	-2.147E-3	3.751E-2
6.994	-2.290E-3	3.759E-2
7.003	-2.107E-3	3.768E-2
7.011	-1.765E-3	3.776E-2
7.020	-1.172E-3	3.783E-2
7.028	-4.281E-4	3.790E-2
7.036	3.640E-4	3.797E-2
7.045	1.139E-3	3.801E-2
7.053	1.818E-3	3.804E-2
7.061	2.290E-3	3.803E-2
7.070	2.432E-3	3.809E-2
7.078	2.277E-3	3.812E-2
7.087	1.850E-3	3.816E-2
7.095	1.192E-3	3.819E-2
7.103	4.181E-4	3.818E-2
7.112	-3.783E-4	3.814E-2
7.120	-1.095E-3	3.803E-2
7.128	-1.657E-3	3.793E-2
7.137	-1.994E-3	3.779E-2
7.145	-2.117E-3	3.766E-2
7.154	-1.976E-3	3.754E-2
7.162	-1.650E-3	3.743E-2
7.170	-1.099E-3	3.737E-2
7.179	-3.928E-4	3.734E-2
7.187	3.839E-4	3.736E-2
7.195	1.128E-3	3.751E-2
7.204	1.757E-3	3.771E-2
7.212	2.167E-3	3.796E-2
7.221	2.318E-3	3.819E-2
7.229	2.188E-3	3.843E-2
7.237	1.767E-3	3.863E-2
7.246	1.163E-3	3.874E-2
7.254	4.442E-4	3.878E-2
7.262	-2.753E-4	3.869E-2
7.271	-9.338E-4	3.851E-2
7.279	-1.466E-3	3.823E-2
7.288	-1.817E-3	3.793E-2
7.296	-1.981E-3	3.759E-2
7.304	-1.871E-3	3.726E-2
7.313	-1.556E-3	3.701E-2
7.321	-1.090E-3	3.684E-2
7.329	-4.557E-4	3.679E-2
7.338	2.404E-4	3.686E-2
7.346	9.180E-4	3.708E-2
7.355	1.502E-3	3.741E-2
7.363	1.903E-3	3.782E-2
7.371	2.056E-3	3.823E-2
7.380	1.990E-3	3.865E-2
7.388	1.658E-3	3.898E-2
7.396	1.161E-3	3.919E-2
7.405	5.411E-4	3.925E-2
7.413	-1.081E-4	3.913E-2
7.422	-6.888E-4	3.889E-2
7.430	-1.162E-3	3.849E-2
7.438	-1.484E-3	3.801E-2
7.447	-1.642E-3	3.749E-2
7.455	-1.581E-3	3.702E-2
7.463	-1.328E-3	3.662E-2
7.472	-9.545E-4	3.638E-2
7.480	-4.391E-4	3.632E-2
7.489	1.157E-4	3.641E-2
7.497	6.678E-4	3.669E-2
7.505	1.176E-3	3.714E-2
7.514	1.525E-3	3.770E-2
7.522	1.682E-3	3.827E-2
7.530	1.659E-3	3.883E-2
7.539	1.445E-3	3.930E-2
7.547	1.058E-3	3.959E-2
7.556	5.648E-4	3.965E-2
7.564	6.857E-5	3.954E-2
7.572	-4.068E-4	3.919E-2
7.581	-8.095E-4	3.868E-2
7.589	-1.110E-3	3.808E-2
7.597	-1.248E-3	3.740E-2
7.606	-1.277E-3	3.678E-2
7.614	-1.152E-3	3.633E-2
7.623	-8.924E-4	3.605E-2
7.631	-5.210E-4	3.600E-2
7.639	-1.317E-4	3.611E-2
7.648	2.740E-4	3.646E-2
7.656	6.892E-4	3.702E-2
7.664	9.819E-4	3.771E-2
7.673	1.174E-3	3.840E-2
7.681	1.215E-3	3.903E-2
7.690	1.155E-3	3.957E-2
7.698	9.740E-4	3.988E-2
7.706	7.013E-4	3.993E-2
7.715	3.546E-4	3.976E-2
7.723	4.755E-5	3.936E-2
7.732	-2.582E-4	3.878E-2
7.740	-4.998E-4	3.805E-2
7.748	-6.610E-4	3.731E-2
7.757	-7.374E-4	3.663E-2
7.765	-7.227E-4	3.611E-2
7.773	-6.208E-4	3.581E-2
7.782	-4.691E-4	3.577E-2
7.790	-2.379E-4	3.593E-2
7.799	1.331E-5	3.635E-2
7.807	2.777E-4	3.699E-2
7.815	5.057E-4	3.774E-2
7.824	7.057E-4	3.850E-2
7.832	8.623E-4	3.917E-2
7.840	8.957E-4	3.967E-2
7.849	9.097E-4	3.998E-2
7.857	8.701E-4	4.006E-2
7.866	7.255E-4	3.985E-2
7.874	5.397E-4	3.938E-2
7.882	3.409E-4	3.875E-2
7.891	1.149E-4	3.800E-2
7.899	-1.223E-4	3.724E-2
7.907	-3.153E-4	3.656E-2
7.916	-4.581E-4	3.605E-2
7.924	-5.378E-4	3.576E-2
7.933	-6.069E-4	3.571E-2
7.941	-5.856E-4	3.593E-2
7.949	-4.762E-4	3.636E-2
7.958	-3.445E-4	3.701E-2
7.966	-1.740E-4	3.777E-2
7.974	5.712E-5	3.852E-2
7.983	2.820E-4	3.919E-2
7.991	5.059E-4	3.966E-2
8.000	7.145E-4	3.994E-2
8.008	8.125E-4	3.997E-2
8.016	8.947E-4	3.977E-2
8.025	9.065E-4	3.930E-2
8.033	7.709E-4	3.868E-2
8.041	5.732E-4	3.796E-2
8.050	3.131E-4	3.723E-2
8.058	4.940E-5	3.660E-2
8.067	-2.155E-4	3.612E-2
8.075	-4.776E-4	3.586E-2
8.083	-6.708E-4	3.586E-2
8.092	-8.418E-4	3.611E-2
8.100	-8.745E-4	3.655E-2
8.108	-8.567E-4	3.714E-2
8.117	-6.685E-4	3.784E-2
8.125	-4.217E-4	3.852E-2
8.134	-1.465E-4	3.914E-2
8.142	2.455E-4	3.958E-2
8.150	5.714E-4	3.983E-2
8.159	9.318E-4	3.984E-2
8.167	1.176E-3	3.961E-2
8.175	1.279E-3	3.916E-2
8.184	1.250E-3	3.856E-2
8.192	1.107E-3	3.790E-2
8.201	8.064E-4	3.727E-2
8.209	4.530E-4	3.670E-2
8.217	3.655E-5	3.629E-2
8.226	-4.163E-4	3.611E-2
8.234	-8.231E-4	3.612E-2
8.242	-1.112E-3	3.635E-2
8.251	-1.308E-3	3.674E-2
8.259	-1.329E-3	3.727E-2
8.268	-1.173E-3	3.788E-2
8.276	-8.827E-4	3.849E-2
8.284	-4.867E-4	3.899E-2
8.293	-2.868E-6	3.935E-2
8.301	5.105E-4	3.955E-2
8.309	9.912E-4	3.956E-2
8.318	1.405E-3	3.936E-2
8.326	1.659E-3	3.897E-2
8.335	1.715E-3	3.846E-2
8.343	1.581E-3	3.794E-2
8.351	1.258E-3	3.743E-2
8.360	7.641E-4	3.701E-2
8.368	2.125E-4	3.666E-2
8.376	-3.615E-4	3.652E-2
8.385	-8.856E-4	3.654E-2
8.393	-1.320E-3	3.674E-2
8.402	-1.570E-3	3.706E-2
8.410	-1.647E-3	3.748E-2
8.418	-1.545E-3	3.795E-2
8.427	-1.257E-3	3.841E-2
8.435	-8.288E-4	3.876E-2
8.444	-2.451E-4	3.901E-2
8.452	3.870E-4	3.913E-2
8.460	9.825E-4	3.913E-2
8.469	1.487E-3	3.895E-2
8.477	1.876E-3	3.868E-2
8.485	1.980E-3	3.833E-2
8.494	1.880E-3	3.794E-2
8.502	1.489E-3	3.758E-2
8.511	9.575E-4	3.728E-2
8.519	2.860E-4	3.706E-2
8.527	-3.988E-4	3.696E-2
8.536	-1.031E-3	3.699E-2
8.544	-1.553E-3	3.709E-2
8.552	-1.839E-3	3.731E-2
8.561	-1.958E-3	3.754E-2
8.569	-1.852E-3	3.782E-2
8.578	-1.574E-3	3.809E-2
8.586	-1.102E-3	3.830E-2
8.594	-4.350E-4	3.846E-2
8.603	2.716E-4	3.854E-2
8.611	9.728E-4	3.852E-2
8.619	1.589E-3	3.845E-2
8.628	2.034E-3	3.831E-2
8.636	2.211E-3	3.814E-2
8.645	2.108E-3	3.796E-2
8.653	1.704E-3	3.778E-2
8.661	1.153E-3	3.761E-2
8.670	4.452E-4	3.750E-2
8.678	-2.742E-4	3.746E-2
8.686	-9.515E-4	3.748E-2
8.695	-1.498E-3	3.749E-2
8.703	-1.861E-3	3.754E-2
8.712	-1.991E-3	3.761E-2
8.720	-1.940E-3	3.771E-2
8.728	-1.638E-3	3.778E-2
8.737	-1.135E-3	3.790E-2
8.745	-4.656E-4	3.798E-2
8.753	2.821E-4	3.802E-2
8.762	9.937E-4	3.804E-2
8.770	1.637E-3	3.805E-2
8.779	2.091E-3	3.807E-2
8.787	2.305E-3	3.806E-2
8.795	2.229E-3	3.804E-2
8.804	1.842E-3	3.803E-2
8.812	1.263E-3	3.803E-2
8.820	5.391E-4	3.800E-2
8.829	-1.998E-4	3.797E-2
8.837	-8.878E-4	3.793E-2
8.846	-1.442E-3	3.784E-2
8.854	-1.788E-3	3.773E-2
8.862	-1.951E-3	3.762E-2
8.871	-1.909E-3	3.751E-2
8.879	-1.601E-3	3.745E-2
8.887	-1.121E-3	3.741E-2
8.896	-4.789E-4	3.737E-2
8.904	2.401E-4	3.738E-2
8.913	9.522E-4	3.750E-2
8.921	1.594E-3	3.762E-2
8.929	2.055E-3	3.778E-2
8.938	2.280E-3	3.799E-2
8.946	2.211E-3	3.821E-2
8.954	1.861E-3	3.840E-2
8.963	1.350E-3	3.851E-2
8.971	7.007E-4	3.853E-2
8.980	1.346E-5	3.848E-2
8.988	-6.399E-4	3.837E-2
8.996	-1.180E-3	3.818E-2
9.005	-1.565E-3	3.794E-2
9.013	-1.725E-3	3.763E-2
9.021	-1.687E-3	3.733E-2
9.030	-1.449E-3	3.709E-2
9.038	-1.082E-3	3.692E-2
9.047	-5.064E-4	3.684E-2
9.055	1.624E-4	3.685E-2
9.063	7.602E-4	3.704E-2
9.072	1.348E-3	3.732E-2
9.080	1.779E-3	3.765E-2
9.088	1.947E-3	3.803E-2
9.097	1.905E-3	3.843E-2
9.105	1.653E-3	3.873E-2
9.114	1.199E-3	3.895E-2
9.122	6.231E-4	3.905E-2
9.130	1.688E-5	3.901E-2
9.139	-5.542E-4	3.881E-2
9.147	-1.069E-3	3.848E-2
9.156	-1.381E-3	3.806E-2
9.164	-1.560E-3	3.758E-2
9.172	-1.559E-3	3.712E-2
9.181	-1.355E-3	3.678E-2
9.189	-1.039E-3	3.655E-2
9.197	-5.967E-4	3.642E-2
9.206	-3.780E-5	3.647E-2
9.214	5.002E-4	3.669E-2
9.223	9.905E-4	3.707E-2
9.231	1.373E-3	3.754E-2
9.239	1.584E-3	3.805E-2
9.248	1.608E-3	3.856E-2
9.256	1.449E-3	3.897E-2
9.264	1.122E-3	3.929E-2
9.273	7.053E-4	3.941E-2
9.281	2.440E-4	3.934E-2
9.290	-2.077E-4	3.908E-2
9.298	-6.084E-4	3.867E-2
9.306	-9.101E-4	3.811E-2
9.315	-1.093E-3	3.754E-2
9.323	-1.129E-3	3.699E-2
9.331	-1.041E-3	3.655E-2
9.340	-8.180E-4	3.624E-2
9.348	-4.938E-4	3.611E-2
9.357	-1.110E-4	3.619E-2
9.365	2.851E-4	3.649E-2
9.373	6.569E-4	3.699E-2
9.382	9.838E-4	3.758E-2
9.390	1.166E-3	3.820E-2
9.398	1.235E-3	3.880E-2
9.407	1.171E-3	3.929E-2
9.415	1.004E-3	3.964E-2
9.424	7.381E-4	3.977E-2
9.432	4.145E-4	3.965E-2
9.440	1.230E-4	3.933E-2
9.449	-2.050E-4	3.883E-2
9.457	-4.578E-4	3.821E-2
9.465	-6.264E-4	3.752E-2
9.474	-7.202E-4	3.689E-2
9.482	-7.096E-4	3.636E-2
9.491	-6.113E-4	3.605E-2
9.499	-4.607E-4	3.595E-2
9.507	-2.349E-4	3.607E-2
9.516	1.065E-5	3.642E-2
9.524	2.610E-4	3.694E-2
9.532	4.944E-4	3.758E-2
9.541	6.923E-4	3.828E-2
9.549	8.375E-4	3.890E-2
9.558	8.765E-4	3.943E-2
9.566	8.901E-4	3.977E-2
9.574	8.299E-4	3.987E-2
9.583	6.682E-4	3.974E-2
9.591	4.944E-4	3.938E-2
9.599	3.018E-4	3.885E-2
9.608	1.045E-4	3.818E-2
9.616	-1.105E-4	3.749E-2
9.625	-2.850E-4	3.682E-2
9.633	-3.932E-4	3.629E-2
9.641	-4.695E-4	3.598E-2
9.650	-4.714E-4	3.588E-2
9.658	-4.401E-4	3.604E-2
9.666	-3.336E-4	3.643E-2
9.675	-2.170E-4	3.699E-2
9.683	-3.322E-5	3.769E-2
9.692	1.907E-4	3.840E-2
9.700	4.166E-4	3.902E-2
9.708	6.247E-4	3.951E-2
9.717	7.328E-4	3.984E-2
9.725	8.543E-4	3.990E-2
9.733	8.718E-4	3.973E-2
9.742	8.830E-4	3.937E-2
9.750	7.959E-4	3.883E-2
9.759	6.230E-4	3.818E-2
9.767	3.750E-4	3.749E-2
9.775	1.091E-4	3.684E-2
9.784	-1.556E-4	3.635E-2
9.792	-3.942E-4	3.606E-2
9.800	-6.065E-4	3.601E-2
9.809	-7.011E-4	3.614E-2
9.817	-7.480E-4	3.651E-2
9.826	-6.831E-4	3.709E-2
9.834	-5.723E-4	3.774E-2
9.842	-3.760E-4	3.841E-2
9.851	-1.307E-4	3.898E-2
9.859	1.958E-4	3.942E-2
9.868	5.221E-4	3.968E-2
9.876	7.846E-4	3.971E-2
9.884	1.005E-3	3.953E-2
9.893	1.158E-3	3.918E-2
9.901	1.170E-3	3.865E-2
9.909	1.035E-3	3.805E-2
9.918	7.684E-4	3.740E-2
9.926	4.735E-4	3.683E-2
9.935	7.530E-5	3.641E-2
9.943	-3.176E-4	3.617E-2
9.951	-6.721E-4	3.613E-2
9.960	-9.210E-4	3.632E-2
9.968	-1.109E-3	3.665E-2
9.976	-1.139E-3	3.713E-2
9.985	-1.071E-3	3.769E-2
9.993	-8.521E-4	3.828E-2
10.002	-4.745E-4	3.877E-2
10.010	-8.597E-5	3.914E-2
10.018	3.414E-4	3.937E-2
10.027	7.560E-4	3.940E-2
10.035	1.179E-3	3.923E-2
10.043	1.430E-3	3.889E-2
10.052	1.501E-3	3.845E-2
10.060	1.426E-3	3.796E-2
10.069	1.178E-3	3.747E-2
10.077	7.452E-4	3.703E-2
10.085	2.694E-4	3.667E-2
10.094	-2.393E-4	3.649E-2
10.102	-7.219E-4	3.652E-2
10.110	-1.110E-3	3.665E-2
10.119	-1.374E-3	3.693E-2
10.127	-1.482E-3	3.730E-2
10.136	-1.426E-3	3.775E-2
10.144	-1.157E-3	3.819E-2
10.152	-7.716E-4	3.857E-2
10.161	-2.845E-4	3.890E-2
10.169	2.887E-4	3.906E-2
10.177	8.400E-4	3.909E-2
10.186	1.334E-3	3.896E-2
10.194	1.715E-3	3.871E-2
10.203	1.868E-3	3.837E-2
10.211	1.809E-3	3.802E-2
10.219	1.531E-3	3.766E-2
10.228	1.040E-3	3.735E-2
10.236	4.571E-4	3.710E-2
10.244	-1.528E-4	3.699E-2
10.253	-7.382E-4	3.700E-2
10.261	-1.220E-3	3.707E-2
10.270	-1.568E-3	3.727E-2
10.278	-1.743E-3	3.751E-2
10.286	-1.712E-3	3.779E-2
10.295	-1.438E-3	3.806E-2
10.303	-1.039E-3	3.829E-2
10.311	-4.718E-4	3.847E-2
10.320	1.751E-4	3.858E-2
10.328	8.270E-4	3.862E-2
10.337	1.411E-3	3.856E-2
10.345	1.845E-3	3.842E-2
10.353	2.053E-3	3.823E-2
10.362	2.030E-3	3.801E-2
10.370	1.774E-3	3.782E-2
10.378	1.230E-3	3.765E-2
10.387	5.880E-4	3.753E-2
10.395	-1.306E-4	3.749E-2
10.404	-7.652E-4	3.747E-2
10.412	-1.343E-3	3.749E-2
10.420	-1.707E-3	3.754E-2
10.429	-1.861E-3	3.763E-2
10.437	-1.819E-3	3.773E-2
10.445	-1.568E-3	3.783E-2
10.454	-1.162E-3	3.794E-2
10.462	-5.762E-4	3.801E-2
10.471	9.180E-5	3.805E-2
10.479	7.538E-4	3.808E-2
10.487	1.376E-3	3.806E-2
10.496	1.857E-3	3.805E-2
10.504	2.103E-3	3.804E-2
10.512	2.104E-3	3.801E-2
10.521	1.789E-3	3.800E-2
10.529	1.252E-3	3.799E-2
10.538	6.067E-4	3.796E-2
10.546	-1.201E-4	3.795E-2
10.554	-7.719E-4	3.792E-2
10.563	-1.355E-3	3.783E-2
10.571	-1.724E-3	3.774E-2
10.580	-1.884E-3	3.770E-2
10.588	-1.839E-3	3.761E-2
10.596	-1.606E-3	3.754E-2
10.605	-1.204E-3	3.754E-2
10.613	-6.220E-4	3.750E-2
10.621	3.790E-5	3.754E-2
10.630	7.066E-4	3.758E-2
10.638	1.325E-3	3.771E-2
10.647	1.733E-3	3.785E-2
10.655	1.965E-3	3.799E-2
10.663	1.942E-3	3.819E-2
10.672	1.669E-3	3.831E-2
10.680	1.206E-3	3.842E-2
10.688	6.049E-4	3.847E-2
10.697	-4.704E-5	3.845E-2
10.705	-6.587E-4	3.836E-2
10.714	-1.178E-3	3.820E-2
10.722	-1.562E-3	3.798E-2
10.730	-1.766E-3	3.774E-2
10.739	-1.771E-3	3.751E-2
10.747	-1.574E-3	3.729E-2
10.755	-1.164E-3	3.711E-2
10.764	-6.485E-4	3.705E-2
10.772	-3.708E-5	3.706E-2
10.781	5.777E-4	3.718E-2
10.789	1.139E-3	3.743E-2
10.797	1.581E-3	3.772E-2
10.806	1.825E-3	3.804E-2
10.814	1.844E-3	3.838E-2
10.822	1.656E-3	3.867E-2
10.831	1.246E-3	3.890E-2
10.839	7.191E-4	3.897E-2
10.848	1.631E-4	3.894E-2
10.856	-4.189E-4	3.879E-2
10.864	-8.822E-4	3.849E-2
10.873	-1.253E-3	3.814E-2
10.881	-1.439E-3	3.775E-2
10.889	-1.431E-3	3.735E-2
10.898	-1.277E-3	3.701E-2
10.906	-9.809E-4	3.675E-2
10.915	-5.170E-4	3.663E-2
10.923	-3.434E-6	3.663E-2
10.931	5.104E-4	3.683E-2
10.940	9.842E-4	3.713E-2
10.948	1.354E-3	3.753E-2
10.956	1.590E-3	3.800E-2
10.965	1.619E-3	3.846E-2
10.973	1.498E-3	3.888E-2
10.982	1.192E-3	3.917E-2
10.990	7.776E-4	3.932E-2
10.998	3.341E-4	3.930E-2
11.007	-1.332E-4	3.910E-2
11.015	-5.372E-4	3.874E-2
11.023	-8.506E-4	3.826E-2
11.032	-1.072E-3	3.773E-2
11.040	-1.122E-3	3.721E-2
11.049	-1.068E-3	3.678E-2
11.057	-8.510E-4	3.646E-2
11.065	-5.657E-4	3.632E-2
11.074	-1.920E-4	3.634E-2
11.082	2.189E-4	3.661E-2
11.090	5.571E-4	3.701E-2
11.099	8.784E-4	3.752E-2
11.107	1.102E-3	3.808E-2
11.116	1.198E-3	3.864E-2
11.124	1.166E-3	3.914E-2
11.132	1.005E-3	3.946E-2
11.141	7.490E-4	3.960E-2
11.149	4.388E-4	3.956E-2
11.157	1.321E-4	3.932E-2
11.166	-1.820E-4	3.889E-2
11.174	-4.440E-4	3.831E-2
11.183	-6.173E-4	3.768E-2
11.191	-7.144E-4	3.710E-2
11.199	-7.021E-4	3.660E-2
11.208	-6.126E-4	3.624E-2
11.216	-4.632E-4	3.608E-2
11.224	-2.376E-4	3.615E-2
11.233	1.255E-5	3.643E-2
11.241	2.580E-4	3.688E-2
11.250	4.894E-4	3.746E-2
11.258	6.871E-4	3.811E-2
11.266	8.218E-4	3.874E-2
11.275	8.550E-4	3.925E-2
11.283	8.140E-4	3.958E-2
11.292	7.330E-4	3.973E-2
11.300	5.598E-4	3.966E-2
11.308	3.955E-4	3.936E-2
11.317	1.945E-4	3.888E-2
11.325	2.417E-5	3.827E-2
11.333	-1.697E-4	3.758E-2
11.342	-3.318E-4	3.695E-2
11.350	-4.253E-4	3.647E-2
11.359	-4.749E-4	3.612E-2
11.367	-4.656E-4	3.598E-2
11.375	-4.119E-4	3.608E-2
11.384	-3.496E-4	3.639E-2
11.392	-1.919E-4	3.689E-2
11.400	-1.591E-5	3.749E-2
11.409	1.464E-4	3.813E-2
11.417	3.007E-4	3.877E-2
11.426	4.862E-4	3.927E-2
11.434	6.111E-4	3.963E-2
11.442	7.084E-4	3.975E-2
11.451	7.399E-4	3.964E-2
11.459	7.240E-4	3.934E-2
11.467	6.312E-4	3.886E-2
11.476	4.771E-4	3.825E-2
11.484	2.874E-4	3.759E-2
11.493	6.041E-5	3.698E-2
11.501	-1.709E-4	3.649E-2
11.509	-3.801E-4	3.619E-2
11.518	-5.162E-4	3.609E-2
11.526	-6.243E-4	3.618E-2
11.534	-6.565E-4	3.650E-2
11.543	-6.487E-4	3.703E-2
11.551	-5.115E-4	3.761E-2
11.560	-3.372E-4	3.822E-2
11.568	-1.291E-4	3.879E-2
11.576	1.398E-4	3.922E-2
11.585	4.296E-4	3.951E-2
11.593	6.988E-4	3.962E-2
11.601	9.189E-4	3.951E-2
11.610	1.021E-3	3.921E-2
11.618	1.015E-3	3.872E-2
11.627	9.558E-4	3.816E-2
11.635	7.436E-4	3.757E-2
11.643	4.691E-4	3.702E-2
11.652	1.093E-4	3.659E-2
11.660	-2.076E-4	3.634E-2
11.668	-5.209E-4	3.628E-2
11.677	-7.778E-4	3.640E-2
11.685	-9.168E-4	3.667E-2
11.694	-9.823E-4	3.711E-2
11.702	-8.814E-4	3.762E-2
11.710	-7.158E-4	3.816E-2
11.719	-4.151E-4	3.866E-2
11.727	-5.377E-5	3.906E-2
11.735	3.618E-4	3.933E-2
11.744	7.488E-4	3.937E-2
11.752	1.102E-3	3.930E-2
11.761	1.359E-3	3.901E-2
11.769	1.464E-3	3.859E-2
11.777	1.403E-3	3.813E-2
11.786	1.203E-3	3.766E-2
11.794	8.627E-4	3.721E-2
11.802	4.088E-4	3.687E-2
11.811	-4.498E-5	3.664E-2
11.819	-4.726E-4	3.659E-2
11.828	-8.393E-4	3.668E-2
11.836	-1.132E-3	3.693E-2
11.844	-1.241E-3	3.727E-2
11.853	-1.275E-3	3.770E-2
11.861	-1.069E-3	3.814E-2
11.869	-7.436E-4	3.853E-2
11.878	-2.762E-4	3.881E-2
11.886	2.425E-4	3.900E-2
11.895	7.546E-4	3.899E-2
11.903	1.223E-3	3.892E-2
11.911	1.572E-3	3.869E-2
11.920	1.784E-3	3.840E-2
11.928	1.721E-3	3.805E-2
11.937	1.471E-3	3.768E-2
11.945	1.072E-3	3.736E-2
11.953	5.204E-4	3.710E-2
11.962	-3.690E-5	3.697E-2
11.970	-5.737E-4	3.695E-2
11.978	-1.072E-3	3.705E-2
11.987	-1.387E-3	3.723E-2
11.995	-1.554E-3	3.748E-2
12.004	-1.561E-3	3.776E-2
12.012	-1.343E-3	3.803E-2
12.020	-1.024E-3	3.827E-2
12.029	-5.221E-4	3.846E-2
12.037	3.405E-5	3.858E-2
12.045	6.205E-4	3.864E-2
12.054	1.167E-3	3.861E-2
12.062	1.619E-3	3.846E-2
12.071	1.858E-3	3.827E-2
12.079	1.871E-3	3.806E-2
12.087	1.656E-3	3.785E-2
12.096	1.208E-3	3.766E-2
12.104	6.343E-4	3.752E-2
12.112	-5.495E-6	3.745E-2
12.121	-6.145E-4	3.744E-2
12.129	-1.132E-3	3.748E-2
12.138	-1.523E-3	3.754E-2
12.146	-1.753E-3	3.763E-2
12.154	-1.762E-3	3.774E-2
12.163	-1.569E-3	3.785E-2
12.171	-1.159E-3	3.797E-2
12.179	-6.468E-4	3.804E-2
12.188	-3.593E-5	3.810E-2
12.196	5.998E-4	3.813E-2
12.205	1.186E-3	3.815E-2
12.213	1.658E-3	3.817E-2
12.221	1.909E-3	3.814E-2
12.230	1.911E-3	3.810E-2
12.238	1.674E-3	3.803E-2
12.246	1.234E-3	3.799E-2
12.255	6.769E-4	3.797E-2
12.263	3.997E-5	3.797E-2
12.272	-5.915E-4	3.789E-2
12.280	-1.136E-3	3.783E-2
12.288	-1.538E-3	3.777E-2
12.297	-1.764E-3	3.773E-2
12.305	-1.791E-3	3.770E-2
12.313	-1.590E-3	3.769E-2
12.322	-1.203E-3	3.764E-2
12.330	-6.730E-4	3.761E-2
12.339	-8.585E-5	3.761E-2
12.347	5.209E-4	3.766E-2
12.355	1.130E-3	3.776E-2
12.364	1.613E-3	3.789E-2
12.372	1.884E-3	3.801E-2
12.380	1.907E-3	3.816E-2
12.389	1.697E-3	3.827E-2
12.397	1.269E-3	3.837E-2
12.406	7.240E-4	3.843E-2
12.414	9.925E-5	3.843E-2
12.422	-4.903E-4	3.834E-2
12.431	-9.854E-4	3.822E-2
12.439	-1.383E-3	3.803E-2
12.447	-1.583E-3	3.782E-2
12.456	-1.607E-3	3.759E-2
12.464	-1.453E-3	3.739E-2
12.473	-1.146E-3	3.724E-2
12.481	-6.699E-4	3.715E-2
12.489	-1.308E-4	3.713E-2
12.498	4.609E-4	3.724E-2
12.506	1.000E-3	3.741E-2
12.514	1.434E-3	3.767E-2
12.523	1.682E-3	3.797E-2
12.531	1.708E-3	3.825E-2
12.540	1.552E-3	3.850E-2
12.548	1.189E-3	3.869E-2
12.556	7.171E-4	3.882E-2
12.565	1.898E-4	3.885E-2
12.573	-3.414E-4	3.871E-2
12.581	-8.358E-4	3.848E-2
12.590	-1.168E-3	3.820E-2
12.598	-1.362E-3	3.784E-2
12.607	-1.402E-3	3.749E-2
12.615	-1.302E-3	3.715E-2
12.623	-1.036E-3	3.689E-2
12.632	-6.446E-4	3.674E-2
12.640	-1.805E-4	3.678E-2
12.649	2.979E-4	3.689E-2
12.657	7.573E-4	3.713E-2
12.665	1.173E-3	3.749E-2
12.674	1.416E-3	3.792E-2
12.682	1.457E-3	3.836E-2
12.690	1.371E-3	3.874E-2
12.699	1.121E-3	3.900E-2
12.707	7.568E-4	3.916E-2
12.716	3.011E-4	3.916E-2
12.724	-1.527E-4	3.897E-2
12.732	-5.312E-4	3.868E-2
12.741	-8.664E-4	3.826E-2
12.749	-1.091E-3	3.779E-2
12.757	-1.128E-3	3.732E-2
12.766	-1.089E-3	3.688E-2
12.774	-8.784E-4	3.657E-2
12.783	-6.185E-4	3.639E-2
12.791	-2.245E-4	3.640E-2
12.799	1.203E-4	3.659E-2
12.808	4.921E-4	3.691E-2
12.816	7.685E-4	3.735E-2
12.824	9.843E-4	3.787E-2
12.833	1.105E-3	3.842E-2
12.841	1.117E-3	3.890E-2
12.850	9.767E-4	3.923E-2
12.858	7.352E-4	3.939E-2
12.866	4.325E-4	3.938E-2
12.875	1.111E-4	3.918E-2
12.883	-1.813E-4	3.879E-2
12.891	-4.277E-4	3.828E-2
12.900	-6.218E-4	3.772E-2
12.908	-7.066E-4	3.717E-2
12.917	-7.018E-4	3.667E-2
12.925	-6.250E-4	3.633E-2
12.933	-4.658E-4	3.616E-2
12.942	-2.410E-4	3.616E-2
12.950	5.865E-6	3.639E-2
12.958	2.549E-4	3.680E-2
12.967	4.850E-4	3.732E-2
12.975	6.792E-4	3.789E-2
12.984	8.110E-4	3.849E-2
12.992	8.261E-4	3.898E-2
13.000	7.930E-4	3.936E-2
13.009	7.218E-4	3.954E-2
13.017	5.605E-4	3.954E-2
13.025	3.748E-4	3.931E-2
13.034	1.673E-4	3.890E-2
13.042	-2.201E-5	3.835E-2
13.051	-1.896E-4	3.775E-2
13.059	-3.467E-4	3.715E-2
13.067	-4.288E-4	3.664E-2
13.076	-4.621E-4	3.629E-2
13.084	-4.413E-4	3.614E-2
13.092	-3.968E-4	3.615E-2
13.101	-2.764E-4	3.643E-2
13.109	-1.488E-4	3.685E-2
13.118	3.060E-5	3.737E-2
13.126	1.828E-4	3.798E-2
13.134	3.490E-4	3.856E-2
13.143	4.963E-4	3.906E-2
13.151	5.844E-4	3.943E-2
13.159	6.756E-4	3.958E-2
13.168	7.048E-4	3.955E-2
13.176	6.802E-4	3.932E-2
13.185	5.820E-4	3.888E-2
13.193	4.596E-4	3.831E-2
13.201	2.869E-4	3.769E-2
13.210	9.662E-5	3.711E-2
13.218	-1.269E-4	3.663E-2
13.226	-2.701E-4	3.630E-2
13.235	-4.019E-4	3.616E-2
13.243	-4.843E-4	3.621E-2
13.252	-4.950E-4	3.648E-2
13.260	-4.802E-4	3.689E-2
13.268	-3.707E-4	3.741E-2
13.277	-2.283E-4	3.798E-2
13.285	-1.737E-5	3.853E-2
13.293	2.233E-4	3.900E-2
13.302	4.715E-4	3.932E-2
13.310	7.024E-4	3.945E-2
13.319	8.889E-4	3.938E-2
13.327	1.003E-3	3.912E-2
13.335	1.015E-3	3.871E-2
13.344	9.166E-4	3.818E-2
13.352	7.634E-4	3.761E-2
13.361	5.142E-4	3.708E-2
13.369	2.282E-4	3.663E-2
13.377	-4.802E-5	3.637E-2
13.386	-3.221E-4	3.627E-2
13.394	-5.797E-4	3.636E-2
13.402	-7.515E-4	3.662E-2
13.411	-7.835E-4	3.703E-2
13.419	-7.778E-4	3.751E-2
13.428	-6.367E-4	3.803E-2
13.436	-3.995E-4	3.849E-2
13.444	-1.201E-4	3.891E-2
13.453	2.594E-4	3.918E-2
13.461	5.918E-4	3.928E-2
13.469	9.313E-4	3.922E-2
13.478	1.168E-3	3.895E-2
13.486	1.258E-3	3.857E-2
13.495	1.231E-3	3.814E-2
13.503	1.053E-3	3.769E-2
13.511	7.402E-4	3.725E-2
13.520	3.464E-4	3.690E-2
13.528	-4.263E-5	3.665E-2
13.536	-4.353E-4	3.659E-2
13.545	-8.168E-4	3.664E-2
13.553	-1.091E-3	3.686E-2
13.562	-1.194E-3	3.719E-2
13.570	-1.167E-3	3.761E-2
13.578	-1.042E-3	3.800E-2
13.587	-7.421E-4	3.840E-2
13.595	-3.554E-4	3.870E-2
13.603	8.489E-5	3.891E-2
13.612	5.387E-4	3.895E-2
13.620	9.806E-4	3.891E-2
13.629	1.325E-3	3.871E-2
13.637	1.461E-3	3.844E-2
13.645	1.454E-3	3.808E-2
13.654	1.313E-3	3.772E-2
13.662	9.564E-4	3.738E-2
13.670	4.908E-4	3.710E-2
13.679	1.151E-5	3.693E-2
13.687	-4.740E-4	3.688E-2
13.696	-8.977E-4	3.692E-2
13.704	-1.270E-3	3.707E-2
13.712	-1.433E-3	3.731E-2
13.721	-1.411E-3	3.757E-2
13.729	-1.294E-3	3.787E-2
13.737	-9.560E-4	3.812E-2
13.746	-5.008E-4	3.834E-2
13.754	2.703E-5	3.849E-2
13.763	5.601E-4	3.849E-2
13.771	1.068E-3	3.848E-2
13.779	1.457E-3	3.838E-2
13.788	1.698E-3	3.822E-2
13.796	1.709E-3	3.800E-2
13.804	1.531E-3	3.779E-2
13.813	1.173E-3	3.758E-2
13.821	6.776E-4	3.745E-2
13.830	9.465E-5	3.734E-2
13.838	-4.627E-4	3.731E-2
13.846	-9.434E-4	3.732E-2
13.855	-1.324E-3	3.739E-2
13.863	-1.548E-3	3.751E-2
13.871	-1.561E-3	3.763E-2
13.880	-1.435E-3	3.775E-2
13.888	-1.101E-3	3.789E-2
13.897	-6.413E-4	3.801E-2
13.905	-1.047E-4	3.807E-2
13.913	4.858E-4	3.806E-2
13.922	1.043E-3	3.806E-2
13.930	1.461E-3	3.804E-2
13.938	1.725E-3	3.800E-2
13.947	1.810E-3	3.796E-2
13.955	1.665E-3	3.792E-2
13.964	1.259E-3	3.792E-2
13.972	7.308E-4	3.786E-2
13.980	1.418E-4	3.778E-2
13.989	-4.433E-4	3.775E-2
13.997	-9.390E-4	3.775E-2
14.005	-1.346E-3	3.770E-2
14.014	-1.569E-3	3.770E-2
14.022	-1.580E-3	3.771E-2
14.031	-1.459E-3	3.769E-2
14.039	-1.171E-3	3.770E-2
14.047	-6.986E-4	3.772E-2
14.056	-1.502E-4	3.774E-2
14.064	4.372E-4	3.777E-2
14.073	1.003E-3	3.781E-2
14.081	1.453E-3	3.794E-2
14.089	1.715E-3	3.801E-2
14.098	1.799E-3	3.811E-2
14.106	1.678E-3	3.822E-2
14.114	1.338E-3	3.827E-2
14.123	8.143E-4	3.827E-2
14.131	2.384E-4	3.828E-2
14.140	-3.336E-4	3.823E-2
14.148	-8.478E-4	3.814E-2
14.156	-1.246E-3	3.800E-2
14.165	-1.509E-3	3.781E-2
14.173	-1.572E-3	3.764E-2
14.181	-1.430E-3	3.747E-2
14.190	-1.116E-3	3.733E-2
14.198	-6.861E-4	3.727E-2
14.207	-1.781E-4	3.728E-2
14.215	3.470E-4	3.732E-2
14.223	8.867E-4	3.746E-2
14.232	1.342E-3	3.767E-2
14.240	1.622E-3	3.794E-2
14.248	1.702E-3	3.819E-2
14.257	1.562E-3	3.842E-2
14.265	1.224E-3	3.861E-2
14.274	7.630E-4	3.872E-2
14.282	2.656E-4	3.871E-2
14.290	-2.304E-4	3.866E-2
14.299	-6.741E-4	3.847E-2
14.307	-1.067E-3	3.822E-2
14.315	-1.305E-3	3.794E-2
14.324	-1.345E-3	3.760E-2
14.332	-1.276E-3	3.730E-2
14.341	-1.059E-3	3.706E-2
14.349	-6.681E-4	3.691E-2
14.357	-2.170E-4	3.686E-2
14.366	2.564E-4	3.698E-2
14.374	7.179E-4	3.718E-2
14.382	1.087E-3	3.752E-2
14.391	1.333E-3	3.790E-2
14.399	1.438E-3	3.828E-2
14.408	1.364E-3	3.861E-2
14.416	1.145E-3	3.890E-2
14.424	7.959E-4	3.907E-2
14.433	3.660E-4	3.909E-2
14.441	-6.515E-5	3.898E-2
14.449	-4.612E-4	3.871E-2
14.458	-7.758E-4	3.838E-2
14.466	-9.642E-4	3.798E-2
14.475	-1.074E-3	3.752E-2
14.483	-1.038E-3	3.711E-2
14.491	-8.763E-4	3.680E-2
14.500	-6.235E-4	3.662E-2
14.508	-2.491E-4	3.661E-2
14.516	9.002E-5	3.672E-2
14.525	4.736E-4	3.704E-2
14.533	7.593E-4	3.744E-2
14.542	9.838E-4	3.793E-2
14.550	1.077E-3	3.840E-2
14.558	1.026E-3	3.885E-2
14.567	9.339E-4	3.916E-2
14.575	7.072E-4	3.936E-2
14.583	4.220E-4	3.937E-2
14.592	9.423E-5	3.919E-2
14.600	-1.864E-4	3.890E-2
14.609	-4.328E-4	3.845E-2
14.617	-6.327E-4	3.797E-2
14.625	-7.044E-4	3.746E-2
14.634	-7.025E-4	3.701E-2
14.642	-6.293E-4	3.664E-2
14.650	-4.769E-4	3.643E-2
14.659	-2.478E-4	3.640E-2
14.667	1.193E-6	3.657E-2
14.676	2.447E-4	3.690E-2
14.684	4.792E-4	3.735E-2
14.692	6.747E-4	3.787E-2
14.701	8.063E-4	3.844E-2
14.709	8.293E-4	3.892E-2
14.717	7.823E-4	3.928E-2
14.726	7.064E-4	3.947E-2
14.734	5.457E-4	3.944E-2
14.743	3.396E-4	3.926E-2
14.751	1.301E-4	3.888E-2
14.759	-4.470E-5	3.840E-2
14.768	-1.908E-4	3.787E-2
14.776	-3.433E-4	3.730E-2
14.785	-4.147E-4	3.680E-2
14.793	-4.414E-4	3.643E-2
14.801	-4.275E-4	3.624E-2
14.810	-3.787E-4	3.622E-2
14.818	-2.386E-4	3.640E-2
14.826	-1.384E-4	3.678E-2
14.835	4.512E-5	3.729E-2
14.843	1.926E-4	3.785E-2
14.852	3.364E-4	3.841E-2
14.860	4.757E-4	3.890E-2
14.868	5.515E-4	3.925E-2
14.877	6.065E-4	3.941E-2
14.885	5.790E-4	3.940E-2
14.893	5.131E-4	3.919E-2
14.902	4.704E-4	3.880E-2
14.910	3.239E-4	3.827E-2
14.919	1.918E-4	3.772E-2
14.927	5.436E-5	3.719E-2
14.935	-1.467E-4	3.674E-2
14.944	-2.589E-4	3.640E-2
14.952	-3.925E-4	3.622E-2
14.960	-4.414E-4	3.624E-2
14.969	-4.668E-4	3.643E-2
14.977	-4.225E-4	3.682E-2
14.986	-3.691E-4	3.730E-2
14.994	-2.087E-4	3.785E-2
15.002	-1.812E-5	3.839E-2
15.011	1.810E-4	3.887E-2
15.019	4.161E-4	3.920E-2
15.027	6.216E-4	3.936E-2
15.036	7.549E-4	3.934E-2
15.044	8.186E-4	3.913E-2
15.053	8.045E-4	3.875E-2
15.061	7.604E-4	3.825E-2
15.069	6.090E-4	3.774E-2
15.078	4.110E-4	3.723E-2
15.086	1.836E-4	3.682E-2
15.094	-8.188E-5	3.653E-2
15.103	-3.681E-4	3.640E-2
15.111	-5.929E-4	3.639E-2
15.120	-6.979E-4	3.663E-2
15.128	-7.584E-4	3.699E-2
15.136	-7.421E-4	3.746E-2
15.145	-6.245E-4	3.796E-2
15.153	-4.148E-4	3.844E-2
15.161	-1.517E-4	3.886E-2
15.170	1.777E-4	3.914E-2
15.178	5.190E-4	3.926E-2
15.187	7.767E-4	3.924E-2
15.195	9.920E-4	3.900E-2
15.203	1.127E-3	3.865E-2
15.212	1.142E-3	3.823E-2
15.220	1.009E-3	3.777E-2
15.228	7.507E-4	3.734E-2
15.237	4.146E-4	3.698E-2
15.245	7.122E-5	3.676E-2
15.254	-3.316E-4	3.664E-2
15.262	-6.477E-4	3.665E-2
15.270	-8.809E-4	3.687E-2
15.279	-1.067E-3	3.715E-2
15.287	-1.084E-3	3.752E-2
15.295	-9.217E-4	3.794E-2
15.304	-6.809E-4	3.832E-2
15.312	-3.737E-4	3.863E-2
15.321	4.632E-5	3.888E-2
15.329	4.767E-4	3.895E-2
15.337	8.762E-4	3.891E-2
15.346	1.217E-3	3.873E-2
15.354	1.405E-3	3.846E-2
15.362	1.441E-3	3.812E-2
15.371	1.288E-3	3.779E-2
15.379	9.999E-4	3.746E-2
15.388	5.609E-4	3.722E-2
15.396	9.091E-5	3.705E-2
15.404	-3.754E-4	3.700E-2
15.413	-8.016E-4	3.704E-2
15.421	-1.129E-3	3.716E-2
15.429	-1.328E-3	3.737E-2
15.438	-1.356E-3	3.763E-2
15.446	-1.213E-3	3.790E-2
15.455	-9.107E-4	3.819E-2
15.463	-5.534E-4	3.842E-2
15.471	-1.159E-4	3.854E-2
15.480	3.967E-4	3.861E-2
15.488	8.508E-4	3.861E-2
15.497	1.208E-3	3.848E-2
15.505	1.451E-3	3.830E-2
15.513	1.569E-3	3.807E-2
15.522	1.430E-3	3.783E-2
15.530	1.149E-3	3.760E-2
15.538	7.057E-4	3.746E-2
15.547	2.024E-4	3.734E-2
15.555	-3.140E-4	3.730E-2
15.564	-8.257E-4	3.731E-2
15.572	-1.178E-3	3.736E-2
15.580	-1.387E-3	3.750E-2
15.589	-1.443E-3	3.763E-2
15.597	-1.319E-3	3.777E-2
15.605	-1.065E-3	3.793E-2
15.614	-6.506E-4	3.803E-2
15.622	-1.616E-4	3.812E-2
15.631	3.818E-4	3.817E-2
15.639	9.092E-4	3.821E-2
15.647	1.367E-3	3.819E-2
15.656	1.657E-3	3.814E-2
15.664	1.716E-3	3.805E-2
15.672	1.609E-3	3.799E-2
15.681	1.283E-3	3.794E-2
15.689	7.809E-4	3.786E-2
15.698	2.570E-4	3.778E-2
15.706	-2.755E-4	3.775E-2
15.714	-7.745E-4	3.774E-2
15.723	-1.171E-3	3.774E-2
15.731	-1.410E-3	3.774E-2
15.739	-1.456E-3	3.773E-2
15.748	-1.384E-3	3.774E-2
15.756	-1.104E-3	3.774E-2
15.765	-6.863E-4	3.775E-2
15.773	-1.851E-4	3.777E-2
15.781	3.506E-4	3.777E-2
15.790	8.810E-4	3.786E-2
15.798	1.352E-3	3.793E-2
15.806	1.655E-3	3.799E-2
15.815	1.744E-3	3.804E-2
15.823	1.621E-3	3.813E-2
15.832	1.316E-3	3.817E-2
15.840	8.221E-4	3.823E-2
15.848	2.869E-4	3.823E-2
15.857	-2.253E-4	3.820E-2
15.865	-7.042E-4	3.812E-2
15.873	-1.097E-3	3.801E-2
15.882	-1.338E-3	3.787E-2
15.890	-1.420E-3	3.774E-2
15.899	-1.313E-3	3.759E-2
15.907	-1.085E-3	3.749E-2
15.915	-6.967E-4	3.743E-2
15.924	-2.017E-4	3.743E-2
15.932	3.034E-4	3.746E-2
15.940	7.849E-4	3.758E-2
15.949	1.214E-3	3.774E-2
15.957	1.472E-3	3.795E-2
15.966	1.597E-3	3.817E-2
15.974	1.497E-3	3.838E-2
15.982	1.225E-3	3.853E-2
15.991	7.847E-4	3.865E-2
15.999	3.084E-4	3.867E-2
16.007	-1.788E-4	3.862E-2
16.016	-6.252E-4	3.848E-2
16.024	-9.513E-4	3.825E-2
16.033	-1.172E-3	3.799E-2
16.041	-1.281E-3	3.771E-2
16.049	-1.198E-3	3.746E-2
16.058	-9.832E-4	3.725E-2
16.066	-6.253E-4	3.711E-2
16.074	-2.088E-4	3.706E-2
16.083	2.465E-4	3.710E-2
16.091	6.880E-4	3.729E-2
16.100	1.076E-3	3.753E-2
16.108	1.283E-3	3.783E-2
16.116	1.387E-3	3.817E-2
16.125	1.346E-3	3.849E-2
16.133	1.154E-3	3.872E-2
16.142	8.347E-4	3.890E-2
16.150	4.308E-4	3.894E-2
16.158	4.388E-5	3.887E-2
16.167	-3.472E-4	3.867E-2
16.175	-6.573E-4	3.839E-2
16.183	-8.659E-4	3.801E-2
16.192	-9.748E-4	3.759E-2
16.200	-9.231E-4	3.723E-2
16.209	-7.619E-4	3.696E-2
16.217	-5.473E-4	3.679E-2
16.225	-2.307E-4	3.675E-2
16.234	1.037E-4	3.683E-2
16.242	4.648E-4	3.707E-2
16.250	7.663E-4	3.743E-2
16.259	9.939E-4	3.784E-2
16.267	1.091E-3	3.826E-2
16.276	1.045E-3	3.865E-2
16.284	9.490E-4	3.897E-2
16.292	7.210E-4	3.916E-2
16.301	4.475E-4	3.916E-2
16.309	1.437E-4	3.910E-2
16.317	-1.705E-4	3.885E-2
16.326	-4.088E-4	3.847E-2
16.334	-6.239E-4	3.801E-2
16.343	-6.911E-4	3.754E-2
16.351	-6.813E-4	3.708E-2
16.359	-6.340E-4	3.674E-2
16.368	-4.791E-4	3.657E-2
16.376	-2.629E-4	3.653E-2
16.384	-1.307E-5	3.664E-2
16.393	2.402E-4	3.692E-2
16.401	4.756E-4	3.732E-2
16.410	6.691E-4	3.780E-2
16.418	8.021E-4	3.829E-2
16.426	8.275E-4	3.871E-2
16.435	7.767E-4	3.908E-2
16.443	6.968E-4	3.931E-2
16.451	5.463E-4	3.934E-2
16.460	3.315E-4	3.921E-2
16.468	1.165E-4	3.890E-2
16.477	-5.005E-5	3.847E-2
16.485	-1.958E-4	3.798E-2
16.493	-3.485E-4	3.746E-2
16.502	-4.090E-4	3.699E-2
16.510	-4.128E-4	3.663E-2
16.518	-4.066E-4	3.643E-2
16.527	-3.542E-4	3.639E-2
16.535	-2.187E-4	3.654E-2
16.544	-1.025E-4	3.686E-2
16.552	4.994E-5	3.731E-2
16.560	2.151E-4	3.782E-2
16.569	3.291E-4	3.833E-2
16.577	4.686E-4	3.877E-2
16.585	5.243E-4	3.913E-2
16.594	5.408E-4	3.934E-2
16.602	5.303E-4	3.935E-2
16.611	5.193E-4	3.920E-2
16.619	4.179E-4	3.886E-2
16.627	2.957E-4	3.842E-2
16.636	1.557E-4	3.791E-2
16.644	2.202E-5	3.739E-2
16.652	-1.692E-4	3.690E-2
16.661	-2.446E-4	3.656E-2
16.669	-3.623E-4	3.638E-2
16.678	-4.184E-4	3.638E-2
16.686	-4.198E-4	3.655E-2
16.694	-4.085E-4	3.688E-2
16.703	-3.168E-4	3.732E-2
16.711	-2.029E-4	3.783E-2
16.719	-1.024E-5	3.833E-2
16.728	1.236E-4	3.875E-2
16.736	2.876E-4	3.910E-2
16.745	4.856E-4	3.928E-2
16.753	6.119E-4	3.932E-2
16.761	6.935E-4	3.914E-2
16.770	7.147E-4	3.880E-2
16.778	6.840E-4	3.839E-2
16.786	5.356E-4	3.791E-2
16.795	3.553E-4	3.743E-2
16.803	1.162E-4	3.703E-2
16.812	-1.267E-4	3.669E-2
16.820	-3.508E-4	3.654E-2
16.828	-5.123E-4	3.656E-2
16.837	-6.506E-4	3.673E-2
16.845	-6.755E-4	3.706E-2
16.854	-6.512E-4	3.749E-2
16.862	-5.715E-4	3.796E-2
16.870	-4.085E-4	3.843E-2
16.879	-1.789E-4	3.884E-2
16.887	9.320E-5	3.913E-2
16.895	4.076E-4	3.926E-2
16.904	6.903E-4	3.920E-2
16.912	9.104E-4	3.901E-2
16.921	1.011E-3	3.869E-2
16.929	9.988E-4	3.828E-2
16.937	9.171E-4	3.784E-2
16.946	7.207E-4	3.740E-2
16.954	4.309E-4	3.704E-2
16.962	1.008E-4	3.679E-2
16.971	-2.237E-4	3.666E-2
16.979	-5.272E-4	3.667E-2
16.988	-7.980E-4	3.684E-2
16.996	-9.019E-4	3.710E-2
17.004	-9.185E-4	3.746E-2
17.013	-8.600E-4	3.786E-2
17.021	-6.511E-4	3.823E-2
17.029	-3.789E-4	3.854E-2
17.038	1.588E-5	3.875E-2
17.046	3.659E-4	3.887E-2
17.055	7.323E-4	3.887E-2
17.063	1.013E-3	3.871E-2
17.071	1.202E-3	3.847E-2
17.080	1.235E-3	3.815E-2
17.088	1.178E-3	3.781E-2
17.096	9.525E-4	3.749E-2
17.105	5.653E-4	3.723E-2
17.113	1.570E-4	3.705E-2
17.122	-2.569E-4	3.699E-2
17.130	-6.563E-4	3.701E-2
17.138	-9.257E-4	3.712E-2
17.147	-1.132E-3	3.733E-2
17.155	-1.169E-3	3.758E-2
17.163	-1.093E-3	3.785E-2
17.172	-8.634E-4	3.811E-2
17.180	-5.426E-4	3.838E-2
17.189	-1.563E-4	3.853E-2
17.197	2.973E-4	3.860E-2
17.205	7.435E-4	3.862E-2
17.214	1.148E-3	3.850E-2
17.222	1.406E-3	3.833E-2
17.230	1.468E-3	3.810E-2
17.239	1.399E-3	3.784E-2
17.247	1.152E-3	3.760E-2
17.256	7.555E-4	3.744E-2
17.264	2.855E-4	3.734E-2
17.272	-1.964E-4	3.728E-2
17.281	-6.487E-4	3.729E-2
17.289	-1.040E-3	3.735E-2
17.297	-1.285E-3	3.749E-2
17.306	-1.345E-3	3.763E-2
17.314	-1.303E-3	3.777E-2
17.323	-1.084E-3	3.793E-2
17.331	-6.821E-4	3.805E-2
17.339	-2.143E-4	3.816E-2
17.348	2.782E-4	3.822E-2
17.356	7.496E-4	3.822E-2
17.364	1.193E-3	3.820E-2
17.373	1.456E-3	3.815E-2
17.381	1.599E-3	3.804E-2
17.390	1.484E-3	3.797E-2
17.398	1.221E-3	3.787E-2
17.406	7.770E-4	3.781E-2
17.415	2.908E-4	3.775E-2
17.423	-2.091E-4	3.772E-2
17.431	-6.719E-4	3.773E-2
17.440	-1.087E-3	3.773E-2
17.448	-1.329E-3	3.773E-2
17.457	-1.398E-3	3.775E-2
17.465	-1.342E-3	3.776E-2
17.473	-1.107E-3	3.778E-2
17.482	-7.213E-4	3.778E-2
17.490	-2.399E-4	3.780E-2
17.498	2.807E-4	3.785E-2
17.507	7.730E-4	3.789E-2
17.515	1.203E-3	3.795E-2
17.524	1.476E-3	3.799E-2
17.532	1.617E-3	3.802E-2
17.540	1.527E-3	3.803E-2
17.549	1.243E-3	3.810E-2
17.557	8.210E-4	3.810E-2
17.566	3.190E-4	3.814E-2
17.574	-1.901E-4	3.810E-2
17.582	-6.534E-4	3.805E-2
17.591	-1.050E-3	3.797E-2
17.599	-1.317E-3	3.786E-2
17.607	-1.385E-3	3.773E-2
17.616	-1.342E-3	3.762E-2
17.624	-1.121E-3	3.752E-2
17.633	-7.513E-4	3.747E-2
17.641	-2.829E-4	3.748E-2
17.649	2.290E-4	3.750E-2
17.658	7.157E-4	3.757E-2
17.666	1.137E-3	3.771E-2
17.674	1.431E-3	3.788E-2
17.683	1.537E-3	3.805E-2
17.691	1.459E-3	3.823E-2
17.700	1.226E-3	3.839E-2
17.708	8.388E-4	3.847E-2
17.716	3.847E-4	3.850E-2
17.725	-1.122E-4	3.846E-2
17.733	-5.572E-4	3.836E-2
17.741	-9.046E-4	3.820E-2
17.750	-1.138E-3	3.798E-2
17.758	-1.223E-3	3.774E-2
17.767	-1.191E-3	3.751E-2
17.775	-9.993E-4	3.732E-2
17.783	-7.106E-4	3.717E-2
17.792	-3.119E-4	3.711E-2
17.800	8.062E-5	3.710E-2
17.808	5.004E-4	3.727E-2
17.817	9.176E-4	3.750E-2
17.825	1.179E-3	3.776E-2
17.834	1.287E-3	3.804E-2
17.842	1.220E-3	3.832E-2
17.850	1.029E-3	3.854E-2
17.859	7.255E-4	3.870E-2
17.867	3.727E-4	3.876E-2
17.875	-3.065E-6	3.870E-2
17.884	-4.043E-4	3.852E-2
17.892	-6.813E-4	3.826E-2
17.901	-8.949E-4	3.794E-2
17.909	-9.705E-4	3.759E-2
17.917	-9.318E-4	3.726E-2
17.926	-8.325E-4	3.701E-2
17.934	-6.221E-4	3.683E-2
17.942	-3.092E-4	3.677E-2
17.951	3.306E-5	3.683E-2
17.959	3.573E-4	3.704E-2
17.968	6.889E-4	3.733E-2
17.976	9.391E-4	3.769E-2
17.984	1.026E-3	3.810E-2
17.993	1.009E-3	3.849E-2
18.001	9.389E-4	3.879E-2
18.009	7.210E-4	3.897E-2
18.018	4.606E-4	3.902E-2
18.026	1.464E-4	3.893E-2
18.035	-1.683E-4	3.871E-2
18.043	-4.142E-4	3.840E-2
18.051	-6.189E-4	3.799E-2
18.060	-6.697E-4	3.755E-2
18.068	-6.890E-4	3.713E-2
18.076	-6.428E-4	3.682E-2
18.085	-4.925E-4	3.662E-2
18.093	-2.660E-4	3.657E-2
18.102	-1.720E-5	3.663E-2
18.110	2.345E-4	3.687E-2
18.118	4.696E-4	3.723E-2
18.127	6.660E-4	3.769E-2
18.135	8.009E-4	3.816E-2
18.143	8.205E-4	3.858E-2
18.152	7.690E-4	3.895E-2
18.160	6.854E-4	3.917E-2
18.169	5.300E-4	3.921E-2
18.177	3.323E-4	3.911E-2
18.185	1.129E-4	3.887E-2
18.194	-7.231E-5	3.849E-2
18.202	-2.309E-4	3.802E-2
18.210	-3.798E-4	3.753E-2
18.219	-4.195E-4	3.707E-2
18.227	-4.250E-4	3.673E-2
18.236	-4.027E-4	3.655E-2
18.244	-3.272E-4	3.650E-2
18.252	-2.040E-4	3.662E-2
18.261	-5.506E-5	3.688E-2
18.269	8.918E-5	3.728E-2
18.278	2.453E-4	3.775E-2
18.286	3.645E-4	3.823E-2
18.294	4.691E-4	3.868E-2
18.303	5.251E-4	3.902E-2
18.311	5.290E-4	3.923E-2
18.319	5.238E-4	3.924E-2
18.328	4.770E-4	3.912E-2
18.336	3.778E-4	3.885E-2
18.345	2.583E-4	3.846E-2
18.353	8.804E-5	3.798E-2
18.361	-4.427E-6	3.748E-2
18.370	-1.596E-4	3.703E-2
18.378	-2.337E-4	3.668E-2
18.386	-2.953E-4	3.648E-2
18.395	-3.932E-4	3.641E-2
18.403	-4.010E-4	3.655E-2
18.412	-3.600E-4	3.685E-2
18.420	-2.638E-4	3.727E-2
18.428	-1.666E-4	3.775E-2
18.437	2.001E-5	3.823E-2
18.445	1.509E-4	3.866E-2
18.453	2.770E-4	3.899E-2
18.462	4.468E-4	3.918E-2
18.470	5.270E-4	3.918E-2
18.479	6.173E-4	3.906E-2
18.487	5.996E-4	3.878E-2
18.495	5.156E-4	3.837E-2
18.504	4.585E-4	3.793E-2
18.512	2.825E-4	3.747E-2
18.520	8.762E-5	3.706E-2
18.529	-9.953E-5	3.674E-2
18.537	-2.761E-4	3.659E-2
18.546	-4.332E-4	3.658E-2
18.554	-5.340E-4	3.671E-2
18.562	-6.319E-4	3.699E-2
18.571	-6.291E-4	3.738E-2
18.579	-5.174E-4	3.781E-2
18.587	-3.484E-4	3.825E-2
18.596	-1.659E-4	3.862E-2
18.604	6.432E-5	3.892E-2
18.613	3.046E-4	3.910E-2
18.621	5.270E-4	3.911E-2
18.629	7.193E-4	3.897E-2
18.638	8.762E-4	3.869E-2
18.646	9.263E-4	3.833E-2
18.654	7.829E-4	3.791E-2
18.663	6.307E-4	3.751E-2
18.671	3.369E-4	3.714E-2
18.680	4.002E-5	3.685E-2
18.688	-2.227E-4	3.673E-2
18.696	-4.771E-4	3.674E-2
18.705	-6.694E-4	3.687E-2
18.713	-8.380E-4	3.712E-2
18.721	-8.670E-4	3.746E-2
18.730	-8.498E-4	3.784E-2
18.738	-6.454E-4	3.821E-2
18.747	-3.985E-4	3.851E-2
18.755	-4.023E-5	3.873E-2
18.763	2.862E-4	3.887E-2
18.772	6.331E-4	3.888E-2
18.780	9.139E-4	3.874E-2
18.788	1.094E-3	3.849E-2
18.797	1.157E-3	3.821E-2
18.805	1.086E-3	3.788E-2
18.814	8.898E-4	3.758E-2
18.822	5.585E-4	3.730E-2
18.830	2.236E-4	3.708E-2
18.839	-1.760E-4	3.700E-2
18.847	-5.151E-4	3.703E-2
18.855	-8.118E-4	3.712E-2
18.864	-1.003E-3	3.730E-2
18.872	-1.112E-3	3.754E-2
18.881	-1.096E-3	3.782E-2
18.889	-8.714E-4	3.808E-2
18.897	-5.898E-4	3.830E-2
18.906	-2.035E-4	3.846E-2
18.914	2.338E-4	3.853E-2
18.922	6.542E-4	3.851E-2
18.931	1.003E-3	3.844E-2
18.939	1.230E-3	3.827E-2
18.948	1.370E-3	3.805E-2
18.956	1.316E-3	3.782E-2
18.964	1.060E-3	3.758E-2
18.973	7.174E-4	3.741E-2
18.981	2.786E-4	3.731E-2
18.990	-1.799E-4	3.726E-2
18.998	-6.063E-4	3.727E-2
19.006	-9.104E-4	3.732E-2
19.015	-1.144E-3	3.745E-2
19.023	-1.234E-3	3.759E-2
19.031	-1.193E-3	3.777E-2
19.040	-9.838E-4	3.795E-2
19.048	-6.404E-4	3.806E-2
19.057	-2.186E-4	3.818E-2
19.065	2.473E-4	3.823E-2
19.073	7.108E-4	3.823E-2
19.082	1.119E-3	3.822E-2
19.090	1.410E-3	3.814E-2
19.098	1.532E-3	3.804E-2
19.107	1.455E-3	3.795E-2
19.115	1.226E-3	3.784E-2
19.124	8.394E-4	3.774E-2
19.132	3.676E-4	3.770E-2
19.140	-1.368E-4	3.770E-2
19.149	-5.996E-4	3.768E-2
19.157	-9.303E-4	3.770E-2
19.165	-1.181E-3	3.773E-2
19.174	-1.309E-3	3.775E-2
19.182	-1.268E-3	3.778E-2
19.191	-1.105E-3	3.778E-2
19.199	-7.319E-4	3.785E-2
19.207	-2.947E-4	3.789E-2
19.216	1.416E-4	3.795E-2
19.224	5.904E-4	3.798E-2
19.232	9.875E-4	3.800E-2
19.241	1.308E-3	3.799E-2
19.249	1.409E-3	3.801E-2
19.258	1.396E-3	3.804E-2
19.266	1.181E-3	3.804E-2
19.274	8.043E-4	3.803E-2
19.283	3.474E-4	3.802E-2
19.291	-1.515E-4	3.801E-2
19.299	-6.091E-4	3.798E-2
19.308	-9.364E-4	3.793E-2
19.316	-1.185E-3	3.784E-2
19.325	-1.316E-3	3.773E-2
19.333	-1.279E-3	3.766E-2
19.341	-1.122E-3	3.759E-2
19.350	-7.769E-4	3.754E-2
19.358	-4.020E-4	3.752E-2
19.366	5.586E-5	3.754E-2
19.375	5.107E-4	3.758E-2
19.383	9.430E-4	3.770E-2
19.392	1.202E-3	3.782E-2
19.400	1.393E-3	3.798E-2
19.408	1.399E-3	3.813E-2
19.417	1.174E-3	3.826E-2
19.425	8.225E-4	3.836E-2
19.433	4.213E-4	3.841E-2
19.442	5.596E-6	3.841E-2
19.450	-4.257E-4	3.831E-2
19.459	-7.842E-4	3.817E-2
19.467	-1.061E-3	3.798E-2
19.475	-1.156E-3	3.777E-2
19.484	-1.130E-3	3.756E-2
19.492	-9.427E-4	3.737E-2
19.500	-6.618E-4	3.726E-2
19.509	-3.035E-4	3.722E-2
19.517	7.092E-5	3.725E-2
19.526	4.935E-4	3.734E-2
19.534	8.557E-4	3.752E-2
19.542	1.112E-3	3.775E-2
19.551	1.232E-3	3.800E-2
19.559	1.223E-3	3.826E-2
19.567	1.053E-3	3.847E-2
19.576	7.557E-4	3.864E-2
19.584	4.443E-4	3.869E-2
19.593	5.533E-5	3.868E-2
19.601	-3.204E-4	3.854E-2
19.609	-6.504E-4	3.830E-2
19.618	-8.740E-4	3.801E-2
19.626	-9.309E-4	3.771E-2
19.634	-9.149E-4	3.741E-2
19.643	-8.495E-4	3.718E-2
19.651	-6.356E-4	3.703E-2
19.660	-3.541E-4	3.694E-2
19.668	1.488E-5	3.697E-2
19.676	3.125E-4	3.712E-2
19.685	6.485E-4	3.735E-2
19.693	9.047E-4	3.767E-2
19.702	1.018E-3	3.804E-2
19.710	1.005E-3	3.839E-2
19.718	9.435E-4	3.868E-2
19.727	7.395E-4	3.889E-2
19.735	4.871E-4	3.896E-2
19.743	1.933E-4	3.891E-2
19.752	-9.858E-5	3.872E-2
19.760	-3.780E-4	3.844E-2
19.769	-5.775E-4	3.806E-2
19.777	-6.612E-4	3.767E-2
19.785	-6.822E-4	3.731E-2
19.794	-6.422E-4	3.701E-2
19.802	-4.863E-4	3.680E-2
19.810	-2.700E-4	3.674E-2
19.819	-2.450E-5	3.680E-2
19.827	2.302E-4	3.701E-2
19.836	4.695E-4	3.731E-2
19.844	6.655E-4	3.771E-2
19.852	7.953E-4	3.813E-2
19.861	8.284E-4	3.854E-2
19.869	7.972E-4	3.888E-2
19.877	6.871E-4	3.910E-2
19.886	5.322E-4	3.917E-2
19.894	3.281E-4	3.911E-2
19.903	1.033E-4	3.890E-2
19.911	-9.751E-5	3.854E-2
19.919	-2.373E-4	3.812E-2
19.928	-3.807E-4	3.769E-2
19.936	-4.250E-4	3.728E-2
19.944	-4.234E-4	3.693E-2
19.953	-3.972E-4	3.667E-2
19.961	-2.882E-4	3.660E-2
19.970	-1.604E-4	3.665E-2
19.978	2.967E-6	3.688E-2
19.986	1.335E-4	3.725E-2
19.995	2.781E-4	3.767E-2
20.003	4.100E-4	3.815E-2
20.011	5.119E-4	3.858E-2
20.020	5.437E-4	3.894E-2
20.028	5.339E-4	3.916E-2
20.037	5.175E-4	3.921E-2
20.045	4.553E-4	3.912E-2
20.053	3.434E-4	3.888E-2
20.062	2.300E-4	3.852E-2
20.070	9.580E-5	3.805E-2
20.078	-1.001E-5	3.757E-2
20.087	-1.413E-4	3.714E-2
20.095	-2.071E-4	3.680E-2
20.104	-2.534E-4	3.659E-2
20.112	-2.643E-4	3.655E-2
20.120	-2.472E-4	3.664E-2
20.129	-2.053E-4	3.688E-2
20.137	-1.194E-4	3.725E-2
20.145	-1.384E-5	3.769E-2
20.154	1.148E-4	3.816E-2
20.162	2.322E-4	3.859E-2
20.171	3.573E-4	3.894E-2
20.179	4.681E-4	3.914E-2
20.187	5.535E-4	3.918E-2
20.196	5.726E-4	3.909E-2
20.204	5.534E-4	3.886E-2
20.212	5.164E-4	3.849E-2
20.221	4.354E-4	3.803E-2
20.229	3.003E-4	3.757E-2
20.238	1.127E-4	3.714E-2
20.246	-2.613E-5	3.683E-2
20.254	-1.841E-4	3.664E-2
20.263	-3.504E-4	3.660E-2
20.271	-4.238E-4	3.670E-2
20.279	-4.339E-4	3.693E-2
20.288	-4.345E-4	3.729E-2
20.296	-3.916E-4	3.771E-2
20.305	-2.345E-4	3.814E-2
20.313	-5.567E-5	3.853E-2
20.321	1.616E-4	3.883E-2
20.330	3.415E-4	3.901E-2
20.338	5.255E-4	3.901E-2
20.346	7.148E-4	3.890E-2
20.355	7.772E-4	3.867E-2
20.363	7.745E-4	3.833E-2
20.372	7.324E-4	3.793E-2
20.380	5.513E-4	3.754E-2
20.388	3.310E-4	3.718E-2
20.397	6.943E-5	3.688E-2
20.405	-1.867E-4	3.672E-2
20.414	-4.237E-4	3.674E-2
20.422	-6.354E-4	3.686E-2
20.430	-7.115E-4	3.709E-2
20.439	-7.179E-4	3.739E-2
20.447		3.775E-2
20.455		3.810E-2
20.464		3.847E-2
20.472		3.869E-2
20.481		3.886E-2
20.489		3.888E-2
