#multi:
	mass A	mass B	
t	x	x	
0.000	-4.122E-3	3.762E-2
0.008	-4.037E-3	3.762E-2
0.017	-3.956E-3	3.763E-2
0.025	-3.807E-3	3.763E-2
0.034	-3.658E-3	3.763E-2
0.042	-3.374E-3	3.763E-2
0.050	-2.965E-3	3.764E-2
0.059	-2.250E-3	3.764E-2
0.067	-1.334E-3	3.766E-2
0.075	-1.881E-4	3.769E-2
0.084	1.017E-3	3.770E-2
0.092	2.108E-3	3.782E-2
0.101	3.013E-3	3.795E-2
0.109	3.492E-3	3.807E-2
0.117	3.492E-3	3.826E-2
0.126	3.071E-3	3.841E-2
0.134	2.171E-3	3.852E-2
0.142	1.073E-3	3.856E-2
0.151	-8.402E-5	3.857E-2
0.159	-1.252E-3	3.849E-2
0.168	-2.139E-3	3.832E-2
0.176	-2.787E-3	3.807E-2
0.184	-3.145E-3	3.778E-2
0.193	-3.169E-3	3.746E-2
0.201	-2.814E-3	3.717E-2
0.209	-2.208E-3	3.694E-2
0.218	-1.322E-3	3.683E-2
0.226	-2.096E-4	3.685E-2
0.235	8.737E-4	3.696E-2
0.243	1.943E-3	3.722E-2
0.251	2.782E-3	3.759E-2
0.260	3.233E-3	3.805E-2
0.268	3.279E-3	3.851E-2
0.276	2.853E-3	3.895E-2
0.285	2.130E-3	3.929E-2
0.293	1.155E-3	3.947E-2
0.302	7.337E-5	3.947E-2
0.310	-9.038E-4	3.929E-2
0.318	-1.773E-3	3.895E-2
0.327	-2.375E-3	3.845E-2
0.335	-2.699E-3	3.790E-2
0.343	-2.734E-3	3.726E-2
0.352	-2.515E-3	3.670E-2
0.360	-1.915E-3	3.628E-2
0.369	-1.129E-3	3.605E-2
0.377	-2.337E-4	3.603E-2
0.385	7.610E-4	3.624E-2
0.394	1.658E-3	3.668E-2
0.402	2.345E-3	3.730E-2
0.410	2.795E-3	3.805E-2
0.419	2.817E-3	3.876E-2
0.427	2.564E-3	3.941E-2
0.436	1.980E-3	3.993E-2
0.444	1.188E-3	4.020E-2
0.452	3.327E-4	4.019E-2
0.461	-5.543E-4	3.991E-2
0.469	-1.305E-3	3.941E-2
0.477	-1.829E-3	3.873E-2
0.486	-2.129E-3	3.789E-2
0.494	-2.228E-3	3.704E-2
0.503	-2.039E-3	3.628E-2
0.511	-1.620E-3	3.573E-2
0.519	-1.054E-3	3.545E-2
0.528	-3.215E-4	3.548E-2
0.536	4.159E-4	3.579E-2
0.544	1.153E-3	3.638E-2
0.553	1.739E-3	3.724E-2
0.561	2.077E-3	3.814E-2
0.570	2.226E-3	3.904E-2
0.578	2.073E-3	3.984E-2
0.586	1.689E-3	4.046E-2
0.595	1.192E-3	4.076E-2
0.603	5.318E-4	4.080E-2
0.611	-1.039E-4	4.041E-2
0.620	-6.569E-4	3.973E-2
0.628	-1.144E-3	3.884E-2
0.637	-1.417E-3	3.784E-2
0.645	-1.539E-3	3.683E-2
0.653	-1.523E-3	3.596E-2
0.662	-1.271E-3	3.532E-2
0.670	-9.259E-4	3.501E-2
0.678	-4.638E-4	3.507E-2
0.687	4.746E-5	3.548E-2
0.695	5.481E-4	3.622E-2
0.704	9.575E-4	3.719E-2
0.712	1.340E-3	3.825E-2
0.720	1.494E-3	3.932E-2
0.729	1.495E-3	4.018E-2
0.737	1.395E-3	4.082E-2
0.746	1.150E-3	4.112E-2
0.754	8.147E-4	4.106E-2
0.762	4.395E-4	4.061E-2
0.771	2.842E-5	3.983E-2
0.779	-2.807E-4	3.887E-2
0.787	-5.611E-4	3.775E-2
0.796	-7.692E-4	3.669E-2
0.804	-9.190E-4	3.574E-2
0.813	-9.136E-4	3.509E-2
0.821	-8.082E-4	3.478E-2
0.829	-6.480E-4	3.489E-2
0.838	-4.199E-4	3.534E-2
0.846	-1.465E-4	3.614E-2
0.854	1.810E-4	3.720E-2
0.863	4.656E-4	3.834E-2
0.871	7.220E-4	3.940E-2
0.880	9.446E-4	4.033E-2
0.888	1.119E-3	4.095E-2
0.896	1.172E-3	4.121E-2
0.905	1.166E-3	4.106E-2
0.913	9.726E-4	4.057E-2
0.921	7.939E-4	3.975E-2
0.930	5.316E-4	3.871E-2
0.938	2.476E-4	3.762E-2
0.947	-1.061E-5	3.655E-2
0.955	-2.925E-4	3.561E-2
0.963	-5.823E-4	3.499E-2
0.972	-7.276E-4	3.477E-2
0.980	-8.816E-4	3.493E-2
0.988	-9.023E-4	3.539E-2
0.997	-7.432E-4	3.619E-2
1.005	-6.213E-4	3.722E-2
1.014	-3.427E-4	3.834E-2
1.022	2.623E-6	3.940E-2
1.030	3.692E-4	4.027E-2
1.039	7.352E-4	4.082E-2
1.047	1.119E-3	4.106E-2
1.055	1.374E-3	4.091E-2
1.064	1.501E-3	4.038E-2
1.072	1.479E-3	3.957E-2
1.081	1.360E-3	3.856E-2
1.089	1.107E-3	3.750E-2
1.097	6.915E-4	3.651E-2
1.106	2.332E-4	3.569E-2
1.114	-2.470E-4	3.517E-2
1.122	-7.078E-4	3.496E-2
1.131	-1.107E-3	3.516E-2
1.139	-1.351E-3	3.563E-2
1.148	-1.423E-3	3.638E-2
1.156	-1.342E-3	3.734E-2
1.164	-1.082E-3	3.835E-2
1.173	-6.624E-4	3.929E-2
1.181	-1.272E-4	4.004E-2
1.189	4.773E-4	4.052E-2
1.198	1.046E-3	4.064E-2
1.206	1.604E-3	4.047E-2
1.215	1.974E-3	3.997E-2
1.223	2.128E-3	3.923E-2
1.231	2.097E-3	3.836E-2
1.240	1.807E-3	3.742E-2
1.248	1.302E-3	3.657E-2
1.256	6.097E-4	3.591E-2
1.265	-1.530E-4	3.552E-2
1.273	-8.520E-4	3.542E-2
1.282	-1.440E-3	3.561E-2
1.290	-1.860E-3	3.604E-2
1.298	-2.065E-3	3.670E-2
1.307	-2.053E-3	3.746E-2
1.315	-1.792E-3	3.828E-2
1.323	-1.297E-3	3.904E-2
1.332	-6.266E-4	3.964E-2
1.340	1.272E-4	4.003E-2
1.349	9.568E-4	4.012E-2
1.357	1.708E-3	3.996E-2
1.365	2.308E-3	3.955E-2
1.374	2.679E-3	3.896E-2
1.382	2.646E-3	3.826E-2
1.390	2.320E-3	3.757E-2
1.399	1.703E-3	3.694E-2
1.407	8.689E-4	3.646E-2
1.416	-4.088E-5	3.617E-2
1.424	-9.343E-4	3.611E-2
1.432	-1.703E-3	3.622E-2
1.441	-2.277E-3	3.656E-2
1.449	-2.586E-3	3.703E-2
1.458	-2.573E-3	3.759E-2
1.466	-2.283E-3	3.817E-2
1.474	-1.771E-3	3.869E-2
1.483	-1.014E-3	3.912E-2
1.491	-8.202E-5	3.934E-2
1.499	8.762E-4	3.939E-2
1.508	1.821E-3	3.928E-2
1.516	2.572E-3	3.901E-2
1.525	3.016E-3	3.861E-2
1.533	3.076E-3	3.813E-2
1.541	2.772E-3	3.767E-2
1.550	2.075E-3	3.729E-2
1.558	1.135E-3	3.703E-2
1.566	1.085E-4	3.684E-2
1.575	-9.222E-4	3.681E-2
1.583	-1.794E-3	3.691E-2
1.592	-2.473E-3	3.712E-2
1.600	-2.811E-3	3.739E-2
1.608	-2.824E-3	3.768E-2
1.617	-2.560E-3	3.799E-2
1.625	-2.001E-3	3.828E-2
1.633	-1.185E-3	3.851E-2
1.642	-1.714E-4	3.862E-2
1.650	8.908E-4	3.866E-2
1.659	1.933E-3	3.859E-2
1.667	2.733E-3	3.848E-2
1.675	3.257E-3	3.833E-2
1.684	3.322E-3	3.815E-2
1.692	3.006E-3	3.802E-2
1.700	2.295E-3	3.786E-2
1.709	1.315E-3	3.778E-2
1.717	2.201E-4	3.771E-2
1.726	-8.413E-4	3.765E-2
1.734	-1.799E-3	3.764E-2
1.742	-2.498E-3	3.764E-2
1.751	-2.868E-3	3.764E-2
1.759	-2.999E-3	3.765E-2
1.767	-2.737E-3	3.765E-2
1.776	-2.151E-3	3.768E-2
1.784	-1.368E-3	3.769E-2
1.793	-3.510E-4	3.768E-2
1.801	7.427E-4	3.774E-2
1.809	1.752E-3	3.784E-2
1.818	2.603E-3	3.795E-2
1.826	3.129E-3	3.805E-2
1.834	3.231E-3	3.817E-2
1.843	2.955E-3	3.830E-2
1.851	2.178E-3	3.841E-2
1.860	1.243E-3	3.847E-2
1.868	1.983E-4	3.850E-2
1.876	-8.528E-4	3.846E-2
1.885	-1.762E-3	3.832E-2
1.893	-2.448E-3	3.811E-2
1.901	-2.839E-3	3.785E-2
1.910	-2.871E-3	3.758E-2
1.918	-2.696E-3	3.735E-2
1.927	-2.180E-3	3.714E-2
1.935	-1.416E-3	3.700E-2
1.943	-4.419E-4	3.697E-2
1.952	5.664E-4	3.700E-2
1.960	1.572E-3	3.721E-2
1.968	2.365E-3	3.750E-2
1.977	2.879E-3	3.791E-2
1.985	2.997E-3	3.831E-2
1.994	2.764E-3	3.871E-2
2.002	2.144E-3	3.904E-2
2.010	1.274E-3	3.925E-2
2.019	3.118E-4	3.929E-2
2.027	-6.206E-4	3.919E-2
2.035	-1.469E-3	3.891E-2
2.044	-2.104E-3	3.852E-2
2.052	-2.454E-3	3.801E-2
2.061	-2.585E-3	3.748E-2
2.069	-2.352E-3	3.696E-2
2.077	-1.875E-3	3.657E-2
2.086	-1.231E-3	3.627E-2
2.094	-4.269E-4	3.622E-2
2.103	4.957E-4	3.636E-2
2.111	1.342E-3	3.671E-2
2.119	2.059E-3	3.722E-2
2.128	2.532E-3	3.783E-2
2.136	2.657E-3	3.848E-2
2.144	2.474E-3	3.912E-2
2.153	1.954E-3	3.958E-2
2.161	1.270E-3	3.989E-2
2.170	4.869E-4	3.996E-2
2.178	-3.245E-4	3.976E-2
2.186	-1.046E-3	3.935E-2
2.195	-1.600E-3	3.874E-2
2.203	-1.944E-3	3.801E-2
2.211	-2.091E-3	3.724E-2
2.220	-1.963E-3	3.654E-2
2.228	-1.650E-3	3.599E-2
2.237	-1.128E-3	3.569E-2
2.245	-4.636E-4	3.563E-2
2.253	2.479E-4	3.581E-2
2.262	9.302E-4	3.629E-2
2.270	1.503E-3	3.699E-2
2.278	1.873E-3	3.779E-2
2.287	2.073E-3	3.864E-2
2.295	2.011E-3	3.940E-2
2.304	1.666E-3	4.001E-2
2.312	1.215E-3	4.039E-2
2.320	6.399E-4	4.043E-2
2.329	5.132E-5	4.016E-2
2.337	-4.679E-4	3.965E-2
2.345	-9.286E-4	3.891E-2
2.354	-1.216E-3	3.802E-2
2.362	-1.375E-3	3.709E-2
2.371	-1.369E-3	3.626E-2
2.379	-1.151E-3	3.563E-2
2.387	-8.652E-4	3.527E-2
2.396	-4.423E-4	3.524E-2
2.404	3.007E-5	3.553E-2
2.412	4.987E-4	3.613E-2
2.421	9.310E-4	3.696E-2
2.429	1.236E-3	3.791E-2
2.438	1.424E-3	3.886E-2
2.446	1.459E-3	3.970E-2
2.454	1.400E-3	4.038E-2
2.463	1.175E-3	4.077E-2
2.471	9.041E-4	4.080E-2
2.479	5.152E-4	4.050E-2
2.488	1.745E-4	3.985E-2
2.496	-1.749E-4	3.899E-2
2.505	-4.477E-4	3.800E-2
2.513	-6.626E-4	3.699E-2
2.521	-7.117E-4	3.607E-2
2.530	-7.143E-4	3.539E-2
2.538	-6.570E-4	3.503E-2
2.546	-4.820E-4	3.505E-2
2.555	-2.612E-4	3.538E-2
2.563	6.368E-6	3.603E-2
2.572	2.795E-4	3.695E-2
2.580	5.161E-4	3.798E-2
2.588	7.494E-4	3.899E-2
2.597	9.561E-4	3.986E-2
2.605	1.038E-3	4.051E-2
2.613	1.128E-3	4.085E-2
2.622	1.132E-3	4.086E-2
2.630	9.810E-4	4.045E-2
2.639	7.914E-4	3.979E-2
2.647	5.474E-4	3.890E-2
2.655	2.893E-4	3.791E-2
2.664	2.744E-5	3.685E-2
2.672	-2.193E-4	3.597E-2
2.680	-4.368E-4	3.533E-2
2.689	-6.252E-4	3.503E-2
2.697	-6.913E-4	3.508E-2
2.706	-6.893E-4	3.544E-2
2.714	-6.608E-4	3.614E-2
2.722	-4.837E-4	3.710E-2
2.731	-2.462E-4	3.810E-2
2.739	3.158E-5	3.907E-2
2.747	3.368E-4	3.989E-2
2.756	6.913E-4	4.050E-2
2.764	9.711E-4	4.078E-2
2.773	1.210E-3	4.079E-2
2.781	1.394E-3	4.037E-2
2.789	1.411E-3	3.968E-2
2.798	1.287E-3	3.881E-2
2.806	1.044E-3	3.783E-2
2.815	6.969E-4	3.691E-2
2.823	2.874E-4	3.608E-2
2.831	-1.592E-4	3.550E-2
2.840	-5.824E-4	3.527E-2
2.848	-9.410E-4	3.533E-2
2.856	-1.167E-3	3.571E-2
2.865	-1.287E-3	3.636E-2
2.873	-1.219E-3	3.722E-2
2.882	-1.066E-3	3.814E-2
2.890	-7.098E-4	3.901E-2
2.898	-2.386E-4	3.975E-2
2.907	2.860E-4	4.026E-2
2.915	8.090E-4	4.045E-2
2.923	1.314E-3	4.036E-2
2.932	1.663E-3	3.999E-2
2.940	1.872E-3	3.935E-2
2.949	1.878E-3	3.854E-2
2.957	1.662E-3	3.771E-2
2.965	1.251E-3	3.690E-2
2.974	6.833E-4	3.622E-2
2.982	3.916E-5	3.578E-2
2.990	-6.065E-4	3.560E-2
2.999	-1.177E-3	3.569E-2
3.007	-1.595E-3	3.605E-2
3.016	-1.832E-3	3.660E-2
3.024	-1.854E-3	3.733E-2
3.032	-1.640E-3	3.810E-2
3.041	-1.223E-3	3.884E-2
3.049	-6.773E-4	3.941E-2
3.057	1.698E-5	3.984E-2
3.066	7.487E-4	4.000E-2
3.074	1.446E-3	3.991E-2
3.083	2.032E-3	3.957E-2
3.091	2.385E-3	3.904E-2
3.099	2.480E-3	3.839E-2
3.108	2.257E-3	3.772E-2
3.116	1.717E-3	3.711E-2
3.124	9.989E-4	3.662E-2
3.133	2.138E-4	3.630E-2
3.141	-6.190E-4	3.618E-2
3.150	-1.358E-3	3.626E-2
3.158	-1.902E-3	3.654E-2
3.166	-2.249E-3	3.695E-2
3.175	-2.324E-3	3.746E-2
3.183	-2.112E-3	3.803E-2
3.191	-1.624E-3	3.854E-2
3.200	-1.044E-3	3.896E-2
3.208	-2.195E-4	3.924E-2
3.217	6.532E-4	3.934E-2
3.225	1.527E-3	3.925E-2
3.233	2.222E-3	3.901E-2
3.242	2.712E-3	3.866E-2
3.250	2.800E-3	3.821E-2
3.258	2.593E-3	3.782E-2
3.267	2.074E-3	3.743E-2
3.275	1.275E-3	3.714E-2
3.284	3.184E-4	3.693E-2
3.292	-6.206E-4	3.688E-2
3.300	-1.492E-3	3.690E-2
3.309	-2.135E-3	3.711E-2
3.317	-2.526E-3	3.735E-2
3.325	-2.599E-3	3.764E-2
3.334	-2.441E-3	3.792E-2
3.342	-1.997E-3	3.820E-2
3.351	-1.317E-3	3.846E-2
3.359	-4.261E-4	3.859E-2
3.367	5.357E-4	3.863E-2
3.376	1.479E-3	3.859E-2
3.384	2.289E-3	3.850E-2
3.392	2.849E-3	3.836E-2
3.401	3.019E-3	3.817E-2
3.409	2.816E-3	3.801E-2
3.418	2.228E-3	3.786E-2
3.426	1.403E-3	3.775E-2
3.434	4.231E-4	3.768E-2
3.443	-5.703E-4	3.766E-2
3.451	-1.499E-3	3.764E-2
3.459	-2.160E-3	3.763E-2
3.468	-2.614E-3	3.764E-2
3.476	-2.785E-3	3.764E-2
3.485	-2.610E-3	3.769E-2
3.493	-2.125E-3	3.771E-2
3.501	-1.390E-3	3.769E-2
3.510	-4.948E-4	3.776E-2
3.518	5.069E-4	3.782E-2
3.527	1.471E-3	3.787E-2
3.535	2.293E-3	3.793E-2
3.543	2.846E-3	3.803E-2
3.552	3.028E-3	3.812E-2
3.560	2.845E-3	3.823E-2
3.568	2.295E-3	3.833E-2
3.577	1.476E-3	3.838E-2
3.585	5.199E-4	3.837E-2
3.594	-4.555E-4	3.833E-2
3.602	-1.334E-3	3.824E-2
3.610	-2.029E-3	3.809E-2
3.619	-2.472E-3	3.788E-2
3.627	-2.590E-3	3.765E-2
3.635	-2.467E-3	3.742E-2
3.644	-2.048E-3	3.722E-2
3.652	-1.366E-3	3.711E-2
3.661	-5.394E-4	3.707E-2
3.669	3.680E-4	3.713E-2
3.677	1.288E-3	3.729E-2
3.686	2.070E-3	3.755E-2
3.694	2.612E-3	3.786E-2
3.702	2.799E-3	3.821E-2
3.711	2.656E-3	3.858E-2
3.719	2.143E-3	3.888E-2
3.728	1.414E-3	3.906E-2
3.736	5.372E-4	3.914E-2
3.744	-3.485E-4	3.909E-2
3.753	-1.161E-3	3.885E-2
3.761	-1.799E-3	3.851E-2
3.769	-2.204E-3	3.808E-2
3.778	-2.355E-3	3.761E-2
3.786	-2.247E-3	3.716E-2
3.795	-1.871E-3	3.676E-2
3.803	-1.307E-3	3.648E-2
3.811	-5.582E-4	3.638E-2
3.820	2.573E-4	3.648E-2
3.828	1.056E-3	3.674E-2
3.836	1.737E-3	3.715E-2
3.845	2.189E-3	3.767E-2
3.853	2.377E-3	3.826E-2
3.862	2.287E-3	3.885E-2
3.870	1.906E-3	3.930E-2
3.878	1.345E-3	3.961E-2
3.887	6.333E-4	3.975E-2
3.895	-1.406E-4	3.965E-2
3.903	-8.415E-4	3.934E-2
3.912	-1.388E-3	3.880E-2
3.920	-1.761E-3	3.816E-2
3.929	-1.910E-3	3.746E-2
3.937	-1.843E-3	3.682E-2
3.945	-1.579E-3	3.631E-2
3.954	-1.130E-3	3.595E-2
3.962	-5.263E-4	3.582E-2
3.970	8.295E-5	3.595E-2
3.979	7.299E-4	3.632E-2
3.987	1.306E-3	3.690E-2
3.996	1.689E-3	3.761E-2
4.004	1.879E-3	3.838E-2
4.012	1.852E-3	3.910E-2
4.021	1.634E-3	3.969E-2
4.029	1.229E-3	4.009E-2
4.037	7.122E-4	4.022E-2
4.046	1.944E-4	4.005E-2
4.054	-3.566E-4	3.961E-2
4.063	-8.132E-4	3.898E-2
4.071	-1.159E-3	3.817E-2
4.079	-1.336E-3	3.733E-2
4.088	-1.360E-3	3.657E-2
4.096	-1.191E-3	3.597E-2
4.104	-9.103E-4	3.557E-2
4.113	-4.967E-4	3.546E-2
4.121	-3.323E-5	3.564E-2
4.130	4.294E-4	3.615E-2
4.138	8.311E-4	3.686E-2
4.146	1.157E-3	3.769E-2
4.155	1.373E-3	3.855E-2
4.163	1.425E-3	3.940E-2
4.171	1.391E-3	4.007E-2
4.180	1.190E-3	4.049E-2
4.188	9.251E-4	4.056E-2
4.197	5.547E-4	4.038E-2
4.205	2.339E-4	3.987E-2
4.213	-1.168E-4	3.914E-2
4.222	-4.209E-4	3.827E-2
4.230	-6.379E-4	3.731E-2
4.239	-6.948E-4	3.647E-2
4.247	-6.933E-4	3.581E-2
4.255	-6.602E-4	3.539E-2
4.264	-4.766E-4	3.527E-2
4.272	-2.744E-4	3.552E-2
4.280	-9.023E-6	3.606E-2
4.289	2.598E-4	3.686E-2
4.297	4.922E-4	3.777E-2
4.306	7.228E-4	3.870E-2
4.314	9.155E-4	3.954E-2
4.322	9.875E-4	4.021E-2
4.331	9.874E-4	4.060E-2
4.339	9.857E-4	4.066E-2
4.347	9.254E-4	4.039E-2
4.356	7.397E-4	3.986E-2
4.364	5.146E-4	3.907E-2
4.373	2.895E-4	3.814E-2
4.381	5.365E-5	3.716E-2
4.389	-1.829E-4	3.629E-2
4.398	-3.885E-4	3.566E-2
4.406	-4.923E-4	3.532E-2
4.414	-6.287E-4	3.527E-2
4.423	-6.562E-4	3.555E-2
4.431	-6.431E-4	3.614E-2
4.440	-4.603E-4	3.695E-2
4.448	-2.424E-4	3.785E-2
4.456	4.884E-6	3.876E-2
4.465	2.789E-4	3.956E-2
4.473	5.651E-4	4.017E-2
4.481	8.502E-4	4.052E-2
4.490	1.051E-3	4.056E-2
4.498	1.167E-3	4.030E-2
4.507	1.199E-3	3.974E-2
4.515	1.154E-3	3.896E-2
4.523	9.480E-4	3.808E-2
4.532	6.875E-4	3.717E-2
4.540	3.313E-4	3.638E-2
4.548	-3.870E-5	3.581E-2
4.557	-4.235E-4	3.549E-2
4.565	-7.026E-4	3.550E-2
4.574	-9.460E-4	3.578E-2
4.582	-1.101E-3	3.635E-2
4.590	-1.104E-3	3.712E-2
4.599	-9.239E-4	3.798E-2
4.607	-6.347E-4	3.881E-2
4.615	-2.321E-4	3.950E-2
4.624	2.394E-4	4.003E-2
4.632	7.108E-4	4.029E-2
4.641	1.179E-3	4.033E-2
4.649	1.529E-3	4.003E-2
4.657	1.716E-3	3.949E-2
4.666	1.759E-3	3.877E-2
4.674	1.599E-3	3.801E-2
4.682	1.261E-3	3.723E-2
4.691	7.561E-4	3.653E-2
4.699	2.191E-4	3.604E-2
4.708	-3.722E-4	3.580E-2
4.716	-9.118E-4	3.581E-2
4.724	-1.333E-3	3.608E-2
4.733	-1.600E-3	3.653E-2
4.741	-1.638E-3	3.718E-2
4.749	-1.523E-3	3.791E-2
4.758	-1.191E-3	3.858E-2
4.766	-6.878E-4	3.916E-2
4.775	-1.080E-4	3.959E-2
4.783	5.303E-4	3.984E-2
4.791	1.190E-3	3.987E-2
4.800	1.734E-3	3.959E-2
4.808	2.095E-3	3.918E-2
4.816	2.264E-3	3.860E-2
4.825	2.123E-3	3.797E-2
4.833	1.747E-3	3.740E-2
4.842	1.145E-3	3.688E-2
4.850	4.221E-4	3.651E-2
4.858	-3.203E-4	3.635E-2
4.867	-1.030E-3	3.643E-2
4.875	-1.597E-3	3.665E-2
4.883	-1.947E-3	3.700E-2
4.892	-2.099E-3	3.746E-2
4.900	-1.995E-3	3.798E-2
4.909	-1.636E-3	3.850E-2
4.917	-1.089E-3	3.892E-2
4.925	-3.829E-4	3.922E-2
4.934	4.148E-4	3.933E-2
4.942	1.224E-3	3.929E-2
4.951	1.902E-3	3.909E-2
4.959	2.372E-3	3.876E-2
4.967	2.579E-3	3.837E-2
4.976	2.497E-3	3.794E-2
4.984	2.083E-3	3.754E-2
4.992	1.416E-3	3.724E-2
5.001	5.661E-4	3.700E-2
5.009	-3.154E-4	3.690E-2
5.018	-1.129E-3	3.694E-2
5.026	-1.770E-3	3.707E-2
5.034	-2.200E-3	3.731E-2
5.043	-2.352E-3	3.760E-2
5.051	-2.262E-3	3.788E-2
5.059	-1.902E-3	3.815E-2
5.068	-1.313E-3	3.837E-2
5.076	-5.437E-4	3.854E-2
5.085	3.157E-4	3.859E-2
5.093	1.198E-3	3.857E-2
5.101	1.962E-3	3.852E-2
5.110	2.522E-3	3.835E-2
5.118	2.787E-3	3.818E-2
5.126	2.733E-3	3.802E-2
5.135	2.273E-3	3.785E-2
5.143	1.561E-3	3.773E-2
5.152	6.429E-4	3.762E-2
5.160	-2.431E-4	3.761E-2
5.168	-1.097E-3	3.758E-2
5.177	-1.793E-3	3.760E-2
5.185	-2.260E-3	3.763E-2
5.193	-2.462E-3	3.767E-2
5.202	-2.349E-3	3.772E-2
5.210	-2.005E-3	3.771E-2
5.219	-1.392E-3	3.779E-2
5.227	-6.049E-4	3.784E-2
5.235	2.869E-4	3.786E-2
5.244	1.185E-3	3.790E-2
5.252	1.964E-3	3.794E-2
5.260	2.538E-3	3.795E-2
5.269	2.809E-3	3.805E-2
5.277	2.761E-3	3.812E-2
5.286	2.315E-3	3.819E-2
5.294	1.626E-3	3.824E-2
5.302	7.614E-4	3.827E-2
5.311	-1.474E-4	3.829E-2
5.319	-1.027E-3	3.820E-2
5.327	-1.758E-3	3.809E-2
5.336	-2.155E-3	3.792E-2
5.344	-2.359E-3	3.773E-2
5.353	-2.310E-3	3.758E-2
5.361	-1.976E-3	3.740E-2
5.369	-1.394E-3	3.729E-2
5.378	-6.423E-4	3.722E-2
5.386	2.241E-4	3.723E-2
5.394	1.063E-3	3.734E-2
5.403	1.825E-3	3.753E-2
5.411	2.373E-3	3.782E-2
5.420	2.632E-3	3.811E-2
5.428	2.554E-3	3.841E-2
5.436	2.167E-3	3.869E-2
5.445	1.533E-3	3.890E-2
5.453	7.324E-4	3.901E-2
5.461	-1.016E-4	3.901E-2
5.470	-8.991E-4	3.882E-2
5.478	-1.537E-3	3.854E-2
5.487	-1.968E-3	3.818E-2
5.495	-2.147E-3	3.776E-2
5.503	-2.093E-3	3.737E-2
5.512	-1.808E-3	3.700E-2
5.520	-1.313E-3	3.672E-2
5.528	-6.345E-4	3.660E-2
5.537	1.075E-4	3.664E-2
5.545	8.673E-4	3.683E-2
5.554	1.504E-3	3.718E-2
5.562	2.002E-3	3.764E-2
5.570	2.218E-3	3.815E-2
5.579	2.174E-3	3.865E-2
5.587	1.861E-3	3.907E-2
5.596	1.367E-3	3.941E-2
5.604	7.137E-4	3.955E-2
5.612	2.630E-5	3.949E-2
5.621	-6.288E-4	3.925E-2
5.629	-1.184E-3	3.883E-2
5.637	-1.569E-3	3.826E-2
5.646	-1.766E-3	3.768E-2
5.654	-1.779E-3	3.709E-2
5.663	-1.573E-3	3.658E-2
5.671	-1.171E-3	3.624E-2
5.679	-6.350E-4	3.606E-2
5.688	-1.051E-5	3.612E-2
5.696	5.951E-4	3.643E-2
5.704	1.142E-3	3.689E-2
5.713	1.581E-3	3.752E-2
5.721	1.836E-3	3.824E-2
5.730	1.851E-3	3.895E-2
5.738	1.661E-3	3.951E-2
5.746	1.334E-3	3.990E-2
5.755	8.138E-4	4.008E-2
5.763	2.769E-4	4.000E-2
5.771	-2.320E-4	3.965E-2
5.780	-6.651E-4	3.910E-2
5.788	-9.800E-4	3.839E-2
5.797	-1.167E-3	3.762E-2
5.805	-1.182E-3	3.691E-2
5.813	-1.107E-3	3.628E-2
5.822	-8.702E-4	3.586E-2
5.830	-4.893E-4	3.567E-2
5.838	-6.518E-5	3.580E-2
5.847	3.140E-4	3.616E-2
5.855	7.145E-4	3.674E-2
5.864	1.047E-3	3.749E-2
5.872	1.229E-3	3.826E-2
5.880	1.354E-3	3.907E-2
5.889	1.310E-3	3.971E-2
5.897	1.135E-3	4.014E-2
5.905	8.950E-4	4.032E-2
5.914	5.476E-4	4.019E-2
5.922	2.285E-4	3.978E-2
5.931	-8.536E-5	3.913E-2
5.939	-4.063E-4	3.834E-2
5.947	-5.942E-4	3.748E-2
5.956	-7.060E-4	3.668E-2
5.964	-7.033E-4	3.605E-2
5.972	-6.643E-4	3.560E-2
5.981	-4.814E-4	3.544E-2
5.989	-2.719E-4	3.561E-2
5.998	-1.846E-5	3.603E-2
6.006	2.434E-4	3.670E-2
6.014	4.780E-4	3.749E-2
6.023	6.989E-4	3.834E-2
6.031	8.646E-4	3.917E-2
6.039	9.360E-4	3.985E-2
6.048	9.529E-4	4.029E-2
6.056	9.460E-4	4.044E-2
6.065	8.709E-4	4.027E-2
6.073	7.233E-4	3.981E-2
6.081	5.130E-4	3.909E-2
6.090	2.930E-4	3.826E-2
6.098	6.832E-5	3.737E-2
6.106	-1.387E-4	3.658E-2
6.115	-2.942E-4	3.597E-2
6.123	-4.631E-4	3.556E-2
6.132	-4.969E-4	3.544E-2
6.140	-4.819E-4	3.564E-2
6.148	-4.681E-4	3.609E-2
6.157	-3.839E-4	3.678E-2
6.165	-2.036E-4	3.757E-2
6.173	2.030E-5	3.842E-2
6.182	2.621E-4	3.920E-2
6.190	5.062E-4	3.985E-2
6.199	7.426E-4	4.027E-2
6.207	9.505E-4	4.035E-2
6.215	1.126E-3	4.017E-2
6.224	1.164E-3	3.969E-2
6.232	1.130E-3	3.902E-2
6.240	9.608E-4	3.819E-2
6.249	7.239E-4	3.730E-2
6.257	4.361E-4	3.658E-2
6.266	7.709E-5	3.602E-2
6.274	-2.355E-4	3.567E-2
6.282	-5.221E-4	3.563E-2
6.291	-7.203E-4	3.582E-2
6.299	-8.707E-4	3.626E-2
6.308	-8.818E-4	3.693E-2
6.316	-7.407E-4	3.768E-2
6.324	-4.963E-4	3.844E-2
6.333	-1.761E-4	3.917E-2
6.341	2.323E-4	3.973E-2
6.349	6.631E-4	4.007E-2
6.358	1.061E-3	4.013E-2
6.366	1.399E-3	3.994E-2
6.375	1.614E-3	3.949E-2
6.383	1.673E-3	3.887E-2
6.391	1.574E-3	3.812E-2
6.400	1.321E-3	3.737E-2
6.408	8.927E-4	3.672E-2
6.416	4.141E-4	3.623E-2
6.425	-1.000E-4	3.597E-2
6.433	-6.083E-4	3.594E-2
6.442	-1.038E-3	3.617E-2
6.450	-1.338E-3	3.659E-2
6.458	-1.403E-3	3.717E-2
6.467	-1.350E-3	3.783E-2
6.475	-1.095E-3	3.848E-2
6.483	-6.759E-4	3.906E-2
6.492	-1.638E-4	3.948E-2
6.500	4.325E-4	3.972E-2
6.509	1.015E-3	3.971E-2
6.517	1.534E-3	3.953E-2
6.525	1.875E-3	3.917E-2
6.534	2.074E-3	3.865E-2
6.542	1.999E-3	3.806E-2
6.550	1.669E-3	3.747E-2
6.559	1.177E-3	3.694E-2
6.567	5.483E-4	3.659E-2
6.576	-1.412E-4	3.643E-2
6.584	-7.814E-4	3.643E-2
6.592	-1.350E-3	3.660E-2
6.601	-1.682E-3	3.694E-2
6.609	-1.846E-3	3.737E-2
6.617	-1.830E-3	3.787E-2
6.626	-1.536E-3	3.833E-2
6.634	-1.076E-3	3.875E-2
6.643	-4.429E-4	3.905E-2
6.651	2.595E-4	3.922E-2
6.659	9.802E-4	3.923E-2
6.668	1.639E-3	3.907E-2
6.676	2.125E-3	3.879E-2
6.684	2.360E-3	3.843E-2
6.693	2.328E-3	3.805E-2
6.701	2.012E-3	3.766E-2
6.710	1.432E-3	3.732E-2
6.718	6.952E-4	3.711E-2
6.726	-1.051E-4	3.699E-2
6.735	-8.622E-4	3.697E-2
6.743	-1.465E-3	3.709E-2
6.751	-1.916E-3	3.731E-2
6.760	-2.106E-3	3.759E-2
6.768	-2.086E-3	3.787E-2
6.777	-1.793E-3	3.814E-2
6.785	-1.299E-3	3.836E-2
6.793	-6.238E-4	3.853E-2
6.802	1.548E-4	3.861E-2
6.810	9.525E-4	3.860E-2
6.818	1.690E-3	3.854E-2
6.827	2.271E-3	3.838E-2
6.835	2.556E-3	3.821E-2
6.844	2.554E-3	3.806E-2
6.852	2.205E-3	3.787E-2
6.860	1.602E-3	3.774E-2
6.869	8.050E-4	3.765E-2
6.877	-2.538E-5	3.759E-2
6.885	-8.396E-4	3.759E-2
6.894	-1.520E-3	3.760E-2
6.902	-2.006E-3	3.764E-2
6.911	-2.262E-3	3.770E-2
6.919	-2.257E-3	3.775E-2
6.927	-1.955E-3	3.784E-2
6.936	-1.442E-3	3.789E-2
6.944	-7.264E-4	3.792E-2
6.952	7.093E-5	3.796E-2
6.961	9.308E-4	3.797E-2
6.969	1.685E-3	3.801E-2
6.978	2.274E-3	3.807E-2
6.986	2.569E-3	3.810E-2
6.994	2.568E-3	3.813E-2
7.003	2.258E-3	3.816E-2
7.011	1.638E-3	3.820E-2
7.020	8.521E-4	3.823E-2
7.028	1.416E-5	3.826E-2
7.036	-8.072E-4	3.820E-2
7.045	-1.457E-3	3.811E-2
7.053	-1.969E-3	3.801E-2
7.061	-2.249E-3	3.785E-2
7.070	-2.233E-3	3.767E-2
7.078	-1.988E-3	3.755E-2
7.087	-1.506E-3	3.743E-2
7.095	-8.532E-4	3.737E-2
7.103	-5.291E-5	3.737E-2
7.112	7.471E-4	3.742E-2
7.120	1.494E-3	3.758E-2
7.128	2.062E-3	3.780E-2
7.137	2.366E-3	3.806E-2
7.145	2.365E-3	3.833E-2
7.154	2.076E-3	3.856E-2
7.162	1.543E-3	3.875E-2
7.170	7.953E-4	3.885E-2
7.179	3.253E-5	3.883E-2
7.187	-6.940E-4	3.873E-2
7.195	-1.326E-3	3.852E-2
7.204	-1.772E-3	3.824E-2
7.212	-2.022E-3	3.788E-2
7.221	-2.039E-3	3.752E-2
7.229	-1.810E-3	3.719E-2
7.237	-1.373E-3	3.694E-2
7.246	-7.637E-4	3.679E-2
7.254	-9.752E-5	3.675E-2
7.262	5.835E-4	3.688E-2
7.271	1.238E-3	3.716E-2
7.279	1.722E-3	3.756E-2
7.288	2.022E-3	3.803E-2
7.296	2.009E-3	3.850E-2
7.304	1.739E-3	3.892E-2
7.313	1.305E-3	3.923E-2
7.321	6.862E-4	3.942E-2
7.329	4.518E-5	3.943E-2
7.338	-5.845E-4	3.924E-2
7.346	-1.149E-3	3.890E-2
7.355	-1.553E-3	3.846E-2
7.363	-1.787E-3	3.795E-2
7.371	-1.825E-3	3.738E-2
7.380	-1.629E-3	3.688E-2
7.388	-1.294E-3	3.651E-2
7.396	-8.241E-4	3.632E-2
7.405	-2.385E-4	3.630E-2
7.413	3.255E-4	3.649E-2
7.422	8.848E-4	3.689E-2
7.430	1.349E-3	3.742E-2
7.438	1.612E-3	3.805E-2
7.447	1.671E-3	3.867E-2
7.455	1.516E-3	3.922E-2
7.463	1.198E-3	3.963E-2
7.472	7.509E-4	3.984E-2
7.480	2.630E-4	3.986E-2
7.489	-2.241E-4	3.962E-2
7.497	-6.486E-4	3.917E-2
7.505	-9.775E-4	3.858E-2
7.514	-1.167E-3	3.789E-2
7.522	-1.202E-3	3.722E-2
7.530	-1.124E-3	3.660E-2
7.539	-9.036E-4	3.619E-2
7.547	-5.720E-4	3.598E-2
7.556	-1.998E-4	3.601E-2
7.564	2.251E-4	3.627E-2
7.572	6.486E-4	3.674E-2
7.581	9.550E-4	3.739E-2
7.589	1.189E-3	3.813E-2
7.597	1.304E-3	3.886E-2
7.606	1.224E-3	3.946E-2
7.614	1.125E-3	3.991E-2
7.623	8.913E-4	4.011E-2
7.631	5.651E-4	4.008E-2
7.639	2.389E-4	3.978E-2
7.648	-4.829E-5	3.923E-2
7.656	-3.179E-4	3.852E-2
7.664	-5.080E-4	3.775E-2
7.673	-6.578E-4	3.702E-2
7.681	-6.731E-4	3.637E-2
7.690	-6.283E-4	3.593E-2
7.698	-4.620E-4	3.574E-2
7.706	-2.502E-4	3.581E-2
7.715	-9.455E-6	3.615E-2
7.723	2.422E-4	3.672E-2
7.732	4.725E-4	3.741E-2
7.740	6.875E-4	3.822E-2
7.748	8.149E-4	3.902E-2
7.757	9.288E-4	3.963E-2
7.765	9.457E-4	4.010E-2
7.773	9.292E-4	4.029E-2
7.782	7.930E-4	4.021E-2
7.790	6.767E-4	3.985E-2
7.799	4.905E-4	3.927E-2
7.807	2.752E-4	3.852E-2
7.815	6.767E-5	3.770E-2
7.824	-1.054E-4	3.694E-2
7.832	-2.427E-4	3.629E-2
7.840	-4.009E-4	3.583E-2
7.849	-4.207E-4	3.565E-2
7.857	-4.359E-4	3.578E-2
7.866	-4.309E-4	3.615E-2
7.874	-2.921E-4	3.674E-2
7.882	-1.925E-4	3.750E-2
7.891	2.349E-6	3.830E-2
7.899	2.353E-4	3.906E-2
7.907	4.679E-4	3.966E-2
7.916	6.904E-4	4.009E-2
7.924	8.932E-4	4.025E-2
7.933	9.668E-4	4.011E-2
7.941	9.907E-4	3.971E-2
7.949	9.463E-4	3.914E-2
7.958	8.612E-4	3.839E-2
7.966	6.399E-4	3.759E-2
7.974	4.123E-4	3.690E-2
7.983	1.122E-4	3.632E-2
7.991	-1.960E-4	3.593E-2
8.000	-4.473E-4	3.580E-2
8.008	-6.663E-4	3.592E-2
8.016	-7.265E-4	3.633E-2
8.025	-7.294E-4	3.686E-2
8.033	-6.600E-4	3.757E-2
8.041	-4.641E-4	3.831E-2
8.050	-1.994E-4	3.900E-2
8.058	1.623E-4	3.955E-2
8.067	4.927E-4	3.989E-2
8.075	8.866E-4	4.000E-2
8.083	1.193E-3	3.987E-2
8.092	1.414E-3	3.949E-2
8.100	1.456E-3	3.895E-2
8.108	1.432E-3	3.826E-2
8.117	1.189E-3	3.759E-2
8.125	8.561E-4	3.695E-2
8.134	4.251E-4	3.647E-2
8.142	-2.037E-5	3.615E-2
8.150	-4.553E-4	3.609E-2
8.159	-8.625E-4	3.620E-2
8.167	-1.133E-3	3.655E-2
8.175	-1.229E-3	3.706E-2
8.184	-1.198E-3	3.767E-2
8.192	-9.800E-4	3.828E-2
8.201	-6.389E-4	3.885E-2
8.209	-1.932E-4	3.930E-2
8.217	3.212E-4	3.955E-2
8.226	8.452E-4	3.961E-2
8.234	1.309E-3	3.949E-2
8.242	1.639E-3	3.918E-2
8.251	1.849E-3	3.872E-2
8.259	1.856E-3	3.818E-2
8.268	1.624E-3	3.759E-2
8.276	1.207E-3	3.710E-2
8.284	6.726E-4	3.673E-2
8.293	5.722E-5	3.650E-2
8.301	-5.229E-4	3.645E-2
8.309	-1.078E-3	3.658E-2
8.318	-1.428E-3	3.689E-2
8.326	-1.628E-3	3.730E-2
8.335	-1.605E-3	3.778E-2
8.343	-1.383E-3	3.827E-2
8.351	-9.877E-4	3.869E-2
8.360	-4.599E-4	3.902E-2
8.368	1.513E-4	3.921E-2
8.377	7.868E-4	3.923E-2
8.385	1.408E-3	3.912E-2
8.393	1.876E-3	3.885E-2
8.402	2.133E-3	3.851E-2
8.410	2.142E-3	3.812E-2
8.418	1.907E-3	3.773E-2
8.427	1.439E-3	3.737E-2
8.435	7.990E-4	3.713E-2
8.444	6.956E-5	3.699E-2
8.452	-6.236E-4	3.696E-2
8.460	-1.219E-3	3.705E-2
8.469	-1.679E-3	3.724E-2
8.477	-1.891E-3	3.747E-2
8.485	-1.871E-3	3.776E-2
8.494	-1.646E-3	3.807E-2
8.502	-1.227E-3	3.831E-2
8.511	-6.568E-4	3.850E-2
8.519	3.697E-5	3.860E-2
8.527	7.746E-4	3.860E-2
8.536	1.476E-3	3.855E-2
8.544	2.028E-3	3.842E-2
8.552	2.309E-3	3.824E-2
8.561	2.338E-3	3.807E-2
8.569	2.102E-3	3.787E-2
8.578	1.610E-3	3.771E-2
8.586	9.228E-4	3.760E-2
8.594	1.559E-4	3.755E-2
8.603	-6.053E-4	3.756E-2
8.611	-1.279E-3	3.758E-2
8.619	-1.770E-3	3.762E-2
8.628	-2.048E-3	3.768E-2
8.636	-2.055E-3	3.779E-2
8.645	-1.856E-3	3.786E-2
8.653	-1.403E-3	3.793E-2
8.661	-8.068E-4	3.799E-2
8.670	-4.873E-5	3.805E-2
8.678	7.262E-4	3.806E-2
8.686	1.452E-3	3.809E-2
8.695	2.040E-3	3.810E-2
8.703	2.362E-3	3.810E-2
8.712	2.406E-3	3.811E-2
8.720	2.147E-3	3.811E-2
8.728	1.649E-3	3.812E-2
8.737	9.700E-4	3.811E-2
8.745	2.063E-4	3.811E-2
8.753	-5.450E-4	3.808E-2
8.762	-1.200E-3	3.804E-2
8.770	-1.663E-3	3.794E-2
8.779	-1.921E-3	3.782E-2
8.787	-1.982E-3	3.768E-2
8.795	-1.829E-3	3.758E-2
8.804	-1.395E-3	3.749E-2
8.812	-8.083E-4	3.741E-2
8.820	-1.000E-4	3.740E-2
8.829	6.442E-4	3.742E-2
8.837	1.376E-3	3.757E-2
8.846	1.919E-3	3.774E-2
8.854	2.271E-3	3.795E-2
8.862	2.330E-3	3.816E-2
8.871	2.108E-3	3.836E-2
8.879	1.654E-3	3.854E-2
8.887	9.915E-4	3.865E-2
8.896	2.903E-4	3.863E-2
8.904	-4.106E-4	3.856E-2
8.913	-1.050E-3	3.839E-2
8.921	-1.513E-3	3.814E-2
8.929	-1.806E-3	3.784E-2
8.938	-1.823E-3	3.752E-2
8.946	-1.652E-3	3.723E-2
8.954	-1.294E-3	3.699E-2
8.963	-7.458E-4	3.685E-2
8.971	-1.054E-4	3.684E-2
8.980	5.436E-4	3.694E-2
8.988	1.186E-3	3.716E-2
8.996	1.678E-3	3.748E-2
9.005	1.993E-3	3.786E-2
9.013	2.055E-3	3.826E-2
9.021	1.873E-3	3.864E-2
9.030	1.488E-3	3.895E-2
9.038	9.488E-4	3.915E-2
9.047	3.322E-4	3.919E-2
9.055	-2.666E-4	3.908E-2
9.063	-8.073E-4	3.879E-2
9.072	-1.213E-3	3.839E-2
9.080	-1.444E-3	3.791E-2
9.089	-1.492E-3	3.742E-2
9.097	-1.389E-3	3.696E-2
9.105	-1.096E-3	3.662E-2
9.114	-6.514E-4	3.644E-2
9.122	-1.436E-4	3.641E-2
9.130	4.188E-4	3.657E-2
9.139	9.428E-4	3.686E-2
9.147	1.388E-3	3.735E-2
9.156	1.641E-3	3.789E-2
9.164	1.712E-3	3.844E-2
9.172	1.626E-3	3.897E-2
9.181	1.368E-3	3.937E-2
9.189	9.569E-4	3.963E-2
9.197	4.946E-4	3.965E-2
9.206	2.090E-5	3.948E-2
9.214	-4.130E-4	3.912E-2
9.223	-7.322E-4	3.857E-2
9.231	-9.478E-4	3.798E-2
9.239	-1.070E-3	3.736E-2
9.248	-1.005E-3	3.680E-2
9.256	-8.607E-4	3.636E-2
9.264	-5.346E-4	3.616E-2
9.273	-2.101E-4	3.615E-2
9.281	2.150E-4	3.635E-2
9.290	5.988E-4	3.678E-2
9.298	9.122E-4	3.733E-2
9.306	1.165E-3	3.801E-2
9.315	1.258E-3	3.870E-2
9.323	1.212E-3	3.927E-2
9.331	1.131E-3	3.970E-2
9.340	9.063E-4	3.994E-2
9.348	6.064E-4	3.993E-2
9.357	2.579E-4	3.970E-2
9.365	-1.792E-5	3.925E-2
9.373	-2.726E-4	3.864E-2
9.382	-4.560E-4	3.794E-2
9.390	-6.174E-4	3.721E-2
9.398	-6.510E-4	3.659E-2
9.407	-6.042E-4	3.615E-2
9.415	-4.587E-4	3.593E-2
9.424	-2.430E-4	3.596E-2
9.432	-3.053E-6	3.621E-2
9.440	2.425E-4	3.668E-2
9.449	4.714E-4	3.732E-2
9.457	6.774E-4	3.807E-2
9.465	7.959E-4	3.878E-2
9.474	9.134E-4	3.942E-2
9.482	9.380E-4	3.987E-2
9.491	9.064E-4	4.010E-2
9.499	7.599E-4	4.011E-2
9.507	6.400E-4	3.982E-2
9.516	4.834E-4	3.932E-2
9.524	2.841E-4	3.863E-2
9.532	7.132E-5	3.790E-2
9.541	-7.712E-5	3.717E-2
9.549	-2.246E-4	3.654E-2
9.558	-3.378E-4	3.606E-2
9.566	-3.834E-4	3.583E-2
9.574	-4.215E-4	3.586E-2
9.583	-3.702E-4	3.615E-2
9.591	-2.538E-4	3.667E-2
9.599	-1.165E-4	3.733E-2
9.608	3.352E-5	3.809E-2
9.616	2.349E-4	3.880E-2
9.625	4.487E-4	3.941E-2
9.633	6.523E-4	3.985E-2
9.641	7.703E-4	4.004E-2
9.650	9.003E-4	3.996E-2
9.658	9.302E-4	3.966E-2
9.666	9.323E-4	3.914E-2
9.675	7.614E-4	3.850E-2
9.683	5.950E-4	3.780E-2
9.692	3.598E-4	3.711E-2
9.700	9.366E-5	3.653E-2
9.708	-1.767E-4	3.610E-2
9.717	-4.139E-4	3.591E-2
9.725	-5.768E-4	3.600E-2
9.733	-7.067E-4	3.631E-2
9.742	-7.065E-4	3.680E-2
9.750	-6.530E-4	3.739E-2
9.759	-4.726E-4	3.810E-2
9.767	-2.333E-4	3.877E-2
9.775	6.249E-5	3.931E-2
9.784	4.218E-4	3.968E-2
9.792	7.243E-4	3.984E-2
9.801	9.951E-4	3.976E-2
9.809	1.189E-3	3.946E-2
9.817	1.292E-3	3.898E-2
9.826	1.223E-3	3.835E-2
9.834	1.071E-3	3.769E-2
9.842	7.519E-4	3.709E-2
9.851	4.001E-4	3.660E-2
9.859	-3.251E-5	3.628E-2
9.868	-4.204E-4	3.617E-2
9.876	-7.367E-4	3.624E-2
9.884	-9.644E-4	3.653E-2
9.893	-1.117E-3	3.697E-2
9.901	-1.117E-3	3.753E-2
9.909	-9.369E-4	3.813E-2
9.918	-6.471E-4	3.869E-2
9.926	-2.391E-4	3.917E-2
9.935	2.301E-4	3.947E-2
9.943	7.064E-4	3.958E-2
9.951	1.159E-3	3.946E-2
9.960	1.477E-3	3.919E-2
9.968	1.662E-3	3.878E-2
9.976	1.665E-3	3.827E-2
9.985	1.523E-3	3.774E-2
9.993	1.172E-3	3.727E-2
10.002	7.088E-4	3.690E-2
10.010	1.855E-4	3.666E-2
10.018	-3.608E-4	3.656E-2
10.027	-8.622E-4	3.664E-2
10.035	-1.206E-3	3.689E-2
10.043	-1.403E-3	3.726E-2
10.052	-1.409E-3	3.767E-2
10.060	-1.281E-3	3.811E-2
10.069	-9.397E-4	3.853E-2
10.077	-4.593E-4	3.887E-2
10.085	8.944E-5	3.906E-2
10.094	6.832E-4	3.911E-2
10.102	1.248E-3	3.902E-2
10.110	1.677E-3	3.880E-2
10.119	1.952E-3	3.850E-2
10.127	2.029E-3	3.813E-2
10.136	1.826E-3	3.774E-2
10.144	1.437E-3	3.742E-2
10.152	8.999E-4	3.716E-2
10.161	2.642E-4	3.699E-2
10.169	-3.864E-4	3.693E-2
10.177	-9.492E-4	3.697E-2
10.186	-1.386E-3	3.716E-2
10.194	-1.644E-3	3.740E-2
10.203	-1.666E-3	3.768E-2
10.211	-1.537E-3	3.795E-2
10.219	-1.169E-3	3.821E-2
10.228	-6.514E-4	3.843E-2
10.236	-1.127E-5	3.858E-2
10.244	6.763E-4	3.860E-2
10.253	1.341E-3	3.855E-2
10.261	1.869E-3	3.845E-2
10.270	2.164E-3	3.829E-2
10.278	2.267E-3	3.809E-2
10.286	2.115E-3	3.788E-2
10.295	1.670E-3	3.771E-2
10.303	1.053E-3	3.758E-2
10.311	3.451E-4	3.751E-2
10.320	-3.647E-4	3.751E-2
10.328	-1.008E-3	3.755E-2
10.337	-1.510E-3	3.759E-2
10.345	-1.822E-3	3.770E-2
10.353	-1.864E-3	3.780E-2
10.362	-1.681E-3	3.789E-2
10.370	-1.337E-3	3.800E-2
10.378	-7.986E-4	3.807E-2
10.387	-1.435E-4	3.808E-2
10.395	5.539E-4	3.812E-2
10.404	1.242E-3	3.812E-2
10.412	1.809E-3	3.811E-2
10.420	2.141E-3	3.810E-2
10.429	2.287E-3	3.809E-2
10.437	2.103E-3	3.809E-2
10.445	1.674E-3	3.809E-2
10.454	1.045E-3	3.808E-2
10.462	3.424E-4	3.807E-2
10.471	-3.669E-4	3.805E-2
10.479	-1.015E-3	3.802E-2
10.487	-1.520E-3	3.798E-2
10.496	-1.828E-3	3.788E-2
10.504	-1.876E-3	3.781E-2
10.513	-1.721E-3	3.770E-2
10.521	-1.397E-3	3.762E-2
10.529	-8.726E-4	3.758E-2
10.538	-2.088E-4	3.759E-2
10.546	4.945E-4	3.759E-2
10.554	1.167E-3	3.768E-2
10.563	1.716E-3	3.780E-2
10.571	2.072E-3	3.798E-2
10.580	2.156E-3	3.816E-2
10.588	2.036E-3	3.832E-2
10.596	1.639E-3	3.850E-2
10.605	1.055E-3	3.859E-2
10.613	3.886E-4	3.861E-2
10.621	-2.778E-4	3.856E-2
10.630	-8.721E-4	3.844E-2
10.638	-1.349E-3	3.827E-2
10.647	-1.624E-3	3.802E-2
10.655	-1.673E-3	3.775E-2
10.663	-1.575E-3	3.752E-2
10.672	-1.244E-3	3.731E-2
10.680	-7.931E-4	3.717E-2
10.688	-2.187E-4	3.712E-2
10.697	4.387E-4	3.715E-2
10.705	1.027E-3	3.735E-2
10.714	1.537E-3	3.761E-2
10.722	1.841E-3	3.791E-2
10.730	1.948E-3	3.827E-2
10.739	1.834E-3	3.860E-2
10.747	1.495E-3	3.887E-2
10.755	9.949E-4	3.904E-2
10.764	4.436E-4	3.908E-2
10.772	-1.413E-4	3.900E-2
10.781	-6.663E-4	3.878E-2
10.789	-1.102E-3	3.846E-2
10.797	-1.369E-3	3.807E-2
10.806	-1.414E-3	3.762E-2
10.814	-1.357E-3	3.720E-2
10.822	-1.096E-3	3.688E-2
10.831	-6.879E-4	3.667E-2
10.839	-2.034E-4	3.662E-2
10.848	3.096E-4	3.671E-2
10.856	8.178E-4	3.697E-2
10.864	1.225E-3	3.736E-2
10.873	1.496E-3	3.784E-2
10.881	1.587E-3	3.834E-2
10.889	1.573E-3	3.879E-2
10.898	1.355E-3	3.919E-2
10.906	9.695E-4	3.944E-2
10.915	5.286E-4	3.949E-2
10.923	6.308E-5	3.938E-2
10.931	-3.605E-4	3.909E-2
10.940	-7.021E-4	3.862E-2
10.948	-9.324E-4	3.807E-2
10.956	-1.037E-3	3.751E-2
10.965	-1.001E-3	3.700E-2
10.973	-8.772E-4	3.658E-2
10.982	-6.050E-4	3.635E-2
10.990	-2.520E-4	3.629E-2
10.998	1.560E-4	3.642E-2
11.007	4.893E-4	3.676E-2
11.015	8.446E-4	3.725E-2
11.023	1.064E-3	3.781E-2
11.032	1.150E-3	3.843E-2
11.040	1.164E-3	3.900E-2
11.049	1.078E-3	3.945E-2
11.057	8.107E-4	3.970E-2
11.065	5.099E-4	3.972E-2
11.074	2.082E-4	3.956E-2
11.082	-6.022E-5	3.919E-2
11.090	-3.786E-4	3.868E-2
11.099	-5.867E-4	3.806E-2
11.107	-7.093E-4	3.741E-2
11.116	-6.990E-4	3.682E-2
11.124	-6.603E-4	3.638E-2
11.132	-5.095E-4	3.615E-2
11.141	-2.961E-4	3.612E-2
11.149	-1.172E-4	3.631E-2
11.157	9.913E-5	3.670E-2
11.166	3.081E-4	3.725E-2
11.174	5.015E-4	3.791E-2
11.183	6.615E-4	3.856E-2
11.191	7.562E-4	3.913E-2
11.199	7.563E-4	3.962E-2
11.208	7.127E-4	3.990E-2
11.216	5.928E-4	3.991E-2
11.225	4.424E-4	3.971E-2
11.233	2.790E-4	3.928E-2
11.241	1.053E-4	3.869E-2
11.250	-8.682E-5	3.804E-2
11.258	-2.441E-4	3.736E-2
11.266	-3.710E-4	3.675E-2
11.275	-4.391E-4	3.627E-2
11.283	-4.617E-4	3.602E-2
11.292	-4.409E-4	3.600E-2
11.300	-3.824E-4	3.623E-2
11.308	-2.728E-4	3.665E-2
11.317	-1.262E-4	3.725E-2
11.325	2.519E-5	3.793E-2
11.333	2.016E-4	3.859E-2
11.342	4.004E-4	3.917E-2
11.350	5.089E-4	3.962E-2
11.359	6.431E-4	3.988E-2
11.367	7.276E-4	3.990E-2
11.375	7.337E-4	3.966E-2
11.384	7.186E-4	3.922E-2
11.392	6.412E-4	3.863E-2
11.400	4.813E-4	3.795E-2
11.409	2.981E-4	3.728E-2
11.417	8.387E-5	3.671E-2
11.426	-1.434E-4	3.628E-2
11.434	-3.328E-4	3.607E-2
11.442	-4.992E-4	3.606E-2
11.451	-5.713E-4	3.629E-2
11.459	-6.369E-4	3.671E-2
11.467	-5.832E-4	3.728E-2
11.476	-4.779E-4	3.797E-2
11.484	-2.462E-4	3.862E-2
11.493	1.389E-5	3.915E-2
11.501	2.983E-4	3.954E-2
11.509	5.791E-4	3.972E-2
11.518	8.102E-4	3.969E-2
11.526	9.871E-4	3.945E-2
11.534	1.082E-3	3.902E-2
11.543	1.022E-3	3.847E-2
11.551	8.905E-4	3.788E-2
11.560	6.786E-4	3.729E-2
11.568	3.770E-4	3.678E-2
11.576	3.371E-6	3.641E-2
11.585	-3.484E-4	3.625E-2
11.593	-6.564E-4	3.629E-2
11.601	-8.915E-4	3.652E-2
11.610	-1.044E-3	3.692E-2
11.618	-1.083E-3	3.742E-2
11.627	-9.315E-4	3.800E-2
11.635	-6.906E-4	3.856E-2
11.643	-3.529E-4	3.901E-2
11.652	4.477E-5	3.932E-2
11.660	4.715E-4	3.944E-2
11.668	8.949E-4	3.941E-2
11.677	1.231E-3	3.919E-2
11.685	1.416E-3	3.882E-2
11.694	1.456E-3	3.833E-2
11.702	1.360E-3	3.783E-2
11.710	1.109E-3	3.736E-2
11.719	7.014E-4	3.695E-2
11.727	2.402E-4	3.667E-2
11.735	-2.447E-4	3.656E-2
11.744	-6.732E-4	3.661E-2
11.752	-1.035E-3	3.685E-2
11.761	-1.266E-3	3.718E-2
11.769	-1.354E-3	3.758E-2
11.777	-1.210E-3	3.804E-2
11.786	-9.379E-4	3.847E-2
11.794	-4.958E-4	3.881E-2
11.802	1.251E-5	3.903E-2
11.811	5.305E-4	3.911E-2
11.819	1.046E-3	3.904E-2
11.828	1.462E-3	3.885E-2
11.836	1.767E-3	3.855E-2
11.844	1.842E-3	3.819E-2
11.853	1.708E-3	3.781E-2
11.861	1.398E-3	3.748E-2
11.870	9.280E-4	3.718E-2
11.878	3.505E-4	3.700E-2
11.886	-2.390E-4	3.693E-2
11.895	-7.700E-4	3.696E-2
11.903	-1.219E-3	3.713E-2
11.911	-1.456E-3	3.737E-2
11.920	-1.607E-3	3.764E-2
11.928	-1.470E-3	3.792E-2
11.937	-1.194E-3	3.817E-2
11.945	-7.113E-4	3.837E-2
11.953	-1.547E-4	3.852E-2
11.962	4.698E-4	3.858E-2
11.970	1.056E-3	3.854E-2
11.978	1.579E-3	3.844E-2
11.987	1.905E-3	3.830E-2
11.995	2.061E-3	3.810E-2
12.004	1.917E-3	3.788E-2
12.012	1.605E-3	3.769E-2
12.020	1.065E-3	3.756E-2
12.029	4.427E-4	3.747E-2
12.037	-2.043E-4	3.741E-2
12.045	-8.146E-4	3.741E-2
12.054	-1.316E-3	3.748E-2
12.062	-1.619E-3	3.759E-2
12.071	-1.675E-3	3.770E-2
12.079	-1.599E-3	3.781E-2
12.087	-1.290E-3	3.792E-2
12.096	-8.355E-4	3.801E-2
12.104	-2.238E-4	3.807E-2
12.112	4.517E-4	3.810E-2
12.121	1.084E-3	3.810E-2
12.129	1.613E-3	3.809E-2
12.138	1.957E-3	3.807E-2
12.146	2.105E-3	3.807E-2
12.154	2.014E-3	3.804E-2
12.163	1.630E-3	3.802E-2
12.171	1.111E-3	3.802E-2
12.179	4.869E-4	3.802E-2
12.188	-1.888E-4	3.802E-2
12.196	-8.040E-4	3.802E-2
12.205	-1.312E-3	3.796E-2
12.213	-1.622E-3	3.787E-2
12.221	-1.693E-3	3.782E-2
12.230	-1.645E-3	3.777E-2
12.238	-1.345E-3	3.771E-2
12.246	-8.806E-4	3.767E-2
12.255	-2.711E-4	3.765E-2
12.263	3.773E-4	3.764E-2
12.272	9.925E-4	3.768E-2
12.280	1.544E-3	3.777E-2
12.288	1.868E-3	3.790E-2
12.297	2.051E-3	3.807E-2
12.305	1.927E-3	3.821E-2
12.313	1.612E-3	3.835E-2
12.322	1.125E-3	3.845E-2
12.330	5.188E-4	3.848E-2
12.339	-1.196E-4	3.850E-2
12.347	-6.924E-4	3.839E-2
12.355	-1.164E-3	3.823E-2
12.364	-1.435E-3	3.805E-2
12.372	-1.577E-3	3.782E-2
12.380	-1.475E-3	3.760E-2
12.389	-1.218E-3	3.740E-2
12.397	-7.902E-4	3.724E-2
12.406	-2.457E-4	3.718E-2
12.414	3.360E-4	3.717E-2
12.422	9.225E-4	3.733E-2
12.431	1.414E-3	3.756E-2
12.439	1.761E-3	3.783E-2
12.447	1.864E-3	3.813E-2
12.456	1.827E-3	3.845E-2
12.464	1.526E-3	3.873E-2
12.473	1.065E-3	3.891E-2
12.481	5.198E-4	3.901E-2
12.489	-2.069E-5	3.896E-2
12.498	-5.125E-4	3.878E-2
12.506	-9.246E-4	3.851E-2
12.514	-1.188E-3	3.816E-2
12.523	-1.334E-3	3.777E-2
12.531	-1.282E-3	3.741E-2
12.540	-1.082E-3	3.710E-2
12.548	-7.027E-4	3.688E-2
12.556	-2.400E-4	3.680E-2
12.565	2.683E-4	3.678E-2
12.573	7.404E-4	3.700E-2
12.582	1.176E-3	3.733E-2
12.590	1.443E-3	3.774E-2
12.598	1.613E-3	3.821E-2
12.607	1.575E-3	3.867E-2
12.615	1.387E-3	3.903E-2
12.623	1.023E-3	3.926E-2
12.632	6.042E-4	3.934E-2
12.640	1.490E-4	3.925E-2
12.649	-2.691E-4	3.901E-2
12.657	-6.312E-4	3.863E-2
12.665	-8.911E-4	3.814E-2
12.674	-9.742E-4	3.762E-2
12.682	-9.429E-4	3.715E-2
12.690	-8.146E-4	3.674E-2
12.699	-5.733E-4	3.648E-2
12.707	-2.436E-4	3.638E-2
12.716	1.445E-4	3.649E-2
12.724	4.827E-4	3.676E-2
12.732	8.241E-4	3.717E-2
12.741	1.049E-3	3.768E-2
12.749	1.159E-3	3.821E-2
12.757	1.170E-3	3.877E-2
12.766	1.114E-3	3.920E-2
12.774	9.126E-4	3.948E-2
12.783	6.542E-4	3.957E-2
12.791	3.295E-4	3.944E-2
12.799	2.312E-5	3.915E-2
12.808	-2.297E-4	3.870E-2
12.816	-4.419E-4	3.814E-2
12.824	-5.575E-4	3.754E-2
12.833	-6.340E-4	3.700E-2
12.841	-5.806E-4	3.653E-2
12.850	-4.692E-4	3.625E-2
12.858	-2.527E-4	3.618E-2
12.866	-1.322E-5	3.630E-2
12.875	2.362E-4	3.665E-2
12.883	4.694E-4	3.714E-2
12.891	6.717E-4	3.772E-2
12.900	7.762E-4	3.833E-2
12.908	8.899E-4	3.891E-2
12.917	9.113E-4	3.939E-2
12.925	8.456E-4	3.968E-2
12.933	7.068E-4	3.973E-2
12.942	5.282E-4	3.960E-2
12.950	3.636E-4	3.926E-2
12.958	2.032E-4	3.874E-2
12.967	2.032E-5	3.811E-2
12.975	-1.516E-4	3.747E-2
12.984	-2.230E-4	3.688E-2
12.992	-2.633E-4	3.644E-2
13.000	-2.693E-4	3.618E-2
13.009	-2.215E-4	3.615E-2
13.017	-1.835E-4	3.632E-2
13.025	-7.476E-5	3.667E-2
13.034	2.706E-5	3.719E-2
13.042	2.112E-4	3.782E-2
13.051	3.115E-4	3.846E-2
13.059	4.748E-4	3.903E-2
13.067	5.894E-4	3.946E-2
13.076	6.916E-4	3.971E-2
13.084	7.103E-4	3.971E-2
13.092	7.331E-4	3.956E-2
13.101	7.108E-4	3.919E-2
13.109	6.407E-4	3.867E-2
13.118	4.935E-4	3.806E-2
13.126	3.157E-4	3.743E-2
13.134	1.561E-4	3.687E-2
13.143	-3.541E-5	3.646E-2
13.151	-2.096E-4	3.622E-2
13.159	-3.627E-4	3.621E-2
13.168	-4.459E-4	3.639E-2
13.176	-4.518E-4	3.675E-2
13.185	-4.437E-4	3.727E-2
13.193	-2.728E-4	3.789E-2
13.201	-1.191E-4	3.850E-2
13.210	7.855E-5	3.903E-2
13.218	3.068E-4	3.942E-2
13.226	5.404E-4	3.966E-2
13.235	7.541E-4	3.967E-2
13.243	9.241E-4	3.948E-2
13.252	1.012E-3	3.908E-2
13.260	9.940E-4	3.857E-2
13.268	9.011E-4	3.802E-2
13.277	7.056E-4	3.744E-2
13.285	4.544E-4	3.693E-2
13.294	1.828E-4	3.657E-2
13.302	-1.568E-4	3.637E-2
13.310	-4.380E-4	3.639E-2
13.319	-6.665E-4	3.659E-2
13.327	-7.417E-4	3.695E-2
13.335	-7.585E-4	3.742E-2
13.344	-6.942E-4	3.795E-2
13.352	-4.875E-4	3.845E-2
13.361	-2.126E-4	3.893E-2
13.369	1.472E-4	3.926E-2
13.377	4.887E-4	3.943E-2
13.386	8.860E-4	3.944E-2
13.394	1.183E-3	3.924E-2
13.402	1.393E-3	3.891E-2
13.411	1.431E-3	3.849E-2
13.419	1.378E-3	3.802E-2
13.428	1.151E-3	3.755E-2
13.436	7.715E-4	3.714E-2
13.444	3.503E-4	3.685E-2
13.453	-1.031E-4	3.671E-2
13.461	-5.060E-4	3.672E-2
13.469	-8.624E-4	3.690E-2
13.478	-1.093E-3	3.718E-2
13.486	-1.157E-3	3.759E-2
13.495	-1.097E-3	3.802E-2
13.503	-8.735E-4	3.845E-2
13.511	-4.945E-4	3.879E-2
13.520	-3.678E-5	3.902E-2
13.528	4.537E-4	3.912E-2
13.536	9.375E-4	3.907E-2
13.545	1.367E-3	3.892E-2
13.553	1.643E-3	3.864E-2
13.562	1.720E-3	3.829E-2
13.570	1.653E-3	3.794E-2
13.578	1.409E-3	3.758E-2
13.587	9.737E-4	3.730E-2
13.595	4.760E-4	3.712E-2
13.603	-4.691E-5	3.703E-2
13.612	-5.564E-4	3.704E-2
13.620	-9.721E-4	3.717E-2
13.629	-1.260E-3	3.739E-2
13.637	-1.382E-3	3.764E-2
13.645	-1.339E-3	3.794E-2
13.654	-1.092E-3	3.819E-2
13.662	-6.817E-4	3.840E-2
13.670	-1.829E-4	3.855E-2
13.679	3.760E-4	3.860E-2
13.687	9.245E-4	3.858E-2
13.696	1.413E-3	3.849E-2
13.704	1.768E-3	3.832E-2
13.712	1.875E-3	3.812E-2
13.721	1.842E-3	3.790E-2
13.729	1.576E-3	3.770E-2
13.737	1.127E-3	3.755E-2
13.746	5.489E-4	3.743E-2
13.754	-4.161E-5	3.741E-2
13.763	-6.083E-4	3.741E-2
13.771	-1.091E-3	3.746E-2
13.779	-1.390E-3	3.757E-2
13.788	-1.555E-3	3.768E-2
13.796	-1.460E-3	3.782E-2
13.804	-1.230E-3	3.793E-2
13.813	-8.640E-4	3.805E-2
13.821	-3.120E-4	3.810E-2
13.830	2.708E-4	3.812E-2
13.838	8.806E-4	3.812E-2
13.846	1.423E-3	3.810E-2
13.855	1.820E-3	3.810E-2
13.863	1.957E-3	3.804E-2
13.871	1.882E-3	3.799E-2
13.880	1.614E-3	3.796E-2
13.888	1.160E-3	3.790E-2
13.897	5.601E-4	3.787E-2
13.905	-4.383E-5	3.787E-2
13.913	-6.245E-4	3.785E-2
13.922	-1.118E-3	3.782E-2
13.930	-1.409E-3	3.781E-2
13.938	-1.577E-3	3.779E-2
13.947	-1.522E-3	3.777E-2
13.955	-1.283E-3	3.779E-2
13.964	-8.870E-4	3.778E-2
13.972	-3.563E-4	3.776E-2
13.980	2.590E-4	3.779E-2
13.989	8.572E-4	3.784E-2
13.997	1.370E-3	3.788E-2
14.006	1.752E-3	3.797E-2
14.014	1.880E-3	3.810E-2
14.022	1.845E-3	3.821E-2
14.031	1.595E-3	3.833E-2
14.039	1.163E-3	3.839E-2
14.047	5.929E-4	3.843E-2
14.056	-5.488E-6	3.839E-2
14.064	-5.575E-4	3.832E-2
14.073	-1.044E-3	3.818E-2
14.081	-1.379E-3	3.800E-2
14.089	-1.494E-3	3.783E-2
14.098	-1.446E-3	3.764E-2
14.106	-1.208E-3	3.745E-2
14.114	-8.282E-4	3.734E-2
14.123	-3.430E-4	3.729E-2
14.131	2.185E-4	3.731E-2
14.140	7.642E-4	3.741E-2
14.148	1.246E-3	3.758E-2
14.156	1.598E-3	3.781E-2
14.165	1.787E-3	3.806E-2
14.173	1.727E-3	3.834E-2
14.181	1.441E-3	3.857E-2
14.190	1.054E-3	3.874E-2
14.198	5.400E-4	3.881E-2
14.207	1.334E-5	3.880E-2
14.215	-4.680E-4	3.869E-2
14.223	-8.837E-4	3.847E-2
14.232	-1.176E-3	3.819E-2
14.240	-1.299E-3	3.783E-2
14.248	-1.276E-3	3.750E-2
14.257	-1.119E-3	3.718E-2
14.265	-7.621E-4	3.696E-2
14.274	-3.919E-4	3.686E-2
14.282	8.313E-5	3.689E-2
14.290	5.421E-4	3.707E-2
14.299	9.673E-4	3.735E-2
14.307	1.257E-3	3.770E-2
14.315	1.402E-3	3.808E-2
14.324	1.409E-3	3.850E-2
14.332	1.225E-3	3.884E-2
14.341	9.287E-4	3.905E-2
14.349	5.258E-4	3.917E-2
14.357	9.990E-5	3.914E-2
14.366	-3.195E-4	3.898E-2
14.374	-6.755E-4	3.865E-2
14.382	-9.117E-4	3.823E-2
14.391	-1.056E-3	3.778E-2
14.399	-1.085E-3	3.735E-2
14.408	-9.385E-4	3.696E-2
14.416	-6.939E-4	3.669E-2
14.424	-3.864E-4	3.659E-2
14.433	-5.966E-6	3.666E-2
14.441	3.643E-4	3.689E-2
14.449	6.786E-4	3.723E-2
14.458	9.409E-4	3.766E-2
14.466	1.120E-3	3.816E-2
14.475	1.144E-3	3.863E-2
14.483	1.107E-3	3.903E-2
14.491	9.126E-4	3.931E-2
14.500	6.633E-4	3.941E-2
14.508	3.527E-4	3.937E-2
14.516	3.272E-5	3.915E-2
14.525	-2.276E-4	3.876E-2
14.533	-4.391E-4	3.825E-2
14.542	-5.412E-4	3.770E-2
14.550	-6.425E-4	3.718E-2
14.558	-5.917E-4	3.676E-2
14.567	-4.722E-4	3.645E-2
14.575	-2.590E-4	3.634E-2
14.583	-1.518E-5	3.646E-2
14.592	2.335E-4	3.672E-2
14.600	4.666E-4	3.714E-2
14.609	6.751E-4	3.765E-2
14.617	7.813E-4	3.822E-2
14.625	8.831E-4	3.877E-2
14.634	9.030E-4	3.922E-2
14.642	8.152E-4	3.951E-2
14.650	6.985E-4	3.962E-2
14.659	5.145E-4	3.951E-2
14.667	3.278E-4	3.922E-2
14.676	1.906E-4	3.877E-2
14.684	1.876E-5	3.822E-2
14.692	-1.419E-4	3.764E-2
14.701	-2.198E-4	3.709E-2
14.709	-2.492E-4	3.666E-2
14.718	-2.391E-4	3.637E-2
14.726	-2.025E-4	3.628E-2
14.734	-1.661E-4	3.640E-2
14.743	-2.047E-5	3.670E-2
14.751	7.695E-5	3.717E-2
14.759	2.486E-4	3.771E-2
14.768	3.615E-4	3.828E-2
14.776	4.766E-4	3.884E-2
14.785	5.706E-4	3.928E-2
14.793	6.701E-4	3.954E-2
14.801	7.058E-4	3.961E-2
14.810	7.062E-4	3.949E-2
14.818	6.750E-4	3.917E-2
14.826	5.483E-4	3.872E-2
14.835	4.578E-4	3.816E-2
14.843	2.876E-4	3.756E-2
14.852	1.371E-4	3.702E-2
14.860	-1.414E-5	3.660E-2
14.868	-1.798E-4	3.636E-2
14.877	-2.463E-4	3.631E-2
14.885	-3.580E-4	3.643E-2
14.893	-3.794E-4	3.675E-2
14.902	-3.732E-4	3.721E-2
14.910	-2.479E-4	3.775E-2
14.919	-6.666E-5	3.833E-2
14.927	6.588E-5	3.883E-2
14.935	2.673E-4	3.923E-2
14.944	4.836E-4	3.948E-2
14.952	6.830E-4	3.951E-2
14.960	8.538E-4	3.939E-2
14.969	8.998E-4	3.906E-2
14.977	9.159E-4	3.861E-2
14.986	8.396E-4	3.805E-2
14.994	6.638E-4	3.751E-2
15.002	4.509E-4	3.705E-2
15.011	2.177E-4	3.669E-2
15.019	-5.063E-5	3.648E-2
15.027	-2.889E-4	3.644E-2
15.036	-4.636E-4	3.658E-2
15.044	-6.304E-4	3.691E-2
15.053	-6.451E-4	3.737E-2
15.061	-6.286E-4	3.785E-2
15.069	-4.421E-4	3.835E-2
15.078	-2.013E-4	3.879E-2
15.086	1.036E-4	3.914E-2
15.094	4.491E-4	3.933E-2
15.103	7.499E-4	3.930E-2
15.111	1.021E-3	3.919E-2
15.120	1.193E-3	3.889E-2
15.128	1.256E-3	3.846E-2
15.136	1.187E-3	3.802E-2
15.145	1.001E-3	3.757E-2
15.153	7.065E-4	3.716E-2
15.161	3.387E-4	3.688E-2
15.170	-4.262E-5	3.671E-2
15.178	-4.205E-4	3.670E-2
15.187	-7.033E-4	3.684E-2
15.195	-9.240E-4	3.714E-2
15.203	-9.774E-4	3.749E-2
15.212	-9.326E-4	3.788E-2
15.220	-7.089E-4	3.828E-2
15.228	-4.334E-4	3.863E-2
15.237	-3.159E-5	3.887E-2
15.245	4.127E-4	3.900E-2
15.254	8.488E-4	3.900E-2
15.262	1.204E-3	3.887E-2
15.270	1.451E-3	3.861E-2
15.279	1.614E-3	3.831E-2
15.287	1.568E-3	3.794E-2
15.295	1.389E-3	3.759E-2
15.304	1.006E-3	3.731E-2
15.312	5.380E-4	3.710E-2
15.321	5.127E-5	3.701E-2
15.329	-4.172E-4	3.700E-2
15.337	-8.326E-4	3.711E-2
15.346	-1.125E-3	3.731E-2
15.354	-1.241E-3	3.760E-2
15.363	-1.257E-3	3.788E-2
15.371	-1.055E-3	3.815E-2
15.379	-7.052E-4	3.837E-2
15.388	-2.490E-4	3.854E-2
15.396	2.659E-4	3.860E-2
15.404	7.694E-4	3.859E-2
15.413	1.230E-3	3.851E-2
15.421	1.591E-3	3.836E-2
15.430	1.751E-3	3.813E-2
15.438	1.681E-3	3.792E-2
15.446	1.454E-3	3.770E-2
15.455	1.057E-3	3.753E-2
15.463	5.340E-4	3.742E-2
15.471	-1.233E-5	3.737E-2
15.480	-5.084E-4	3.738E-2
15.488	-9.484E-4	3.742E-2
15.497	-1.268E-3	3.755E-2
15.505	-1.413E-3	3.768E-2
15.513	-1.393E-3	3.783E-2
15.522	-1.162E-3	3.797E-2
15.530	-7.949E-4	3.810E-2
15.538	-3.330E-4	3.816E-2
15.547	2.132E-4	3.820E-2
15.555	7.663E-4	3.823E-2
15.564	1.273E-3	3.825E-2
15.572	1.627E-3	3.817E-2
15.580	1.844E-3	3.809E-2
15.589	1.848E-3	3.803E-2
15.597	1.612E-3	3.799E-2
15.605	1.197E-3	3.793E-2
15.614	6.679E-4	3.790E-2
15.622	8.629E-5	3.785E-2
15.631	-4.501E-4	3.784E-2
15.639	-9.178E-4	3.783E-2
15.647	-1.256E-3	3.783E-2
15.656	-1.423E-3	3.783E-2
15.664	-1.383E-3	3.783E-2
15.672	-1.171E-3	3.783E-2
15.681	-8.271E-4	3.783E-2
15.689	-3.380E-4	3.782E-2
15.698	2.237E-4	3.783E-2
15.706	7.674E-4	3.786E-2
15.714	1.259E-3	3.787E-2
15.723	1.628E-3	3.797E-2
15.731	1.848E-3	3.806E-2
15.739	1.849E-3	3.814E-2
15.748	1.618E-3	3.820E-2
15.756	1.219E-3	3.829E-2
15.765	6.992E-4	3.832E-2
15.773	1.442E-4	3.832E-2
15.781	-4.078E-4	3.828E-2
15.790	-8.760E-4	3.818E-2
15.798	-1.179E-3	3.805E-2
15.806	-1.355E-3	3.788E-2
15.815	-1.349E-3	3.772E-2
15.823	-1.147E-3	3.757E-2
15.832	-8.104E-4	3.745E-2
15.840	-3.747E-4	3.738E-2
15.848	1.493E-4	3.738E-2
15.857	6.621E-4	3.743E-2
15.865	1.161E-3	3.756E-2
15.873	1.497E-3	3.777E-2
15.882	1.657E-3	3.802E-2
15.890	1.651E-3	3.826E-2
15.899	1.455E-3	3.848E-2
15.907	1.129E-3	3.862E-2
15.915	6.766E-4	3.872E-2
15.924	1.892E-4	3.873E-2
15.932	-2.724E-4	3.863E-2
15.940	-6.717E-4	3.845E-2
15.949	-9.635E-4	3.822E-2
15.957	-1.129E-3	3.793E-2
15.966	-1.130E-3	3.762E-2
15.974	-9.451E-4	3.735E-2
15.982	-6.572E-4	3.716E-2
15.991	-2.639E-4	3.704E-2
15.999	1.965E-4	3.707E-2
16.007	6.677E-4	3.718E-2
16.016	1.064E-3	3.740E-2
16.024	1.376E-3	3.769E-2
16.033	1.507E-3	3.805E-2
16.041	1.480E-3	3.840E-2
16.049	1.369E-3	3.870E-2
16.058	1.080E-3	3.896E-2
16.066	6.861E-4	3.906E-2
16.075	2.744E-4	3.904E-2
16.083	-1.394E-4	3.890E-2
16.091	-4.680E-4	3.864E-2
16.100	-6.940E-4	3.827E-2
16.108	-8.870E-4	3.787E-2
16.116	-8.998E-4	3.745E-2
16.125	-7.527E-4	3.710E-2
16.133	-5.533E-4	3.683E-2
16.142	-2.526E-4	3.671E-2
16.150	7.860E-5	3.672E-2
16.158	4.509E-4	3.690E-2
16.167	7.522E-4	3.718E-2
16.175	9.853E-4	3.759E-2
16.183	1.174E-3	3.807E-2
16.192	1.182E-3	3.853E-2
16.200	1.153E-3	3.892E-2
16.209	9.531E-4	3.920E-2
16.217	7.068E-4	3.933E-2
16.225	4.058E-4	3.927E-2
16.234	5.966E-5	3.907E-2
16.242	-2.121E-4	3.872E-2
16.250	-4.263E-4	3.829E-2
16.259	-5.137E-4	3.780E-2
16.267	-5.810E-4	3.735E-2
16.276	-5.169E-4	3.692E-2
16.284	-4.261E-4	3.664E-2
16.292	-2.245E-4	3.650E-2
16.301	1.039E-5	3.654E-2
16.309	2.533E-4	3.674E-2
16.317	4.814E-4	3.710E-2
16.326	6.870E-4	3.758E-2
16.334	7.918E-4	3.810E-2
16.343	8.713E-4	3.861E-2
16.351	9.128E-4	3.902E-2
16.359	8.135E-4	3.932E-2
16.368	7.002E-4	3.944E-2
16.376	5.096E-4	3.940E-2
16.384	3.109E-4	3.917E-2
16.393	1.595E-4	3.878E-2
16.401	-1.184E-5	3.828E-2
16.410	-1.762E-4	3.775E-2
16.418	-2.276E-4	3.724E-2
16.426	-2.508E-4	3.679E-2
16.435	-2.335E-4	3.648E-2
16.443	-2.003E-4	3.638E-2
16.451	-1.285E-4	3.645E-2
16.460	2.032E-6	3.670E-2
16.468	1.151E-4	3.711E-2
16.477	2.417E-4	3.762E-2
16.485	3.707E-4	3.816E-2
16.493	4.668E-4	3.868E-2
16.502	5.317E-4	3.915E-2
16.510	6.279E-4	3.945E-2
16.518	6.162E-4	3.954E-2
16.527	5.736E-4	3.945E-2
16.535	4.902E-4	3.918E-2
16.544	4.317E-4	3.878E-2
16.552	3.337E-4	3.825E-2
16.560	1.933E-4	3.769E-2
16.569	5.315E-5	3.717E-2
16.577	-4.853E-5	3.675E-2
16.585	-1.810E-4	3.646E-2
16.594	-2.394E-4	3.638E-2
16.602	-2.410E-4	3.648E-2
16.611	-2.395E-4	3.676E-2
16.619	-2.228E-4	3.716E-2
16.627	-1.713E-4	3.765E-2
16.636	8.151E-7	3.818E-2
16.644	1.801E-4	3.867E-2
16.652	3.239E-4	3.910E-2
16.661	4.971E-4	3.933E-2
16.669	6.920E-4	3.940E-2
16.678	7.756E-4	3.932E-2
16.686	8.777E-4	3.903E-2
16.694	8.993E-4	3.861E-2
16.703	7.906E-4	3.810E-2
16.711	6.766E-4	3.759E-2
16.719	4.827E-4	3.713E-2
16.728	2.589E-4	3.675E-2
16.736	2.069E-5	3.651E-2
16.745	-2.086E-4	3.645E-2
16.753	-4.084E-4	3.657E-2
16.761	-4.747E-4	3.683E-2
16.770	-5.206E-4	3.723E-2
16.778	-4.462E-4	3.768E-2
16.787	-3.570E-4	3.814E-2
16.795	-1.586E-4	3.859E-2
16.803	1.001E-4	3.895E-2
16.812	4.092E-4	3.917E-2
16.820	7.041E-4	3.924E-2
16.828	9.488E-4	3.912E-2
16.837	1.154E-3	3.885E-2
16.845	1.204E-3	3.846E-2
16.854	1.186E-3	3.806E-2
16.862	9.830E-4	3.760E-2
16.870	7.384E-4	3.720E-2
16.879	4.449E-4	3.690E-2
16.887	6.801E-5	3.672E-2
16.895	-2.442E-4	3.668E-2
16.904	-5.224E-4	3.679E-2
16.912	-6.925E-4	3.702E-2
16.921	-8.491E-4	3.736E-2
16.929	-8.399E-4	3.776E-2
16.937	-6.693E-4	3.816E-2
16.946	-4.269E-4	3.851E-2
16.954	-5.979E-5	3.879E-2
16.962	2.768E-4	3.895E-2
16.971	6.902E-4	3.897E-2
16.979	1.028E-3	3.889E-2
16.988	1.295E-3	3.864E-2
16.996	1.403E-3	3.833E-2
17.004	1.404E-3	3.799E-2
17.013	1.221E-3	3.765E-2
17.021	9.287E-4	3.736E-2
17.029	5.240E-4	3.714E-2
17.038	8.352E-5	3.702E-2
17.046	-3.556E-4	3.698E-2
17.055	-7.121E-4	3.708E-2
17.063	-9.681E-4	3.728E-2
17.071	-1.131E-3	3.756E-2
17.080	-1.127E-3	3.785E-2
17.088	-9.399E-4	3.812E-2
17.096	-6.504E-4	3.835E-2
17.105	-2.329E-4	3.854E-2
17.113	2.385E-4	3.863E-2
17.122	7.073E-4	3.862E-2
17.130	1.150E-3	3.854E-2
17.138	1.453E-3	3.839E-2
17.147	1.643E-3	3.817E-2
17.155	1.646E-3	3.794E-2
17.163	1.444E-3	3.769E-2
17.172	1.130E-3	3.752E-2
17.180	6.832E-4	3.741E-2
17.189	1.880E-4	3.735E-2
17.197	-2.843E-4	3.736E-2
17.205	-6.964E-4	3.741E-2
17.214	-1.053E-3	3.752E-2
17.222	-1.213E-3	3.766E-2
17.230	-1.184E-3	3.783E-2
17.239	-1.032E-3	3.800E-2
17.247	-7.074E-4	3.812E-2
17.256	-2.686E-4	3.821E-2
17.264	2.400E-4	3.829E-2
17.272	7.496E-4	3.829E-2
17.281	1.216E-3	3.827E-2
17.289	1.591E-3	3.822E-2
17.297	1.781E-3	3.814E-2
17.306	1.740E-3	3.805E-2
17.314	1.573E-3	3.798E-2
17.323	1.212E-3	3.793E-2
17.331	7.292E-4	3.785E-2
17.339	2.178E-4	3.783E-2
17.348	-2.998E-4	3.783E-2
17.356	-7.779E-4	3.783E-2
17.364	-1.147E-3	3.783E-2
17.373	-1.332E-3	3.784E-2
17.381	-1.341E-3	3.784E-2
17.390	-1.167E-3	3.786E-2
17.398	-8.464E-4	3.786E-2
17.406	-4.048E-4	3.786E-2
17.415	9.461E-5	3.786E-2
17.423	6.256E-4	3.786E-2
17.431	1.103E-3	3.788E-2
17.440	1.467E-3	3.793E-2
17.448	1.663E-3	3.800E-2
17.457	1.674E-3	3.807E-2
17.465	1.494E-3	3.811E-2
17.473	1.153E-3	3.815E-2
17.482	6.945E-4	3.815E-2
17.490	1.919E-4	3.815E-2
17.499	-3.124E-4	3.812E-2
17.507	-7.440E-4	3.807E-2
17.515	-1.104E-3	3.796E-2
17.524	-1.273E-3	3.783E-2
17.532	-1.299E-3	3.770E-2
17.540	-1.158E-3	3.758E-2
17.549	-8.524E-4	3.749E-2
17.557	-4.333E-4	3.741E-2
17.566	5.747E-5	3.740E-2
17.574	5.446E-4	3.744E-2
17.582	1.001E-3	3.756E-2
17.591	1.370E-3	3.770E-2
17.599	1.589E-3	3.788E-2
17.607	1.619E-3	3.807E-2
17.616	1.461E-3	3.827E-2
17.624	1.146E-3	3.842E-2
17.633	7.153E-4	3.850E-2
17.641	2.543E-4	3.852E-2
17.649	-2.103E-4	3.848E-2
17.658	-6.219E-4	3.835E-2
17.666	-9.216E-4	3.812E-2
17.674	-1.106E-3	3.788E-2
17.683	-1.128E-3	3.761E-2
17.691	-9.565E-4	3.738E-2
17.700	-6.856E-4	3.719E-2
17.708	-3.408E-4	3.710E-2
17.716	6.487E-5	3.710E-2
17.725	5.023E-4	3.717E-2
17.733	9.184E-4	3.736E-2
17.741	1.214E-3	3.762E-2
17.750	1.408E-3	3.791E-2
17.758	1.421E-3	3.824E-2
17.767	1.334E-3	3.854E-2
17.775	1.019E-3	3.876E-2
17.783	6.768E-4	3.890E-2
17.792	2.821E-4	3.893E-2
17.800	-1.074E-4	3.882E-2
17.808	-4.609E-4	3.858E-2
17.817	-6.967E-4	3.829E-2
17.825	-8.751E-4	3.793E-2
17.834	-9.079E-4	3.755E-2
17.842	-7.843E-4	3.723E-2
17.850	-6.322E-4	3.695E-2
17.859	-3.501E-4	3.683E-2
17.867	-1.130E-5	3.684E-2
17.875	3.341E-4	3.696E-2
17.884	6.626E-4	3.721E-2
17.892	9.233E-4	3.756E-2
17.901	1.138E-3	3.798E-2
17.909	1.170E-3	3.839E-2
17.917	1.135E-3	3.874E-2
17.926	9.419E-4	3.901E-2
17.934	7.036E-4	3.918E-2
17.942	4.283E-4	3.920E-2
17.951	1.346E-4	3.903E-2
17.959	-1.806E-4	3.875E-2
17.968	-4.081E-4	3.835E-2
17.976	-4.913E-4	3.790E-2
17.984	-5.714E-4	3.746E-2
17.993	-5.149E-4	3.703E-2
18.001	-4.266E-4	3.672E-2
18.009	-2.271E-4	3.657E-2
18.018	7.704E-6	3.663E-2
18.026	2.481E-4	3.681E-2
18.035	4.805E-4	3.713E-2
18.043	6.916E-4	3.755E-2
18.051	7.952E-4	3.805E-2
18.060	8.942E-4	3.852E-2
18.068	9.096E-4	3.894E-2
18.076	8.073E-4	3.924E-2
18.085	6.947E-4	3.940E-2
18.093	5.046E-4	3.941E-2
18.102	3.043E-4	3.921E-2
18.110	1.253E-4	3.885E-2
18.118	-1.660E-5	3.838E-2
18.127	-1.815E-4	3.788E-2
18.135	-2.256E-4	3.739E-2
18.143	-2.421E-4	3.696E-2
18.152	-2.297E-4	3.666E-2
18.160	-1.894E-4	3.650E-2
18.169	-8.895E-5	3.653E-2
18.177	1.763E-5	3.672E-2
18.185	1.871E-4	3.708E-2
18.194	2.862E-4	3.756E-2
18.202	4.422E-4	3.808E-2
18.211	5.103E-4	3.858E-2
18.219	5.878E-4	3.899E-2
18.227	6.421E-4	3.927E-2
18.236	6.633E-4	3.941E-2
18.244	6.266E-4	3.938E-2
18.252	5.129E-4	3.917E-2
18.261	4.689E-4	3.879E-2
18.269	3.091E-4	3.832E-2
18.278	2.315E-4	3.782E-2
18.286	7.343E-5	3.734E-2
18.294	-6.051E-6	3.693E-2
18.303	-1.214E-4	3.664E-2
18.311	-1.913E-4	3.651E-2
18.319	-2.156E-4	3.656E-2
18.328	-2.185E-4	3.677E-2
18.336	-1.878E-4	3.713E-2
18.345	-8.996E-5	3.759E-2
18.353	2.953E-6	3.811E-2
18.361	1.884E-4	3.858E-2
18.370	2.972E-4	3.899E-2
18.378	4.690E-4	3.925E-2
18.386	5.957E-4	3.936E-2
18.395	6.901E-4	3.931E-2
18.403	7.317E-4	3.905E-2
18.412	7.306E-4	3.868E-2
18.420	6.883E-4	3.824E-2
18.428	5.470E-4	3.775E-2
18.437	4.143E-4	3.731E-2
18.445	2.348E-4	3.695E-2
18.453	1.602E-5	3.670E-2
18.462	-1.856E-4	3.663E-2
18.470	-3.511E-4	3.670E-2
18.479	-4.511E-4	3.692E-2
18.487	-4.588E-4	3.728E-2
18.495	-4.368E-4	3.773E-2
18.504	-3.166E-4	3.817E-2
18.512	-1.725E-4	3.857E-2
18.520	5.121E-5	3.894E-2
18.529	2.994E-4	3.918E-2
18.537	5.450E-4	3.925E-2
18.546	7.656E-4	3.919E-2
18.554	9.221E-4	3.897E-2
18.562	1.004E-3	3.861E-2
18.571	9.886E-4	3.818E-2
18.579	8.748E-4	3.774E-2
18.587	6.723E-4	3.736E-2
18.596	4.183E-4	3.707E-2
18.604	9.648E-5	3.689E-2
18.613	-2.139E-4	3.688E-2
18.621	-4.582E-4	3.691E-2
18.629	-6.661E-4	3.715E-2
18.638	-7.078E-4	3.744E-2
18.646	-6.933E-4	3.781E-2
18.654	-6.282E-4	3.821E-2
18.663	-4.107E-4	3.857E-2
18.671	-1.017E-4	3.884E-2
18.680	2.320E-4	3.900E-2
18.688	5.754E-4	3.902E-2
18.696	9.124E-4	3.896E-2
18.705	1.171E-3	3.877E-2
18.713	1.316E-3	3.849E-2
18.721	1.283E-3	3.813E-2
18.730	1.152E-3	3.780E-2
18.738	9.078E-4	3.750E-2
18.747	5.436E-4	3.729E-2
18.755	1.747E-4	3.718E-2
18.763	-2.200E-4	3.714E-2
18.772	-5.713E-4	3.719E-2
18.780	-8.612E-4	3.737E-2
18.788	-9.827E-4	3.761E-2
18.797	-9.610E-4	3.788E-2
18.805	-8.659E-4	3.814E-2
18.814	-6.217E-4	3.838E-2
18.822	-2.486E-4	3.855E-2
18.830	1.908E-4	3.866E-2
18.839	6.256E-4	3.873E-2
18.847	9.854E-4	3.865E-2
18.856	1.311E-3	3.851E-2
18.864	1.445E-3	3.831E-2
18.872	1.460E-3	3.808E-2
18.881	1.356E-3	3.785E-2
18.889	1.061E-3	3.765E-2
18.897	6.524E-4	3.750E-2
18.906	2.155E-4	3.743E-2
18.914	-2.361E-4	3.741E-2
18.923	-6.445E-4	3.743E-2
18.931	-9.367E-4	3.756E-2
18.939	-1.134E-3	3.769E-2
18.948	-1.141E-3	3.785E-2
18.956	-9.921E-4	3.803E-2
18.964	-7.209E-4	3.814E-2
18.973	-3.648E-4	3.826E-2
18.981	7.947E-5	3.829E-2
18.990	5.462E-4	3.832E-2
18.998	9.932E-4	3.830E-2
19.006	1.374E-3	3.824E-2
19.015	1.600E-3	3.814E-2
19.023	1.630E-3	3.805E-2
19.031	1.466E-3	3.793E-2
19.040	1.170E-3	3.785E-2
19.048	7.344E-4	3.781E-2
19.057	2.605E-4	3.780E-2
19.065	-2.248E-4	3.780E-2
19.073	-6.607E-4	3.781E-2
19.082	-9.638E-4	3.782E-2
19.090	-1.156E-3	3.784E-2
19.098	-1.164E-3	3.788E-2
19.107	-1.067E-3	3.788E-2
19.115	-7.674E-4	3.790E-2
19.124	-4.074E-4	3.790E-2
19.132	5.702E-5	3.789E-2
19.140	5.455E-4	3.789E-2
19.149	9.941E-4	3.793E-2
19.157	1.381E-3	3.793E-2
19.165	1.612E-3	3.796E-2
19.174	1.642E-3	3.798E-2
19.182	1.479E-3	3.802E-2
19.191	1.183E-3	3.807E-2
19.199	7.479E-4	3.810E-2
19.207	2.729E-4	3.810E-2
19.216	-2.051E-4	3.809E-2
19.224	-6.347E-4	3.805E-2
19.232	-9.521E-4	3.800E-2
19.241	-1.148E-3	3.788E-2
19.249	-1.147E-3	3.780E-2
19.258	-1.064E-3	3.770E-2
19.266	-7.705E-4	3.761E-2
19.274	-4.257E-4	3.757E-2
19.283	2.987E-5	3.758E-2
19.291	4.974E-4	3.759E-2
19.299	9.501E-4	3.768E-2
19.308	1.303E-3	3.781E-2
19.316	1.465E-3	3.793E-2
19.325	1.512E-3	3.809E-2
19.333	1.381E-3	3.826E-2
19.341	1.123E-3	3.838E-2
19.350	7.248E-4	3.847E-2
19.358	2.799E-4	3.851E-2
19.366	-1.681E-4	3.848E-2
19.375	-5.535E-4	3.836E-2
19.383	-8.856E-4	3.817E-2
19.392	-1.072E-3	3.794E-2
19.400	-1.099E-3	3.770E-2
19.408	-1.019E-3	3.747E-2
19.417	-7.856E-4	3.730E-2
19.425	-4.713E-4	3.719E-2
19.433	-4.282E-5	3.717E-2
19.442	3.985E-4	3.720E-2
19.450	7.563E-4	3.738E-2
19.459	1.094E-3	3.760E-2
19.467	1.228E-3	3.786E-2
19.475	1.252E-3	3.813E-2
19.484	1.162E-3	3.838E-2
19.492	9.401E-4	3.859E-2
19.500	6.134E-4	3.872E-2
19.509	2.240E-4	3.876E-2
19.517	-1.564E-4	3.871E-2
19.526	-4.789E-4	3.854E-2
19.534	-7.277E-4	3.827E-2
19.542	-8.701E-4	3.797E-2
19.551	-8.996E-4	3.764E-2
19.559	-8.405E-4	3.736E-2
19.568	-6.687E-4	3.713E-2
19.576	-4.003E-4	3.697E-2
19.584	-6.983E-5	3.692E-2
19.593	2.465E-4	3.702E-2
19.601	5.528E-4	3.722E-2
19.609	8.011E-4	3.751E-2
19.618	9.715E-4	3.788E-2
19.626	1.020E-3	3.826E-2
19.635	9.569E-4	3.859E-2
19.643	7.683E-4	3.886E-2
19.651	5.242E-4	3.901E-2
19.660	2.521E-4	3.901E-2
19.668	-1.571E-5	3.892E-2
19.676	-2.671E-4	3.870E-2
19.685	-4.672E-4	3.836E-2
19.693	-5.949E-4	3.795E-2
19.702	-6.606E-4	3.754E-2
19.710	-6.350E-4	3.717E-2
19.718	-5.135E-4	3.689E-2
19.727	-3.076E-4	3.672E-2
19.735	-1.235E-4	3.671E-2
19.743	9.143E-5	3.684E-2
19.752	3.093E-4	3.714E-2
19.760	5.047E-4	3.753E-2
19.769	6.638E-4	3.796E-2
19.777	7.419E-4	3.837E-2
19.785	7.412E-4	3.875E-2
19.794	6.768E-4	3.903E-2
19.802	5.442E-4	3.921E-2
19.810	3.699E-4	3.922E-2
19.819	1.822E-4	3.905E-2
19.827	1.534E-5	3.877E-2
19.836	-1.445E-4	3.837E-2
19.844	-2.626E-4	3.791E-2
19.852	-3.055E-4	3.743E-2
19.861	-3.553E-4	3.702E-2
19.869	-3.768E-4	3.671E-2
19.877	-3.084E-4	3.655E-2
19.886	-2.179E-4	3.654E-2
19.894	-1.008E-4	3.670E-2
19.903	3.959E-5	3.699E-2
19.911	1.797E-4	3.741E-2
19.919	3.050E-4	3.789E-2
19.928	4.144E-4	3.835E-2
19.936	4.846E-4	3.876E-2
19.944	5.116E-4	3.905E-2
19.953	5.005E-4	3.921E-2
19.961	4.863E-4	3.922E-2
19.970	4.139E-4	3.903E-2
19.978	3.106E-4	3.869E-2
19.986	2.165E-4	3.830E-2
19.995	1.210E-4	3.783E-2
20.003	-6.409E-6	3.737E-2
20.011	-6.084E-5	3.696E-2
20.020	-1.839E-4	3.668E-2
20.028	-2.306E-4	3.654E-2
20.037	-2.338E-4	3.655E-2
20.045	-2.237E-4	3.672E-2
20.053	-1.712E-4	3.706E-2
20.062	-7.534E-5	3.749E-2
20.070	-6.463E-7	3.795E-2
20.078	1.512E-4	3.840E-2
20.087	2.374E-4	3.878E-2
20.095	3.897E-4	3.905E-2
20.104	4.673E-4	3.919E-2
20.112	5.479E-4	3.921E-2
20.120	5.425E-4	3.898E-2
20.129	5.504E-4	3.864E-2
20.137	4.984E-4	3.821E-2
20.145	4.167E-4	3.778E-2
20.154	2.778E-4	3.736E-2
20.162	1.207E-4	3.698E-2
20.171	-5.098E-5	3.671E-2
20.179	-2.138E-4	3.660E-2
20.187	-3.341E-4	3.667E-2
20.196	-4.518E-4	3.688E-2
20.204	-4.706E-4	3.720E-2
20.212	-4.386E-4	3.761E-2
20.221	-3.265E-4	3.806E-2
20.229	-1.933E-4	3.849E-2
20.238	1.165E-5	3.883E-2
20.246	2.431E-4	3.905E-2
20.254	4.722E-4	3.915E-2
20.263	6.794E-4	3.909E-2
20.271	8.754E-4	3.889E-2
20.280	9.358E-4	3.856E-2
20.288	9.372E-4	3.815E-2
20.296	8.577E-4	3.775E-2
20.305	6.558E-4	3.739E-2
20.313	4.356E-4	3.708E-2
20.321	1.753E-4	3.688E-2
20.330	-1.090E-4	3.682E-2
20.338	-3.761E-4	3.690E-2
20.347	-5.222E-4	3.710E-2
20.355	-6.499E-4	3.738E-2
20.363	-6.555E-4	3.773E-2
20.372	-5.145E-4	3.808E-2
20.380	-3.550E-4	3.844E-2
20.388	-9.200E-5	3.874E-2
20.397	2.087E-4	3.893E-2
20.405	5.105E-4	3.900E-2
20.414	8.023E-4	3.896E-2
20.422	1.022E-3	3.878E-2
20.430	1.160E-3	3.851E-2
20.439	1.173E-3	
20.447	1.118E-3	
20.455	9.047E-4	
20.464	5.831E-4	
20.472	2.349E-4	
20.481	-1.447E-4	
20.489	-4.501E-4	
20.497	-6.856E-4	
20.506	-8.697E-4	
20.514	-8.988E-4	
20.522	-7.479E-4	
20.531	-5.556E-4	
20.539	-2.432E-4	
20.548	1.198E-4	
