	mass A	
t	x	
0.000	-4.632E-3
0.008	-4.650E-3
0.017	-4.650E-3
0.025	-4.651E-3
0.034	-4.650E-3
0.042	-4.650E-3
0.050	-4.651E-3
0.059	-4.650E-3
0.067	-4.634E-3
0.075	-4.599E-3
0.084	-4.487E-3
0.092	-4.377E-3
0.101	-4.192E-3
0.109	-3.954E-3
0.117	-3.652E-3
0.126	-3.177E-3
0.134	-2.505E-3
0.142	-1.699E-3
0.151	-7.497E-4
0.159	2.205E-4
0.168	1.061E-3
0.176	1.656E-3
0.184	1.929E-3
0.193	1.806E-3
0.201	1.365E-3
0.209	6.222E-4
0.218	-2.931E-4
0.226	-1.269E-3
0.235	-2.211E-3
0.243	-2.963E-3
0.251	-3.477E-3
0.260	-3.719E-3
0.268	-3.705E-3
0.276	-3.340E-3
0.285	-2.791E-3
0.293	-1.997E-3
0.302	-1.056E-3
0.310	-1.156E-4
0.318	8.120E-4
0.327	1.482E-3
0.335	1.828E-3
0.343	1.854E-3
0.352	1.536E-3
0.360	8.958E-4
0.369	1.974E-6
0.377	-9.737E-4
0.385	-1.921E-3
0.394	-2.749E-3
0.402	-3.293E-3
0.410	-3.658E-3
0.419	-3.709E-3
0.427	-3.493E-3
0.436	-2.982E-3
0.444	-2.265E-3
0.452	-1.366E-3
0.461	-3.758E-4
0.469	5.509E-4
0.477	1.325E-3
0.486	1.809E-3
0.494	1.985E-3
0.503	1.798E-3
0.511	1.237E-3
0.519	4.291E-4
0.528	-5.156E-4
0.536	-1.500E-3
0.544	-2.339E-3
0.553	-2.997E-3
0.561	-3.454E-3
0.570	-3.608E-3
0.578	-3.484E-3
0.586	-3.091E-3
0.595	-2.456E-3
0.603	-1.620E-3
0.611	-6.717E-4
0.620	2.496E-4
0.628	1.065E-3
0.637	1.624E-3
0.645	1.891E-3
0.653	1.794E-3
0.662	1.362E-3
0.670	6.453E-4
0.678	-2.855E-4
0.687	-1.244E-3
0.695	-2.168E-3
0.704	-2.915E-3
0.712	-3.438E-3
0.720	-3.700E-3
0.729	-3.695E-3
0.737	-3.294E-3
0.746	-2.739E-3
0.754	-1.978E-3
0.762	-1.042E-3
0.771	-1.130E-4
0.779	7.831E-4
0.787	1.446E-3
0.796	1.807E-3
0.804	1.840E-3
0.813	1.525E-3
0.821	8.977E-4
0.829	4.184E-5
0.838	-9.422E-4
0.846	-1.858E-3
0.854	-2.668E-3
0.863	-3.245E-3
0.871	-3.560E-3
0.880	-3.677E-3
0.888	-3.478E-3
0.896	-2.975E-3
0.905	-2.255E-3
0.913	-1.366E-3
0.921	-3.845E-4
0.930	5.220E-4
0.938	1.215E-3
0.947	1.671E-3
0.955	1.794E-3
0.963	1.592E-3
0.972	1.077E-3
0.980	3.094E-4
0.988	-5.933E-4
0.997	-1.542E-3
1.005	-2.392E-3
1.014	-3.044E-3
1.022	-3.477E-3
1.030	-3.644E-3
1.039	-3.491E-3
1.047	-3.094E-3
1.055	-2.478E-3
1.064	-1.668E-3
1.072	-7.597E-4
1.081	1.606E-4
1.089	9.748E-4
1.097	1.534E-3
1.106	1.810E-3
1.114	1.749E-3
1.122	1.328E-3
1.131	6.266E-4
1.139	-2.897E-4
1.148	-1.226E-3
1.156	-2.136E-3
1.164	-2.875E-3
1.173	-3.420E-3
1.181	-3.679E-3
1.189	-3.683E-3
1.198	-3.282E-3
1.206	-2.735E-3
1.215	-1.996E-3
1.223	-1.068E-3
1.231	-1.333E-4
1.240	7.192E-4
1.248	1.359E-3
1.256	1.760E-3
1.265	1.799E-3
1.273	1.481E-3
1.282	8.309E-4
1.290	-1.698E-5
1.298	-9.828E-4
1.307	-1.888E-3
1.315	-2.694E-3
1.323	-3.257E-3
1.332	-3.547E-3
1.340	-3.604E-3
1.349	-3.422E-3
1.357	-2.951E-3
1.365	-2.238E-3
1.374	-1.361E-3
1.382	-4.103E-4
1.390	4.879E-4
1.399	1.156E-3
1.407	1.613E-3
1.416	1.777E-3
1.424	1.577E-3
1.432	1.067E-3
1.441	2.658E-4
1.449	-6.230E-4
1.458	-1.547E-3
1.466	-2.392E-3
1.474	-3.024E-3
1.483	-3.459E-3
1.491	-3.607E-3
1.499	-3.481E-3
1.508	-3.053E-3
1.516	-2.438E-3
1.525	-1.616E-3
1.533	-6.860E-4
1.541	1.848E-4
1.550	9.754E-4
1.558	1.532E-3
1.566	1.800E-3
1.575	1.733E-3
1.583	1.271E-3
1.592	6.070E-4
1.600	-2.943E-4
1.608	-1.226E-3
1.617	-2.087E-3
1.625	-2.784E-3
1.633	-3.247E-3
1.642	-3.475E-3
1.650	-3.459E-3
1.659	-3.140E-3
1.667	-2.579E-3
1.675	-1.809E-3
1.684	-9.028E-4
1.692	-3.537E-5
1.700	8.041E-4
1.709	1.447E-3
1.717	1.793E-3
1.726	1.820E-3
1.734	1.513E-3
1.742	8.960E-4
1.751	5.902E-5
1.759	-8.723E-4
1.767	-1.758E-3
1.776	-2.511E-3
1.784	-3.097E-3
1.793	-3.459E-3
1.801	-3.487E-3
1.809	-3.243E-3
1.818	-2.763E-3
1.826	-2.056E-3
1.834	-1.206E-3
1.843	-3.158E-4
1.851	5.815E-4
1.860	1.281E-3
1.868	1.752E-3
1.876	1.886E-3
1.885	1.644E-3
1.893	1.128E-3
1.901	3.599E-4
1.910	-5.303E-4
1.918	-1.451E-3
1.927	-2.275E-3
1.935	-2.927E-3
1.943	-3.317E-3
1.952	-3.501E-3
1.960	-3.382E-3
1.968	-2.981E-3
1.977	-2.356E-3
1.985	-1.564E-3
1.994	-6.404E-4
2.002	2.315E-4
2.010	9.903E-4
2.019	1.529E-3
2.027	1.793E-3
2.035	1.692E-3
2.044	1.254E-3
2.052	5.541E-4
2.061	-3.152E-4
2.069	-1.239E-3
2.077	-2.075E-3
2.086	-2.761E-3
2.094	-3.229E-3
2.102	-3.469E-3
2.111	-3.445E-3
2.119	-3.136E-3
2.128	-2.565E-3
2.136	-1.802E-3
2.144	-9.325E-4
2.153	-5.364E-5
2.161	7.410E-4
2.170	1.352E-3
2.178	1.705E-3
2.186	1.671E-3
2.195	1.341E-3
2.203	7.284E-4
2.211	-1.080E-4
2.220	-1.012E-3
2.228	-1.890E-3
2.237	-2.675E-3
2.245	-3.226E-3
2.253	-3.518E-3
2.262	-3.529E-3
2.270	-3.269E-3
2.278	-2.790E-3
2.287	-2.095E-3
2.295	-1.240E-3
2.304	-3.462E-4
2.312	5.079E-4
2.320	1.152E-3
2.329	1.584E-3
2.337	1.763E-3
2.345	1.559E-3
2.354	1.062E-3
2.362	3.111E-4
2.371	-5.592E-4
2.379	-1.461E-3
2.387	-2.263E-3
2.396	-2.911E-3
2.404	-3.278E-3
2.412	-3.441E-3
2.421	-3.281E-3
2.429	-2.895E-3
2.438	-2.270E-3
2.446	-1.493E-3
2.454	-5.925E-4
2.463	2.523E-4
2.471	1.004E-3
2.479	1.531E-3
2.488	1.780E-3
2.496	1.668E-3
2.505	1.226E-3
2.513	5.522E-4
2.521	-2.976E-4
2.530	-1.212E-3
2.538	-2.051E-3
2.546	-2.730E-3
2.555	-3.201E-3
2.563	-3.440E-3
2.572	-3.408E-3
2.580	-3.110E-3
2.588	-2.561E-3
2.597	-1.802E-3
2.605	-9.675E-4
2.613	-7.999E-5
2.622	7.018E-4
2.630	1.320E-3
2.639	1.645E-3
2.647	1.630E-3
2.655	1.329E-3
2.664	7.156E-4
2.672	-1.046E-4
2.680	-9.732E-4
2.689	-1.839E-3
2.697	-2.564E-3
2.706	-3.066E-3
2.714	-3.391E-3
2.722	-3.454E-3
2.731	-3.210E-3
2.739	-2.738E-3
2.747	-2.056E-3
2.756	-1.220E-3
2.764	-3.534E-4
2.773	4.821E-4
2.781	1.135E-3
2.789	1.570E-3
2.798	1.693E-3
2.806	1.472E-3
2.815	9.095E-4
2.823	1.631E-4
2.831	-7.131E-4
2.840	-1.584E-3
2.848	-2.342E-3
2.856	-2.964E-3
2.865	-3.293E-3
2.873	-3.445E-3
2.882	-3.274E-3
2.890	-2.900E-3
2.898	-2.273E-3
2.907	-1.517E-3
2.915	-6.163E-4
2.923	2.278E-4
2.932	9.342E-4
2.940	1.459E-3
2.949	1.632E-3
2.957	1.549E-3
2.965	1.127E-3
2.974	4.485E-4
2.982	-3.633E-4
2.990	-1.262E-3
2.999	-2.086E-3
3.007	-2.738E-3
3.016	-3.206E-3
3.024	-3.439E-3
3.032	-3.397E-3
3.041	-3.084E-3
3.049	-2.560E-3
3.057	-1.802E-3
3.066	-9.759E-4
3.074	-9.767E-5
3.083	6.674E-4
3.091	1.291E-3
3.099	1.599E-3
3.108	1.598E-3
3.116	1.310E-3
3.124	6.986E-4
3.133	-1.032E-4
3.141	-9.759E-4
3.150	-1.816E-3
3.158	-2.533E-3
3.166	-3.037E-3
3.175	-3.297E-3
3.183	-3.341E-3
3.191	-3.173E-3
3.200	-2.709E-3
3.208	-2.032E-3
3.217	-1.217E-3
3.225	-3.470E-4
3.233	4.593E-4
3.242	1.118E-3
3.250	1.552E-3
3.258	1.647E-3
3.267	1.422E-3
3.275	8.936E-4
3.284	1.613E-4
3.292	-6.920E-4
3.300	-1.567E-3
3.309	-2.307E-3
3.317	-2.937E-3
3.325	-3.271E-3
3.334	-3.416E-3
3.342	-3.258E-3
3.351	-2.892E-3
3.359	-2.274E-3
3.367	-1.516E-3
3.376	-6.429E-4
3.384	1.984E-4
3.392	8.967E-4
3.401	1.393E-3
3.409	1.598E-3
3.418	1.531E-3
3.426	1.119E-3
3.434	4.408E-4
3.443	-3.644E-4
3.451	-1.237E-3
3.459	-2.056E-3
3.468	-2.720E-3
3.476	-3.183E-3
3.485	-3.408E-3
3.493	-3.349E-3
3.501	-3.049E-3
3.510	-2.510E-3
3.518	-1.776E-3
3.527	-9.426E-4
3.535	-1.071E-4
3.543	6.572E-4
3.552	1.271E-3
3.560	1.590E-3
3.568	1.590E-3
3.577	1.295E-3
3.585	7.073E-4
3.594	-8.899E-5
3.602	-9.580E-4
3.610	-1.798E-3
3.619	-2.503E-3
3.627	-3.006E-3
3.635	-3.259E-3
3.644	-3.280E-3
3.652	-3.055E-3
3.661	-2.577E-3
3.669	-1.918E-3
3.677	-1.105E-3
3.686	-2.625E-4
3.694	5.425E-4
3.702	1.191E-3
3.711	1.596E-3
3.719	1.668E-3
3.728	1.444E-3
3.736	9.146E-4
3.744	1.865E-4
3.753	-6.417E-4
3.761	-1.497E-3
3.769	-2.247E-3
3.778	-2.829E-3
3.786	-3.231E-3
3.795	-3.303E-3
3.803	-3.188E-3
3.811	-2.784E-3
3.820	-2.195E-3
3.828	-1.437E-3
3.836	-6.020E-4
3.845	2.104E-4
3.853	9.013E-4
3.862	1.382E-3
3.870	1.590E-3
3.878	1.513E-3
3.887	1.111E-3
3.895	4.454E-4
3.903	-3.558E-4
3.912	-1.227E-3
3.920	-2.022E-3
3.929	-2.689E-3
3.937	-3.132E-3
3.945	-3.281E-3
3.954	-3.245E-3
3.962	-2.955E-3
3.970	-2.439E-3
3.979	-1.734E-3
3.987	-8.789E-4
3.996	-5.712E-5
4.004	6.879E-4
4.012	1.280E-3
4.021	1.584E-3
4.029	1.591E-3
4.037	1.291E-3
4.046	7.026E-4
4.054	-8.131E-5
4.063	-9.271E-4
4.071	-1.772E-3
4.079	-2.472E-3
4.088	-2.979E-3
4.096	-3.238E-3
4.104	-3.248E-3
4.113	-3.028E-3
4.121	-2.549E-3
4.130	-1.906E-3
4.138	-1.111E-3
4.146	-2.691E-4
4.155	5.089E-4
4.163	1.112E-3
4.171	1.535E-3
4.180	1.618E-3
4.188	1.398E-3
4.197	8.922E-4
4.205	1.662E-4
4.213	-6.403E-4
4.222	-1.484E-3
4.230	-2.233E-3
4.239	-2.794E-3
4.247	-3.171E-3
4.255	-3.249E-3
4.264	-3.151E-3
4.272	-2.753E-3
4.280	-2.174E-3
4.289	-1.428E-3
4.297	-6.009E-4
4.306	2.041E-4
4.314	8.862E-4
4.322	1.355E-3
4.331	1.573E-3
4.339	1.457E-3
4.347	1.053E-3
4.356	4.024E-4
4.364	-3.837E-4
4.373	-1.232E-3
4.381	-2.019E-3
4.389	-2.672E-3
4.398	-3.092E-3
4.406	-3.289E-3
4.414	-3.228E-3
4.423	-2.943E-3
4.431	-2.424E-3
4.440	-1.746E-3
4.448	-8.816E-4
4.456	-7.183E-5
4.465	6.561E-4
4.473	1.216E-3
4.481	1.514E-3
4.490	1.544E-3
4.498	1.193E-3
4.507	6.290E-4
4.515	-1.290E-4
4.523	-9.724E-4
4.532	-1.774E-3
4.540	-2.472E-3
4.548	-2.974E-3
4.557	-3.231E-3
4.565	-3.236E-3
4.574	-3.009E-3
4.582	-2.542E-3
4.590	-1.920E-3
4.599	-1.114E-3
4.607	-2.855E-4
4.615	4.693E-4
4.624	1.088E-3
4.632	1.507E-3
4.641	1.596E-3
4.649	1.374E-3
4.657	8.839E-4
4.666	1.681E-4
4.674	-6.379E-4
4.682	-1.472E-3
4.691	-2.209E-3
4.699	-2.764E-3
4.708	-3.132E-3
4.716	-3.228E-3
4.724	-3.098E-3
4.733	-2.741E-3
4.741	-2.179E-3
4.749	-1.429E-3
4.758	-6.110E-4
4.766	1.797E-4
4.775	8.546E-4
4.783	1.332E-3
4.791	1.554E-3
4.800	1.412E-3
4.808	1.027E-3
4.816	4.060E-4
4.825	-3.806E-4
4.833	-1.217E-3
4.842	-1.999E-3
4.850	-2.638E-3
4.858	-3.045E-3
4.867	-3.221E-3
4.875	-3.181E-3
4.883	-2.886E-3
4.892	-2.347E-3
4.900	-1.724E-3
4.909	-8.860E-4
4.917	-8.397E-5
4.925	6.369E-4
4.934	1.162E-3
4.942	1.464E-3
4.951	1.409E-3
4.959	1.086E-3
4.967	5.595E-4
4.976	-1.754E-4
4.984	-9.946E-4
4.992	-1.788E-3
5.001	-2.475E-3
5.009	-2.971E-3
5.018	-3.226E-3
5.026	-3.229E-3
5.034	-2.998E-3
5.043	-2.531E-3
5.051	-1.912E-3
5.059	-1.122E-3
5.068	-3.000E-4
5.076	4.518E-4
5.085	1.057E-3
5.093	1.422E-3
5.101	1.522E-3
5.110	1.323E-3
5.118	8.469E-4
5.126	1.490E-4
5.135	-6.446E-4
5.143	-1.447E-3
5.152	-2.195E-3
5.160	-2.746E-3
5.168	-3.074E-3
5.177	-3.223E-3
5.185	-3.053E-3
5.193	-2.686E-3
5.202	-2.093E-3
5.210	-1.328E-3
5.219	-5.344E-4
5.227	2.360E-4
5.235	8.839E-4
5.244	1.338E-3
5.252	1.548E-3
5.260	1.403E-3
5.269	9.986E-4
5.277	3.706E-4
5.286	-3.947E-4
5.294	-1.220E-3
5.302	-1.979E-3
5.311	-2.596E-3
5.319	-3.024E-3
5.327	-3.212E-3
5.336	-3.170E-3
5.344	-2.845E-3
5.353	-2.336E-3
5.361	-1.669E-3
5.369	-8.681E-4
5.378	-7.122E-5
5.386	6.436E-4
5.394	1.151E-3
5.403	1.425E-3
5.411	1.391E-3
5.420	1.077E-3
5.428	5.446E-4
5.436	-1.911E-4
5.445	-1.032E-3
5.453	-1.799E-3
5.461	-2.477E-3
5.470	-2.964E-3
5.478	-3.218E-3
5.487	-3.224E-3
5.495	-2.992E-3
5.503	-2.528E-3
5.512	-1.890E-3
5.520	-1.130E-3
5.528	-3.361E-4
5.537	4.208E-4
5.545	1.022E-3
5.554	1.336E-3
5.562	1.412E-3
5.570	1.178E-3
5.579	6.781E-4
5.587	-2.512E-5
5.595	-8.179E-4
5.604	-1.584E-3
5.612	-2.279E-3
5.621	-2.792E-3
5.629	-3.128E-3
5.637	-3.243E-3
5.646	-3.072E-3
5.654	-2.749E-3
5.663	-2.185E-3
5.671	-1.470E-3
5.679	-6.574E-4
5.688	1.350E-4
5.696	7.978E-4
5.704	1.280E-3
5.713	1.471E-3
5.721	1.324E-3
5.730	8.989E-4
5.738	3.104E-4
5.746	-4.522E-4
5.755	-1.275E-3
5.763	-2.019E-3
5.771	-2.607E-3
5.780	-3.025E-3
5.788	-3.209E-3
5.797	-3.152E-3
5.805	-2.846E-3
5.813	-2.339E-3
5.822	-1.659E-3
5.830	-8.763E-4
5.838	-8.810E-5
5.847	6.211E-4
5.855	1.119E-3
5.864	1.369E-3
5.872	1.363E-3
5.880	1.064E-3
5.889	5.233E-4
5.897	-2.610E-4
5.905	-1.058E-3
5.914	-1.807E-3
5.922	-2.481E-3
5.931	-2.957E-3
5.939	-3.213E-3
5.947	-3.222E-3
5.956	-2.990E-3
5.964	-2.532E-3
5.972	-1.902E-3
5.981	-1.141E-3
5.989	-3.417E-4
5.998	3.953E-4
6.006	9.557E-4
6.014	1.314E-3
6.023	1.373E-3
6.031	1.146E-3
6.039	6.562E-4
6.048	-2.096E-5
6.056	-8.085E-4
6.065	-1.572E-3
6.073	-2.259E-3
6.081	-2.774E-3
6.090	-3.066E-3
6.098	-3.168E-3
6.106	-3.007E-3
6.115	-2.643E-3
6.123	-2.069E-3
6.132	-1.332E-3
6.140	-5.532E-4
6.148	1.884E-4
6.157	8.347E-4
6.165	1.299E-3
6.173	1.449E-3
6.182	1.324E-3
6.190	9.070E-4
6.199	3.199E-4
6.207	-4.402E-4
6.215	-1.250E-3
6.224	-1.993E-3
6.232	-2.552E-3
6.240	-2.955E-3
6.249	-3.131E-3
6.257	-3.042E-3
6.266	-2.746E-3
6.274	-2.241E-3
6.282	-1.561E-3
6.291	-7.954E-4
6.299	-2.850E-5
6.307	6.508E-4
6.316	1.140E-3
6.324	1.376E-3
6.333	1.368E-3
6.341	1.061E-3
6.349	5.277E-4
6.358	-2.409E-4
6.366	-1.035E-3
6.375	-1.789E-3
6.383	-2.435E-3
6.391	-2.919E-3
6.400	-3.175E-3
6.408	-3.202E-3
6.416	-2.980E-3
6.425	-2.524E-3
6.433	-1.895E-3
6.442	-1.144E-3
6.450	-3.953E-4
6.458	3.493E-4
6.467	8.881E-4
6.475	1.279E-3
6.483	1.341E-3
6.492	1.117E-3
6.500	6.401E-4
6.509	-3.533E-5
6.517	-7.938E-4
6.525	-1.557E-3
6.534	-2.246E-3
6.542	-2.751E-3
6.550	-3.036E-3
6.559	-3.132E-3
6.567	-2.991E-3
6.576	-2.623E-3
6.584	-2.064E-3
6.592	-1.337E-3
6.601	-5.674E-4
6.609	1.709E-4
6.617	8.136E-4
6.626	1.269E-3
6.634	1.401E-3
6.643	1.305E-3
6.651	8.935E-4
6.659	3.020E-4
6.668	-4.218E-4
6.676	-1.233E-3
6.684	-1.975E-3
6.693	-2.537E-3
6.701	-2.936E-3
6.710	-3.060E-3
6.718	-2.981E-3
6.726	-2.699E-3
6.735	-2.198E-3
6.743	-1.539E-3
6.751	-7.786E-4
6.760	-3.385E-5
6.768	6.401E-4
6.777	1.120E-3
6.785	1.360E-3
6.793	1.354E-3
6.802	1.041E-3
6.810	5.054E-4
6.818	-2.378E-4
6.827	-1.018E-3
6.835	-1.765E-3
6.844	-2.389E-3
6.852	-2.845E-3
6.860	-3.113E-3
6.869	-3.188E-3
6.877	-2.970E-3
6.885	-2.511E-3
6.894	-1.887E-3
6.902	-1.152E-3
6.911	-4.000E-4
6.919	3.335E-4
6.927	8.678E-4
6.936	1.232E-3
6.944	1.279E-3
6.952	1.076E-3
6.961	6.080E-4
6.969	-6.858E-5
6.978	-8.058E-4
6.986	-1.560E-3
6.994	-2.239E-3
7.003	-2.742E-3
7.011	-3.026E-3
7.020	-3.066E-3
7.028	-2.942E-3
7.036	-2.544E-3
7.045	-1.990E-3
7.053	-1.280E-3
7.061	-5.324E-4
7.070	1.874E-4
7.078	8.147E-4
7.087	1.245E-3
7.095	1.344E-3
7.103	1.229E-3
7.112	8.207E-4
7.120	2.008E-4
7.128	-5.393E-4
7.137	-1.284E-3
7.145	-2.003E-3
7.154	-2.541E-3
7.162	-2.941E-3
7.170	-3.045E-3
7.179	-2.977E-3
7.187	-2.699E-3
7.195	-2.210E-3
7.204	-1.546E-3
7.212	-7.992E-4
7.221	-6.233E-5
7.229	6.119E-4
7.237	1.096E-3
7.246	1.345E-3
7.254	1.333E-3
7.262	1.024E-3
7.271	4.894E-4
7.279	-2.391E-4
7.288	-1.007E-3
7.296	-1.744E-3
7.304	-2.338E-3
7.313	-2.761E-3
7.321	-2.982E-3
7.329	-2.978E-3
7.338	-2.748E-3
7.346	-2.294E-3
7.355	-1.717E-3
7.363	-9.948E-4
7.371	-2.700E-4
7.380	4.286E-4
7.388	9.536E-4
7.396	1.299E-3
7.405	1.354E-3
7.413	1.121E-3
7.422	6.522E-4
7.430	-2.087E-5
7.438	-7.603E-4
7.447	-1.511E-3
7.455	-2.193E-3
7.463	-2.703E-3
7.472	-2.995E-3
7.480	-3.033E-3
7.489	-2.912E-3
7.497	-2.529E-3
7.505	-1.987E-3
7.514	-1.281E-3
7.522	-5.492E-4
7.530	1.695E-4
7.539	7.898E-4
7.547	1.172E-3
7.556	1.328E-3
7.564	1.187E-3
7.572	8.036E-4
7.581	1.951E-4
7.589	-5.241E-4
7.597	-1.266E-3
7.606	-1.984E-3
7.614	-2.520E-3
7.623	-2.901E-3
7.631	-3.032E-3
7.639	-2.967E-3
7.648	-2.681E-3
7.656	-2.196E-3
7.664	-1.547E-3
7.673	-8.064E-4
7.681	-8.096E-5
7.690	5.935E-4
7.698	1.069E-3
7.706	1.325E-3
7.715	1.308E-3
7.723	9.681E-4
7.732	4.181E-4
7.740	-2.832E-4
7.748	-1.022E-3
7.757	-1.750E-3
7.765	-2.326E-3
7.773	-2.750E-3
7.782	-2.973E-3
7.790	-2.969E-3
7.799	-2.738E-3
7.807	-2.289E-3
7.815	-1.714E-3
7.824	-1.005E-3
7.832	-2.814E-4
7.840	4.037E-4
7.849	9.111E-4
7.857	1.274E-3
7.866	1.336E-3
7.874	1.104E-3
7.882	6.423E-4
7.891	-2.281E-5
7.899	-7.609E-4
7.907	-1.499E-3
7.916	-2.167E-3
7.924	-2.678E-3
7.933	-2.979E-3
7.941	-3.015E-3
7.949	-2.856E-3
7.958	-2.517E-3
7.966	-1.989E-3
7.974	-1.287E-3
7.983	-5.586E-4
7.991	1.528E-4
8.000	7.292E-4
8.008	1.099E-3
8.016	1.281E-3
8.025	1.129E-3
8.033	7.480E-4
8.041	1.375E-4
8.050	-5.662E-4
8.058	-1.290E-3
8.067	-1.997E-3
8.075	-2.523E-3
8.083	-2.897E-3
8.092	-3.023E-3
8.100	-2.963E-3
8.108	-2.663E-3
8.117	-2.191E-3
8.125	-1.553E-3
8.134	-8.183E-4
8.142	-9.613E-5
8.150	5.659E-4
8.159	1.045E-3
8.167	1.302E-3
8.175	1.280E-3
8.184	9.462E-4
8.192	4.122E-4
8.201	-2.790E-4
8.209	-1.013E-3
8.217	-1.737E-3
8.226	-2.303E-3
8.234	-2.730E-3
8.242	-2.955E-3
8.251	-2.955E-3
8.259	-2.724E-3
8.268	-2.274E-3
8.276	-1.715E-3
8.284	-1.007E-3
8.293	-2.942E-4
8.301	3.838E-4
8.309	8.880E-4
8.318	1.190E-3
8.326	1.247E-3
8.335	9.748E-4
8.343	5.116E-4
8.351	-1.410E-4
8.360	-8.451E-4
8.368	-1.559E-3
8.376	-2.209E-3
8.385	-2.706E-3
8.393	-2.997E-3
8.402	-3.023E-3
8.410	-2.863E-3
8.418	-2.524E-3
8.427	-1.995E-3
8.435	-1.296E-3
8.444	-5.755E-4
8.452	1.194E-4
8.460	6.858E-4
8.469	1.075E-3
8.477	1.210E-3
8.485	1.066E-3
8.494	6.751E-4
8.502	1.120E-4
8.511	-5.777E-4
8.519	-1.297E-3
8.527	-1.986E-3
8.536	-2.509E-3
8.544	-2.838E-3
8.552	-3.009E-3
8.561	-2.949E-3
8.569	-2.650E-3
8.578	-2.179E-3
8.586	-1.554E-3
8.594	-8.260E-4
8.603	-1.130E-4
8.611	5.401E-4
8.619	9.122E-4
8.628	1.105E-3
8.636	1.074E-3
8.645	8.051E-4
8.653	3.170E-4
8.661	-3.531E-4
8.670	-1.058E-3
8.678	-1.765E-3
8.686	-2.319E-3
8.695	-2.728E-3
8.703	-2.958E-3
8.712	-2.958E-3
8.720	-2.722E-3
8.728	-2.273E-3
8.737	-1.719E-3
8.745	-1.020E-3
8.753	-3.103E-4
8.762	3.624E-4
8.770	8.657E-4
8.779	1.144E-3
8.787	1.170E-3
8.795	9.157E-4
8.804	4.576E-4
8.812	-1.502E-4
8.820	-8.450E-4
8.829	-1.543E-3
8.837	-2.184E-3
8.846	-2.671E-3
8.854	-2.970E-3
8.862	-3.009E-3
8.871	-2.814E-3
8.879	-2.471E-3
8.887	-1.942E-3
8.896	-1.282E-3
8.904	-5.664E-4
8.913	1.235E-4
8.921	6.749E-4
8.929	1.065E-3
8.938	1.178E-3
8.946	1.059E-3
8.954	6.563E-4
8.963	1.104E-4
8.971	-5.784E-4
8.980	-1.281E-3
8.988	-1.968E-3
8.996	-2.493E-3
9.005	-2.799E-3
9.013	-2.952E-3
9.021	-2.858E-3
9.030	-2.567E-3
9.038	-2.059E-3
9.047	-1.456E-3
9.055	-7.580E-4
9.063	-6.687E-5
9.072	5.668E-4
9.080	1.024E-3
9.088	1.268E-3
9.097	1.196E-3
9.105	8.724E-4
9.114	3.700E-4
9.122	-2.829E-4
9.130	-1.013E-3
9.139	-1.714E-3
9.147	-2.268E-3
9.156	-2.694E-3
9.164	-2.913E-3
9.172	-2.927E-3
9.181	-2.700E-3
9.189	-2.264E-3
9.197	-1.707E-3
9.206	-1.035E-3
9.214	-3.194E-4
9.223	3.439E-4
9.231	8.497E-4
9.239	1.117E-3
9.248	1.142E-3
9.256	9.048E-4
9.264	4.573E-4
9.273	-1.532E-4
9.281	-8.347E-4
9.290	-1.533E-3
9.298	-2.134E-3
9.306	-2.628E-3
9.315	-2.947E-3
9.323	-3.000E-3
9.331	-2.793E-3
9.340	-2.457E-3
9.348	-1.941E-3
9.357	-1.288E-3
9.365	-5.797E-4
9.373	1.087E-4
9.382	6.410E-4
9.390	1.040E-3
9.398	1.139E-3
9.407	1.038E-3
9.415	6.453E-4
9.424	1.017E-4
9.432	-5.826E-4
9.440	-1.273E-3
9.449	-1.949E-3
9.457	-2.465E-3
9.465	-2.774E-3
9.474	-2.928E-3
9.482	-2.796E-3
9.491	-2.510E-3
9.499	-2.021E-3
9.507	-1.419E-3
9.516	-7.623E-4
9.524	-8.346E-5
9.532	5.543E-4
9.541	9.797E-4
9.549	1.128E-3
9.558	1.088E-3
9.566	8.056E-4
9.574	3.178E-4
9.583	-3.213E-4
9.591	-1.027E-3
9.599	-1.712E-3
9.608	-2.265E-3
9.616	-2.679E-3
9.625	-2.894E-3
9.633	-2.916E-3
9.641	-2.693E-3
9.650	-2.265E-3
9.658	-1.708E-3
9.666	-1.048E-3
9.675	-3.388E-4
9.683	3.290E-4
9.692	8.318E-4
9.700	1.102E-3
9.708	1.116E-3
9.717	8.851E-4
9.725	4.368E-4
9.733	-1.543E-4
9.742	-8.290E-4
9.750	-1.516E-3
9.759	-2.101E-3
9.767	-2.532E-3
9.775	-2.775E-3
9.784	-2.789E-3
9.792	-2.669E-3
9.800	-2.288E-3
9.809	-1.765E-3
9.817	-1.101E-3
9.826	-4.138E-4
9.834	2.516E-4
9.842	7.615E-4
9.851	1.096E-3
9.859	1.186E-3
9.868	1.062E-3
9.876	6.635E-4
9.884	1.202E-4
9.893	-5.516E-4
9.901	-1.245E-3
9.909	-1.890E-3
9.918	-2.433E-3
9.926	-2.746E-3
9.935	-2.891E-3
9.943	-2.779E-3
9.951	-2.493E-3
9.960	-2.016E-3
9.968	-1.397E-3
9.976	-7.653E-4
9.985	-9.164E-5
9.993	5.054E-4
10.002	8.784E-4
10.010	1.081E-3
10.018	1.057E-3
10.027	7.537E-4
10.035	2.036E-4
10.043	-4.086E-4
10.052	-1.083E-3
10.060	-1.758E-3
10.069	-2.284E-3
10.077	-2.692E-3
10.085	-2.875E-3
10.094	-2.894E-3
10.102	-2.683E-3
10.110	-2.262E-3
10.119	-1.713E-3
10.127	-1.051E-3
10.136	-3.531E-4
10.144	2.944E-4
10.152	7.172E-4
10.161	9.738E-4
10.169	9.661E-4
10.177	7.178E-4
10.186	2.992E-4
10.194	-3.377E-4
10.203	-1.017E-3
10.211	-1.685E-3
10.219	-2.281E-3
10.228	-2.737E-3
10.236	-3.004E-3
10.244	-3.014E-3
10.253	-2.817E-3
10.261	-2.476E-3
10.270	-1.965E-3
10.278	-1.317E-3
10.286	-6.195E-4
10.295	6.513E-5
10.303	6.022E-4
10.311	9.237E-4
10.320	1.051E-3
10.328	8.882E-4
10.337	5.578E-4
10.345	-1.404E-5
10.353	-6.541E-4
10.362	-1.310E-3
10.370	-1.962E-3
10.378	-2.465E-3
10.387	-2.767E-3
10.395	-2.886E-3
10.404	-2.783E-3
10.412	-2.498E-3
10.420	-2.016E-3
10.429	-1.402E-3
10.437	-7.829E-4
10.445	-1.096E-4
10.454	4.586E-4
10.462	8.532E-4
10.471	1.064E-3
10.479	1.034E-3
10.487	7.081E-4
10.496	1.862E-4
10.504	-4.110E-4
10.512	-1.079E-3
10.521	-1.741E-3
10.529	-2.262E-3
10.538	-2.662E-3
10.546	-2.814E-3
10.554	-2.781E-3
10.563	-2.529E-3
10.571	-2.104E-3
10.580	-1.517E-3
10.588	-8.591E-4
10.596	-1.989E-4
10.605	3.989E-4
10.613	8.573E-4
10.621	1.115E-3
10.630	1.123E-3
10.638	8.873E-4
10.647	4.470E-4
10.655	-1.425E-4
10.663	-8.093E-4
10.672	-1.480E-3
10.680	-2.046E-3
10.688	-2.486E-3
10.697	-2.724E-3
10.705	-2.744E-3
10.714	-2.603E-3
10.722	-2.269E-3
10.730	-1.756E-3
10.739	-1.118E-3
10.747	-4.334E-4
10.755	1.692E-4
10.764	6.694E-4
10.772	1.031E-3
10.781	1.121E-3
10.789	9.592E-4
10.797	5.973E-4
10.806	4.746E-5
10.814	-6.172E-4
10.822	-1.274E-3
10.831	-1.900E-3
10.839	-2.416E-3
10.848	-2.742E-3
10.856	-2.811E-3
10.864	-2.722E-3
10.873	-2.441E-3
10.881	-1.992E-3
10.889	-1.360E-3
10.898	-7.036E-4
10.906	-7.344E-5
10.915	4.870E-4
10.923	8.539E-4
10.931	1.060E-3
10.940	1.020E-3
10.948	6.446E-4
10.956	1.492E-4
10.965	-4.553E-4
10.973	-1.125E-3
10.982	-1.774E-3
10.990	-2.272E-3
10.998	-2.670E-3
11.007	-2.812E-3
11.015	-2.781E-3
11.023	-2.520E-3
11.032	-2.092E-3
11.040	-1.530E-3
11.049	-8.627E-4
11.057	-2.162E-4
11.065	3.768E-4
11.074	8.349E-4
11.082	1.098E-3
11.090	1.110E-3
11.099	8.796E-4
11.107	4.347E-4
11.116	-1.469E-4
11.124	-7.990E-4
11.132	-1.466E-3
11.141	-2.025E-3
11.149	-2.469E-3
11.157	-2.708E-3
11.166	-2.726E-3
11.174	-2.573E-3
11.183	-2.219E-3
11.191	-1.725E-3
11.199	-1.090E-3
11.208	-4.136E-4
11.216	2.045E-4
11.225	6.903E-4
11.233	1.038E-3
11.241	1.125E-3
11.250	9.675E-4
11.258	5.947E-4
11.266	4.445E-5
11.275	-6.063E-4
11.283	-1.269E-3
11.292	-1.857E-3
11.300	-2.304E-3
11.308	-2.612E-3
11.317	-2.739E-3
11.325	-2.662E-3
11.333	-2.354E-3
11.342	-1.956E-3
11.350	-1.335E-3
11.359	-6.899E-4
11.367	-8.366E-5
11.375	4.583E-4
11.384	8.458E-4
11.392	1.046E-3
11.400	9.883E-4
11.409	6.365E-4
11.417	1.497E-4
11.426	-4.568E-4
11.434	-1.121E-3
11.442	-1.761E-3
11.451	-2.258E-3
11.459	-2.624E-3
11.467	-2.784E-3
11.476	-2.761E-3
11.484	-2.498E-3
11.493	-2.086E-3
11.501	-1.529E-3
11.509	-8.701E-4
11.518	-2.376E-4
11.526	3.583E-4
11.534	8.123E-4
11.543	1.077E-3
11.551	1.099E-3
11.560	8.636E-4
11.568	4.220E-4
11.576	-1.510E-4
11.585	-7.982E-4
11.593	-1.456E-3
11.601	-2.012E-3
11.610	-2.440E-3
11.618	-2.690E-3
11.627	-2.730E-3
11.635	-2.544E-3
11.643	-2.201E-3
11.652	-1.717E-3
11.660	-1.085E-3
11.668	-4.251E-4
11.677	1.514E-4
11.685	6.434E-4
11.694	9.333E-4
11.702	1.048E-3
11.710	8.928E-4
11.719	5.493E-4
11.727	-1.277E-5
11.735	-6.362E-4
11.744	-1.273E-3
11.752	-1.870E-3
11.761	-2.337E-3
11.769	-2.626E-3
11.777	-2.745E-3
11.786	-2.664E-3
11.794	-2.342E-3
11.802	-1.874E-3
11.811	-1.307E-3
11.819	-6.540E-4
11.828	-4.517E-5
11.836	5.069E-4
11.844	8.564E-4
11.853	1.049E-3
11.861	9.555E-4
11.869	6.378E-4
11.878	1.520E-4
11.886	-4.415E-4
11.895	-1.104E-3
11.903	-1.736E-3
11.911	-2.239E-3
11.920	-2.568E-3
11.928	-2.728E-3
11.937	-2.719E-3
11.945	-2.483E-3
11.953	-2.049E-3
11.962	-1.509E-3
11.970	-8.563E-4
11.978	-2.400E-4
11.987	3.491E-4
11.995	7.950E-4
12.004	1.060E-3
12.012	1.077E-3
12.020	8.541E-4
12.029	4.181E-4
12.037	-1.643E-4
12.045	-7.908E-4
12.054	-1.439E-3
12.062	-1.994E-3
12.071	-2.415E-3
12.079	-2.669E-3
12.087	-2.713E-3
12.096	-2.528E-3
12.104	-2.193E-3
12.112	-1.687E-3
12.121	-1.086E-3
12.129	-4.420E-4
12.138	1.400E-4
12.146	6.262E-4
12.154	9.060E-4
12.163	1.007E-3
12.171	8.306E-4
12.179	4.481E-4
12.188	-9.687E-5
12.196	-7.125E-4
12.205	-1.345E-3
12.213	-1.946E-3
12.221	-2.407E-3
12.230	-2.728E-3
12.238	-2.795E-3
12.246	-2.708E-3
12.255	-2.417E-3
12.263	-1.985E-3
12.272	-1.368E-3
12.280	-7.487E-4
12.288	-1.287E-4
12.297	3.939E-4
12.305	7.962E-4
12.313	9.310E-4
12.322	8.526E-4
12.330	5.797E-4
12.339	1.090E-4
12.347	-5.088E-4
12.355	-1.121E-3
12.364	-1.742E-3
12.372	-2.254E-3
12.380	-2.552E-3
12.389	-2.719E-3
12.397	-2.697E-3
12.406	-2.472E-3
12.414	-2.047E-3
12.422	-1.512E-3
12.431	-8.695E-4
12.439	-2.632E-4
12.447	3.333E-4
12.456	7.498E-4
12.464	9.264E-4
12.473	8.985E-4
12.481	6.567E-4
12.489	2.389E-4
12.498	-3.398E-4
12.506	-9.756E-4
12.514	-1.583E-3
12.523	-2.094E-3
12.531	-2.490E-3
12.540	-2.720E-3
12.548	-2.740E-3
12.556	-2.549E-3
12.565	-2.219E-3
12.573	-1.735E-3
12.581	-1.105E-3
12.590	-4.774E-4
12.598	1.132E-4
12.607	5.998E-4
12.615	8.744E-4
12.623	9.358E-4
12.632	8.077E-4
12.640	4.290E-4
12.649	-1.021E-4
12.657	-7.087E-4
12.665	-1.325E-3
12.674	-1.902E-3
12.682	-2.359E-3
12.690	-2.709E-3
12.699	-2.775E-3
12.707	-2.683E-3
12.716	-2.384E-3
12.724	-1.976E-3
12.732	-1.355E-3
12.741	-7.602E-4
12.749	-1.380E-4
12.757	3.849E-4
12.766	7.610E-4
12.774	8.482E-4
12.783	8.073E-4
12.791	5.410E-4
12.799	6.271E-6
12.808	-5.961E-4
12.816	-1.245E-3
12.824	-1.822E-3
12.833	-2.290E-3
12.841	-2.634E-3
12.850	-2.780E-3
12.858	-2.744E-3
12.866	-2.510E-3
12.875	-2.074E-3
12.883	-1.542E-3
12.891	-8.957E-4
12.900	-2.938E-4
12.908	2.814E-4
12.917	6.419E-4
12.925	8.549E-4
12.933	8.584E-4
12.942	6.245E-4
12.950	1.895E-4
12.958	-3.532E-4
12.967	-9.718E-4
12.975	-1.587E-3
12.984	-2.087E-3
12.992	-2.481E-3
13.000	-2.710E-3
13.009	-2.734E-3
13.017	-2.538E-3
13.025	-2.202E-3
13.034	-1.719E-3
13.042	-1.101E-3
13.051	-5.037E-4
13.059	9.495E-5
13.067	5.809E-4
13.076	8.526E-4
13.084	9.054E-4
13.092	7.838E-4
13.101	4.129E-4
13.109	-1.039E-4
13.118	-7.142E-4
13.126	-1.329E-3
13.134	-1.870E-3
13.143	-2.325E-3
13.151	-2.586E-3
13.159	-2.661E-3
13.168	-2.542E-3
13.176	-2.251E-3
13.185	-1.793E-3
13.193	-1.235E-3
13.201	-6.119E-4
13.210	-2.875E-5
13.218	4.600E-4
13.226	8.245E-4
13.235	9.396E-4
13.243	8.597E-4
13.252	5.819E-4
13.260	1.163E-4
13.268	-4.782E-4
13.277	-1.096E-3
13.285	-1.702E-3
13.293	-2.188E-3
13.302	-2.510E-3
13.310	-2.683E-3
13.319	-2.639E-3
13.327	-2.439E-3
13.335	-2.032E-3
13.344	-1.512E-3
13.352	-8.801E-4
13.361	-2.877E-4
13.369	2.720E-4
13.377	6.272E-4
13.386	8.455E-4
13.394	8.513E-4
13.402	6.194E-4
13.411	1.903E-4
13.419	-3.497E-4
13.428	-9.705E-4
13.436	-1.570E-3
13.444	-2.067E-3
13.453	-2.467E-3
13.461	-2.684E-3
13.469	-2.714E-3
13.478	-2.523E-3
13.486	-2.188E-3
13.495	-1.718E-3
13.503	-1.103E-3
13.511	-5.123E-4
13.520	7.438E-5
13.528	5.671E-4
13.536	8.425E-4
13.545	8.940E-4
13.553	7.459E-4
13.562	3.624E-4
13.570	-1.374E-4
13.578	-7.554E-4
13.587	-1.337E-3
13.595	-1.879E-3
13.603	-2.317E-3
13.612	-2.558E-3
13.620	-2.644E-3
13.629	-2.529E-3
13.637	-2.246E-3
13.645	-1.787E-3
13.654	-1.236E-3
13.662	-6.209E-4
13.670	-4.820E-5
13.679	4.355E-4
13.687	7.986E-4
13.696	9.208E-4
13.704	8.434E-4
13.712	5.658E-4
13.721	1.041E-4
13.729	-4.763E-4
13.737	-1.097E-3
13.746	-1.694E-3
13.754	-2.165E-3
13.763	-2.506E-3
13.771	-2.621E-3
13.779	-2.580E-3
13.788	-2.316E-3
13.796	-1.940E-3
13.804	-1.416E-3
13.813	-8.314E-4
13.821	-2.467E-4
13.830	3.084E-4
13.838	6.764E-4
13.846	8.740E-4
13.855	8.711E-4
13.863	6.323E-4
13.871	2.023E-4
13.880	-3.367E-4
13.888	-9.298E-4
13.897	-1.549E-3
13.905	-2.040E-3
13.913	-2.428E-3
13.922	-2.632E-3
13.930	-2.690E-3
13.938	-2.511E-3
13.947	-2.159E-3
13.955	-1.704E-3
13.964	-1.105E-3
13.972	-5.197E-4
13.980	6.942E-5
13.989	5.330E-4
13.997	7.625E-4
14.005	7.990E-4
14.014	6.256E-4
14.022	3.138E-4
14.031	-1.773E-4
14.039	-7.814E-4
14.047	-1.347E-3
14.056	-1.880E-3
14.064	-2.308E-3
14.073	-2.544E-3
14.081	-2.586E-3
14.089	-2.481E-3
14.098	-2.202E-3
14.106	-1.753E-3
14.114	-1.229E-3
14.123	-6.130E-4
14.131	-4.571E-5
14.140	4.247E-4
14.148	7.830E-4
14.156	9.009E-4
14.165	8.285E-4
14.173	5.455E-4
14.181	9.725E-5
14.190	-4.751E-4
14.198	-1.075E-3
14.207	-1.663E-3
14.215	-2.134E-3
14.223	-2.479E-3
14.232	-2.584E-3
14.240	-2.515E-3
14.248	-2.272E-3
14.257	-1.891E-3
14.265	-1.362E-3
14.274	-7.805E-4
14.282	-1.963E-4
14.290	3.276E-4
14.299	6.882E-4
14.307	8.747E-4
14.315	8.701E-4
14.324	6.301E-4
14.332	1.968E-4
14.341	-3.350E-4
14.349	-9.222E-4
14.357	-1.543E-3
14.366	-2.022E-3
14.374	-2.370E-3
14.382	-2.579E-3
14.391	-2.554E-3
14.399	-2.388E-3
14.408	-2.042E-3
14.416	-1.561E-3
14.424	-1.000E-3
14.433	-3.891E-4
14.441	1.579E-4
14.449	6.038E-4
14.458	8.624E-4
14.466	8.960E-4
14.475	7.244E-4
14.483	3.732E-4
14.491	-1.256E-4
14.500	-7.301E-4
14.508	-1.303E-3
14.516	-1.826E-3
14.525	-2.234E-3
14.533	-2.488E-3
14.542	-2.532E-3
14.550	-2.435E-3
14.558	-2.165E-3
14.567	-1.742E-3
14.575	-1.208E-3
14.583	-6.087E-4
14.592	-5.999E-5
14.600	4.118E-4
14.609	7.242E-4
14.617	8.437E-4
14.625	7.511E-4
14.634	4.097E-4
14.642	-6.138E-5
14.650	-5.992E-4
14.659	-1.185E-3
14.667	-1.782E-3
14.676	-2.233E-3
14.684	-2.519E-3
14.692	-2.649E-3
14.701	-2.584E-3
14.709	-2.316E-3
14.717	-1.907E-3
14.726	-1.422E-3
14.734	-8.543E-4
14.743	-2.931E-4
14.751	2.073E-4
14.759	5.953E-4
14.768	8.093E-4
14.776	8.264E-4
14.785	5.909E-4
14.793	1.662E-4
14.801	-3.491E-4
14.810	-9.487E-4
14.818	-1.541E-3
14.826	-2.015E-3
14.835	-2.346E-3
14.843	-2.513E-3
14.852	-2.506E-3
14.860	-2.307E-3
14.868	-1.973E-3
14.877	-1.513E-3
14.885	-9.599E-4
14.893	-3.686E-4
14.902	1.612E-4
14.910	6.006E-4
14.919	8.576E-4
14.927	8.915E-4
14.935	7.020E-4
14.944	3.648E-4
14.952	-1.246E-4
14.960	-7.137E-4
14.969	-1.295E-3
14.977	-1.814E-3
14.986	-2.216E-3
14.994	-2.471E-3
15.002	-2.515E-3
15.011	-2.425E-3
15.019	-2.140E-3
15.027	-1.735E-3
15.036	-1.203E-3
15.044	-6.152E-4
15.053	-7.132E-5
15.061	4.014E-4
15.069	6.928E-4
15.078	8.253E-4
15.086	7.111E-4
15.094	3.969E-4
15.103	-6.750E-5
15.111	-5.997E-4
15.120	-1.171E-3
15.128	-1.762E-3
15.136	-2.218E-3
15.145	-2.504E-3
15.153	-2.595E-3
15.161	-2.579E-3
15.170	-2.300E-3
15.178	-1.911E-3
15.187	-1.384E-3
15.195	-8.547E-4
15.203	-3.076E-4
15.212	2.035E-4
15.220	5.833E-4
15.228	7.855E-4
15.237	8.070E-4
15.245	5.758E-4
15.254	1.562E-4
15.262	-3.510E-4
15.270	-9.482E-4
15.279	-1.528E-3
15.287	-2.008E-3
15.295	-2.315E-3
15.304	-2.500E-3
15.312	-2.497E-3
15.321	-2.295E-3
15.329	-1.965E-3
15.337	-1.506E-3
15.346	-9.672E-4
15.354	-3.761E-4
15.362	1.555E-4
15.371	5.872E-4
15.379	8.416E-4
15.388	8.728E-4
15.396	6.928E-4
15.404	3.580E-4
15.413	-1.368E-4
15.421	-7.123E-4
15.430	-1.285E-3
15.438	-1.798E-3
15.446	-2.207E-3
15.455	-2.455E-3
15.463	-2.503E-3
15.471	-2.394E-3
15.480	-2.102E-3
15.488	-1.679E-3
15.497	-1.136E-3
15.505	-5.548E-4
15.513	-2.628E-5
15.522	4.248E-4
15.530	7.024E-4
15.538	8.300E-4
15.547	7.082E-4
15.555	4.025E-4
15.564	-6.886E-5
15.572	-5.911E-4
15.580	-1.146E-3
15.589	-1.746E-3
15.597	-2.187E-3
15.605	-2.488E-3
15.614	-2.569E-3
15.622	-2.504E-3
15.631	-2.262E-3
15.639	-1.849E-3
15.647	-1.315E-3
15.656	-7.797E-4
15.664	-2.292E-4
15.672	2.545E-4
15.681	5.995E-4
15.689	7.989E-4
15.698	8.185E-4
15.706	5.813E-4
15.714	1.599E-4
15.723	-3.439E-4
15.731	-9.017E-4
15.739	-1.464E-3
15.748	-1.957E-3
15.756	-2.277E-3
15.765	-2.465E-3
15.773	-2.471E-3
15.781	-2.271E-3
15.790	-1.956E-3
15.798	-1.497E-3
15.806	-9.563E-4
15.815	-3.760E-4
15.823	1.488E-4
15.832	5.773E-4
15.840	8.225E-4
15.848	8.624E-4
15.857	6.731E-4
15.865	3.451E-4
15.873	-1.458E-4
15.882	-7.051E-4
15.890	-1.277E-3
15.899	-1.780E-3
15.907	-2.192E-3
15.915	-2.435E-3
15.924	-2.492E-3
15.932	-2.341E-3
15.940	-2.041E-3
15.949	-1.600E-3
15.957	-1.053E-3
15.966	-5.104E-4
15.974	1.226E-5
15.982	4.421E-4
15.991	7.083E-4
15.999	8.266E-4
16.007	6.946E-4
16.016	3.967E-4
16.024	-6.879E-5
16.033	-5.852E-4
16.041	-1.131E-3
16.049	-1.672E-3
16.058	-2.081E-3
16.066	-2.336E-3
16.074	-2.461E-3
16.083	-2.408E-3
16.091	-2.202E-3
16.100	-1.803E-3
16.108	-1.284E-3
16.116	-7.499E-4
16.125	-2.183E-4
16.133	2.500E-4
16.142	5.940E-4
16.150	7.682E-4
16.158	6.727E-4
16.167	4.243E-4
16.175	4.039E-5
16.183	-5.168E-4
16.192	-1.077E-3
16.200	-1.602E-3
16.209	-2.049E-3
16.217	-2.351E-3
16.225	-2.548E-3
16.234	-2.528E-3
16.242	-2.317E-3
16.250	-1.984E-3
16.259	-1.525E-3
16.267	-9.982E-4
16.276	-4.156E-4
16.284	1.144E-4
16.292	5.225E-4
16.301	6.903E-4
16.309	6.922E-4
16.317	5.518E-4
16.326	1.806E-4
16.334	-3.095E-4
16.343	-8.307E-4
16.351	-1.356E-3
16.359	-1.837E-3
16.368	-2.228E-3
16.376	-2.462E-3
16.384	-2.506E-3
16.393	-2.352E-3
16.401	-2.094E-3
16.410	-1.667E-3
16.418	-1.131E-3
16.426	-5.750E-4
16.435	-5.785E-5
16.443	3.885E-4
16.451	6.478E-4
16.460	7.876E-4
16.468	6.610E-4
16.477	3.779E-4
16.485	-7.773E-5
16.493	-5.977E-4
16.502	-1.135E-3
16.510	-1.670E-3
16.518	-2.074E-3
16.527	-2.317E-3
16.535	-2.437E-3
16.544	-2.368E-3
16.552	-2.186E-3
16.560	-1.798E-3
16.569	-1.291E-3
16.577	-7.566E-4
16.585	-2.293E-4
16.594	2.254E-4
16.602	5.801E-4
16.611	7.254E-4
16.619	6.455E-4
16.627	4.041E-4
16.636	1.847E-5
16.644	-5.316E-4
16.652	-1.074E-3
16.661	-1.585E-3
16.669	-2.035E-3
16.678	-2.327E-3
16.686	-2.492E-3
16.694	-2.484E-3
16.703	-2.281E-3
16.711	-1.964E-3
16.719	-1.514E-3
16.728	-9.834E-4
16.736	-4.146E-4
16.745	1.122E-4
16.753	5.016E-4
16.761	6.649E-4
16.770	6.711E-4
16.778	5.452E-4
16.786	1.759E-4
16.795	-3.087E-4
16.803	-8.302E-4
16.812	-1.347E-3
16.820	-1.816E-3
16.828	-2.212E-3
16.837	-2.437E-3
16.845	-2.491E-3
16.854	-2.323E-3
16.862	-2.032E-3
16.870	-1.598E-3
16.879	-1.062E-3
16.887	-5.263E-4
16.895	-2.601E-5
16.904	4.024E-4
16.912	6.548E-4
16.921	7.572E-4
16.929	6.234E-4
16.937	3.459E-4
16.946	-9.368E-5
16.954	-6.076E-4
16.962	-1.138E-3
16.971	-1.653E-3
16.979	-2.060E-3
16.988	-2.299E-3
16.996	-2.421E-3
17.004	-2.324E-3
17.013	-2.076E-3
17.021	-1.712E-3
17.029	-1.234E-3
17.038	-7.045E-4
17.046	-1.714E-4
17.055	3.258E-4
17.063	6.467E-4
17.071	8.136E-4
17.080	7.708E-4
17.088	4.832E-4
17.096	9.475E-5
17.105	-3.882E-4
17.113	-9.351E-4
17.122	-1.496E-3
17.130	-1.962E-3
17.138	-2.262E-3
17.147	-2.433E-3
17.155	-2.443E-3
17.163	-2.255E-3
17.172	-1.929E-3
17.180	-1.487E-3
17.189	-9.743E-4
17.197	-4.154E-4
17.205	9.809E-5
17.214	4.672E-4
17.222	6.440E-4
17.230	6.507E-4
17.239	4.902E-4
17.247	1.243E-4
17.256	-3.361E-4
17.264	-8.541E-4
17.272	-1.359E-3
17.281	-1.817E-3
17.289	-2.204E-3
17.297	-2.439E-3
17.306	-2.469E-3
17.314	-2.314E-3
17.323	-2.024E-3
17.331	-1.590E-3
17.339	-1.066E-3
17.348	-5.389E-4
17.356	-4.657E-5
17.364	3.872E-4
17.373	6.441E-4
17.381	7.189E-4
17.390	6.116E-4
17.398	3.391E-4
17.406	-1.028E-4
17.415	-6.108E-4
17.423	-1.132E-3
17.431	-1.619E-3
17.440	-2.006E-3
17.448	-2.254E-3
17.457	-2.342E-3
17.465	-2.247E-3
17.473	-2.018E-3
17.482	-1.657E-3
17.490	-1.198E-3
17.498	-6.708E-4
17.507	-1.621E-4
17.515	3.135E-4
17.524	6.412E-4
17.532	7.897E-4
17.540	7.442E-4
17.549	4.677E-4
17.557	7.875E-5
17.566	-3.930E-4
17.574	-9.210E-4
17.582	-1.490E-3
17.591	-1.938E-3
17.599	-2.247E-3
17.607	-2.408E-3
17.616	-2.419E-3
17.624	-2.244E-3
17.633	-1.913E-3
17.641	-1.490E-3
17.649	-9.748E-4
17.658	-4.205E-4
17.666	8.803E-5
17.674	4.350E-4
17.683	6.295E-4
17.691	6.373E-4
17.700	4.632E-4
17.708	1.173E-4
17.716	-3.396E-4
17.725	-8.518E-4
17.733	-1.353E-3
17.741	-1.806E-3
17.750	-2.186E-3
17.758	-2.382E-3
17.767	-2.448E-3
17.775	-2.310E-3
17.783	-2.021E-3
17.792	-1.587E-3
17.800	-1.067E-3
17.808	-5.448E-4
17.817	-6.034E-5
17.825	3.731E-4
17.834	6.290E-4
17.842	6.821E-4
17.850	5.926E-4
17.859	3.214E-4
17.867	-1.110E-4
17.875	-6.073E-4
17.884	-1.128E-3
17.892	-1.595E-3
17.901	-1.996E-3
17.909	-2.241E-3
17.917	-2.317E-3
17.926	-2.234E-3
17.934	-2.006E-3
17.942	-1.636E-3
17.951	-1.193E-3
17.959	-6.644E-4
17.968	-1.773E-4
17.976	2.864E-4
17.984	5.850E-4
17.993	7.034E-4
18.001	6.398E-4
18.009	4.004E-4
18.018	-7.323E-6
18.026	-5.188E-4
18.035	-1.052E-3
18.043	-1.546E-3
18.051	-1.986E-3
18.060	-2.270E-3
18.068	-2.438E-3
18.076	-2.441E-3
18.085	-2.252E-3
18.093	-1.918E-3
18.102	-1.494E-3
18.110	-9.846E-4
18.118	-4.503E-4
18.127	-2.285E-5
18.135	3.435E-4
18.143	5.663E-4
18.152	5.917E-4
18.160	3.994E-4
18.169	8.218E-5
18.177	-3.596E-4
18.185	-8.647E-4
18.194	-1.360E-3
18.202	-1.811E-3
18.210	-2.161E-3
18.219	-2.332E-3
18.227	-2.314E-3
18.236	-2.220E-3
18.244	-1.950E-3
18.252	-1.535E-3
18.261	-1.046E-3
18.269	-5.278E-4
18.278	-5.017E-5
18.286	3.761E-4
18.294	6.276E-4
18.303	6.761E-4
18.311	5.868E-4
18.319	3.048E-4
18.328	-1.136E-4
18.336	-5.992E-4
18.345	-1.118E-3
18.353	-1.583E-3
18.361	-1.983E-3
18.370	-2.226E-3
18.378	-2.271E-3
18.386	-2.229E-3
18.395	-1.999E-3
18.403	-1.618E-3
18.412	-1.119E-3
18.420	-5.828E-4
18.428	-8.515E-5
18.437	3.606E-4
18.445	6.566E-4
18.453	7.908E-4
18.462	7.340E-4
18.470	4.617E-4
18.479	6.620E-5
18.487	-3.908E-4
18.495	-9.123E-4
18.504	-1.448E-3
18.512	-1.878E-3
18.520	-2.212E-3
18.529	-2.322E-3
18.537	-2.291E-3
18.546	-2.079E-3
18.554	-1.754E-3
18.562	-1.289E-3
18.571	-7.905E-4
18.579	-2.833E-4
18.587	1.733E-4
18.596	5.257E-4
18.604	6.658E-4
18.613	6.591E-4
18.621	4.608E-4
18.629	1.242E-4
18.638	-3.273E-4
18.646	-8.345E-4
18.654	-1.323E-3
18.663	-1.777E-3
18.671	-2.101E-3
18.680	-2.261E-3
18.688	-2.263E-3
18.696	-2.179E-3
18.705	-1.901E-3
18.713	-1.511E-3
18.721	-1.031E-3
18.730	-5.150E-4
18.738	-5.162E-5
18.747	3.657E-4
18.755	6.151E-4
18.763	6.625E-4
18.772	5.710E-4
18.780	2.665E-4
18.788	-1.708E-4
18.797	-6.394E-4
18.805	-1.150E-3
18.814	-1.668E-3
18.822	-2.048E-3
18.830	-2.268E-3
18.839	-2.318E-3
18.847	-2.241E-3
18.855	-2.009E-3
18.864	-1.626E-3
18.872	-1.203E-3
18.881	-7.153E-4
18.889	-2.365E-4
18.897	1.719E-4
18.906	4.598E-4
18.914	5.949E-4
18.922	5.623E-4
18.931	3.419E-4
18.939	-6.359E-5
18.948	-5.521E-4
18.956	-1.055E-3
18.964	-1.541E-3
18.973	-1.966E-3
18.981	-2.249E-3
18.990	-2.337E-3
18.998	-2.302E-3
19.006	-2.084E-3
19.015	-1.758E-3
19.023	-1.303E-3
19.031	-8.039E-4
19.040	-3.051E-4
19.048	1.550E-4
19.057	4.795E-4
19.065	6.448E-4
19.073	6.439E-4
19.082	4.430E-4
19.090	1.197E-4
19.098	-3.307E-4
19.107	-8.270E-4
19.115	-1.313E-3
19.124	-1.769E-3
19.132	-2.081E-3
19.140	-2.247E-3
19.149	-2.249E-3
19.157	-2.157E-3
19.165	-1.870E-3
19.174	-1.509E-3
19.182	-1.025E-3
19.191	-5.330E-4
19.199	-6.550E-5
19.207	3.485E-4
19.216	6.013E-4
19.224	6.515E-4
19.232	5.559E-4
19.241	2.381E-4
19.249	-1.828E-4
19.258	-7.159E-4
19.266	-1.260E-3
19.274	-1.731E-3
19.283	-2.072E-3
19.291	-2.280E-3
19.299	-2.323E-3
19.308	-2.247E-3
19.316	-2.013E-3
19.325	-1.620E-3
19.333	-1.131E-3
19.341	-6.089E-4
19.350	-1.149E-4
19.358	3.184E-4
19.366	6.225E-4
19.375	7.162E-4
19.383	6.484E-4
19.392	4.016E-4
19.400	-5.976E-6
19.408	-5.050E-4
19.417	-1.013E-3
19.425	-1.504E-3
19.433	-1.920E-3
19.442	-2.222E-3
19.450	-2.318E-3
19.459	-2.287E-3
19.467	-2.061E-3
19.475	-1.748E-3
19.484	-1.293E-3
19.492	-8.047E-4
19.500	-3.123E-4
19.509	1.450E-4
19.517	4.612E-4
19.526	6.351E-4
19.534	6.310E-4
19.542	4.300E-4
19.551	1.014E-4
19.559	-3.351E-4
19.567	-8.234E-4
19.576	-1.309E-3
19.584	-1.755E-3
19.593	-2.064E-3
19.601	-2.239E-3
19.609	-2.248E-3
19.618	-2.127E-3
19.626	-1.842E-3
19.635	-1.434E-3
19.643	-9.876E-4
19.651	-5.104E-4
19.660	-5.259E-5
19.668	3.492E-4
19.676	5.979E-4
19.685	6.399E-4
19.693	5.388E-4
19.702	1.780E-4
19.710	-2.517E-4
19.718	-7.584E-4
19.727	-1.267E-3
19.735	-1.743E-3
19.743	-2.067E-3
19.752	-2.282E-3
19.760	-2.308E-3
19.769	-2.235E-3
19.777	-2.004E-3
19.785	-1.604E-3
19.794	-1.126E-3
19.802	-6.117E-4
19.810	-1.183E-4
19.819	3.028E-4
19.827	5.988E-4
19.836	6.956E-4
19.844	6.351E-4
19.852	3.959E-4
19.861	-1.636E-5
19.869	-5.068E-4
19.877	-1.009E-3
19.886	-1.504E-3
19.894	-1.903E-3
19.903	-2.209E-3
19.911	-2.306E-3
19.919	-2.270E-3
19.928	-2.046E-3
19.936	-1.741E-3
19.944	-1.289E-3
19.953	-8.063E-4
19.961	-3.179E-4
19.970	1.271E-4
19.978	4.360E-4
19.986	6.229E-4
19.995	6.221E-4
20.003	4.164E-4
20.011	8.975E-5
20.020	-3.390E-4
20.028	-8.298E-4
20.037	-1.307E-3
20.045	-1.745E-3
20.053	-2.042E-3
20.062	-2.225E-3
20.070	-2.237E-3
20.078	-2.087E-3
20.087	-1.782E-3
20.095	-1.382E-3
20.104	-8.786E-4
20.112	-3.783E-4
20.120	1.008E-4
20.129	4.606E-4
20.137	6.669E-4
20.145	6.918E-4
20.154	5.744E-4
20.162	2.725E-4
20.171	-1.621E-4
20.179	-6.234E-4
20.187	-1.102E-3
20.196	-1.551E-3
20.204	-1.915E-3
20.212	-2.157E-3
20.221	-2.232E-3
20.229	-2.166E-3
20.238	-1.952E-3
20.246	-1.569E-3
20.254	-1.090E-3
20.263	-5.950E-4
20.271	-1.148E-4
20.279	3.012E-4
20.288	5.911E-4
