	mass A	
t	x	
0.000	-4.561E-3
0.008	-4.550E-3
0.017	-4.528E-3
0.025	-4.497E-3
0.034	-4.412E-3
0.042	-4.303E-3
0.050	-4.135E-3
0.059	-3.930E-3
0.067	-3.632E-3
0.075	-3.267E-3
0.084	-2.765E-3
0.092	-2.064E-3
0.101	-1.223E-3
0.109	-2.597E-4
0.117	6.974E-4
0.126	1.452E-3
0.134	1.967E-3
0.142	2.139E-3
0.151	1.938E-3
0.159	1.444E-3
0.168	6.611E-4
0.176	-2.561E-4
0.184	-1.219E-3
0.193	-2.122E-3
0.201	-2.797E-3
0.209	-3.288E-3
0.218	-3.463E-3
0.226	-3.344E-3
0.235	-2.945E-3
0.243	-2.342E-3
0.251	-1.492E-3
0.260	-5.500E-4
0.268	4.173E-4
0.276	1.252E-3
0.285	1.831E-3
0.293	2.146E-3
0.302	2.089E-3
0.310	1.668E-3
0.318	9.892E-4
0.327	5.291E-5
0.335	-8.961E-4
0.343	-1.813E-3
0.352	-2.602E-3
0.360	-3.129E-3
0.369	-3.390E-3
0.377	-3.384E-3
0.385	-3.081E-3
0.394	-2.511E-3
0.402	-1.748E-3
0.410	-8.163E-4
0.419	1.594E-4
0.427	1.009E-3
0.436	1.687E-3
0.444	2.090E-3
0.452	2.144E-3
0.461	1.856E-3
0.469	1.220E-3
0.477	3.948E-4
0.486	-5.206E-4
0.494	-1.472E-3
0.503	-2.283E-3
0.511	-2.916E-3
0.519	-3.297E-3
0.528	-3.369E-3
0.536	-3.160E-3
0.544	-2.684E-3
0.553	-1.968E-3
0.561	-1.121E-3
0.570	-1.997E-4
0.578	7.230E-4
0.586	1.453E-3
0.595	1.941E-3
0.603	2.127E-3
0.611	1.916E-3
0.620	1.419E-3
0.628	6.448E-4
0.637	-2.676E-4
0.645	-1.204E-3
0.653	-2.082E-3
0.662	-2.753E-3
0.670	-3.168E-3
0.678	-3.353E-3
0.687	-3.193E-3
0.695	-2.834E-3
0.704	-2.224E-3
0.712	-1.412E-3
0.720	-4.694E-4
0.729	4.440E-4
0.737	1.262E-3
0.746	1.838E-3
0.754	2.128E-3
0.762	2.078E-3
0.771	1.660E-3
0.779	9.728E-4
0.787	6.310E-5
0.796	-8.956E-4
0.804	-1.784E-3
0.813	-2.512E-3
0.821	-3.030E-3
0.829	-3.311E-3
0.838	-3.325E-3
0.846	-3.038E-3
0.854	-2.476E-3
0.863	-1.709E-3
0.871	-8.023E-4
0.880	1.551E-4
0.888	9.957E-4
0.896	1.657E-3
0.905	2.059E-3
0.913	2.110E-3
0.921	1.828E-3
0.930	1.222E-3
0.938	3.802E-4
0.947	-5.103E-4
0.955	-1.446E-3
0.963	-2.253E-3
0.972	-2.842E-3
0.980	-3.213E-3
0.988	-3.253E-3
0.997	-3.080E-3
1.005	-2.638E-3
1.014	-1.930E-3
1.022	-1.077E-3
1.030	-1.562E-4
1.039	7.346E-4
1.047	1.458E-3
1.055	1.919E-3
1.064	2.109E-3
1.072	1.912E-3
1.081	1.406E-3
1.089	6.588E-4
1.097	-2.459E-4
1.106	-1.171E-3
1.114	-2.033E-3
1.122	-2.689E-3
1.131	-3.103E-3
1.139	-3.296E-3
1.148	-3.191E-3
1.156	-2.788E-3
1.164	-2.188E-3
1.173	-1.404E-3
1.181	-4.764E-4
1.189	4.308E-4
1.198	1.221E-3
1.206	1.747E-3
1.215	1.973E-3
1.223	1.902E-3
1.231	1.480E-3
1.240	7.996E-4
1.248	-4.422E-5
1.256	-9.599E-4
1.265	-1.842E-3
1.273	-2.573E-3
1.282	-3.101E-3
1.290	-3.362E-3
1.298	-3.346E-3
1.307	-3.057E-3
1.315	-2.505E-3
1.323	-1.728E-3
1.332	-8.267E-4
1.340	9.275E-5
1.349	9.224E-4
1.357	1.585E-3
1.365	1.966E-3
1.374	1.960E-3
1.382	1.663E-3
1.390	1.075E-3
1.399	2.210E-4
1.407	-6.625E-4
1.416	-1.583E-3
1.424	-2.384E-3
1.432	-2.942E-3
1.441	-3.277E-3
1.449	-3.363E-3
1.458	-3.135E-3
1.466	-2.664E-3
1.474	-1.991E-3
1.483	-1.116E-3
1.491	-2.367E-4
1.499	6.609E-4
1.508	1.387E-3
1.516	1.854E-3
1.525	1.961E-3
1.533	1.750E-3
1.541	1.228E-3
1.550	5.272E-4
1.558	-3.853E-4
1.566	-1.283E-3
1.575	-2.108E-3
1.583	-2.758E-3
1.592	-3.140E-3
1.600	-3.309E-3
1.608	-3.181E-3
1.617	-2.791E-3
1.625	-2.181E-3
1.633	-1.417E-3
1.642	-5.031E-4
1.650	4.045E-4
1.659	1.175E-3
1.667	1.732E-3
1.675	1.927E-3
1.684	1.887E-3
1.692	1.478E-3
1.700	7.878E-4
1.709	-6.615E-5
1.717	-9.632E-4
1.726	-1.835E-3
1.734	-2.541E-3
1.742	-3.076E-3
1.751	-3.340E-3
1.759	-3.296E-3
1.767	-3.006E-3
1.776	-2.482E-3
1.784	-1.724E-3
1.793	-8.305E-4
1.801	7.886E-5
1.809	8.946E-4
1.818	1.537E-3
1.826	1.881E-3
1.834	1.903E-3
1.843	1.606E-3
1.851	1.024E-3
1.860	1.920E-4
1.868	-6.801E-4
1.876	-1.573E-3
1.885	-2.368E-3
1.893	-2.919E-3
1.901	-3.209E-3
1.910	-3.229E-3
1.918	-3.015E-3
1.927	-2.593E-3
1.935	-1.929E-3
1.943	-1.085E-3
1.952	-2.131E-4
1.960	6.527E-4
1.968	1.372E-3
1.977	1.840E-3
1.985	1.982E-3
1.994	1.762E-3
2.002	1.233E-3
2.010	4.909E-4
2.019	-3.821E-4
2.027	-1.284E-3
2.035	-2.089E-3
2.044	-2.726E-3
2.052	-3.122E-3
2.061	-3.195E-3
2.069	-3.119E-3
2.077	-2.727E-3
2.086	-2.106E-3
2.094	-1.350E-3
2.103	-4.704E-4
2.111	4.241E-4
2.119	1.173E-3
2.128	1.704E-3
2.136	1.940E-3
2.144	1.851E-3
2.153	1.456E-3
2.161	7.708E-4
2.170	-6.619E-5
2.178	-9.464E-4
2.186	-1.804E-3
2.195	-2.497E-3
2.203	-2.954E-3
2.211	-3.174E-3
2.220	-3.126E-3
2.228	-2.842E-3
2.237	-2.330E-3
2.245	-1.614E-3
2.253	-7.525E-4
2.262	1.309E-4
2.270	9.527E-4
2.278	1.573E-3
2.287	1.924E-3
2.295	1.941E-3
2.304	1.628E-3
2.312	1.049E-3
2.320	2.275E-4
2.329	-6.548E-4
2.337	-1.512E-3
2.345	-2.258E-3
2.354	-2.809E-3
2.362	-3.117E-3
2.371	-3.156E-3
2.379	-2.953E-3
2.387	-2.468E-3
2.396	-1.809E-3
2.404	-9.967E-4
2.412	-1.068E-4
2.421	7.347E-4
2.429	1.414E-3
2.438	1.849E-3
2.446	1.969E-3
2.454	1.760E-3
2.463	1.228E-3
2.471	4.961E-4
2.479	-3.694E-4
2.488	-1.260E-3
2.496	-2.038E-3
2.505	-2.646E-3
2.513	-3.047E-3
2.521	-3.166E-3
2.530	-3.055E-3
2.538	-2.681E-3
2.546	-2.079E-3
2.555	-1.314E-3
2.563	-4.417E-4
2.572	4.437E-4
2.580	1.171E-3
2.588	1.693E-3
2.597	1.919E-3
2.605	1.821E-3
2.613	1.429E-3
2.622	7.565E-4
2.630	-6.340E-5
2.639	-9.421E-4
2.647	-1.784E-3
2.655	-2.439E-3
2.664	-2.903E-3
2.672	-3.117E-3
2.680	-3.090E-3
2.689	-2.796E-3
2.697	-2.280E-3
2.706	-1.540E-3
2.714	-6.801E-4
2.722	1.858E-4
2.731	9.785E-4
2.739	1.584E-3
2.747	1.913E-3
2.756	1.920E-3
2.764	1.608E-3
2.773	1.022E-3
2.781	2.332E-4
2.789	-6.557E-4
2.798	-1.495E-3
2.806	-2.214E-3
2.815	-2.722E-3
2.823	-3.043E-3
2.831	-3.085E-3
2.840	-2.916E-3
2.848	-2.447E-3
2.856	-1.761E-3
2.865	-9.472E-4
2.873	-8.950E-5
2.882	7.478E-4
2.890	1.402E-3
2.898	1.832E-3
2.907	1.947E-3
2.915	1.730E-3
2.923	1.212E-3
2.932	4.844E-4
2.940	-3.461E-4
2.949	-1.204E-3
2.957	-1.988E-3
2.965	-2.597E-3
2.974	-2.980E-3
2.982	-3.089E-3
2.990	-2.958E-3
2.999	-2.582E-3
3.007	-1.981E-3
3.016	-1.209E-3
3.024	-3.699E-4
3.032	4.677E-4
3.041	1.180E-3
3.049	1.684E-3
3.057	1.906E-3
3.066	1.805E-3
3.074	1.421E-3
3.083	7.584E-4
3.091	-6.057E-5
3.099	-9.278E-4
3.108	-1.740E-3
3.116	-2.413E-3
3.124	-2.865E-3
3.133	-3.084E-3
3.141	-3.070E-3
3.150	-2.757E-3
3.158	-2.201E-3
3.166	-1.493E-3
3.175	-6.611E-4
3.183	1.900E-4
3.191	9.608E-4
3.200	1.507E-3
3.208	1.852E-3
3.217	1.875E-3
3.225	1.573E-3
3.233	9.888E-4
3.242	2.176E-4
3.250	-6.634E-4
3.258	-1.484E-3
3.267	-2.187E-3
3.275	-2.715E-3
3.284	-2.957E-3
3.292	-2.954E-3
3.300	-2.810E-3
3.309	-2.371E-3
3.317	-1.706E-3
3.325	-9.203E-4
3.334	-6.511E-5
3.342	7.368E-4
3.351	1.384E-3
3.359	1.810E-3
3.367	1.926E-3
3.376	1.707E-3
3.384	1.207E-3
3.392	4.787E-4
3.401	-3.615E-4
3.409	-1.225E-3
3.418	-1.980E-3
3.426	-2.576E-3
3.434	-2.952E-3
3.443	-3.063E-3
3.451	-2.936E-3
3.459	-2.553E-3
3.468	-1.971E-3
3.476	-1.204E-3
3.485	-3.755E-4
3.493	4.474E-4
3.501	1.156E-3
3.510	1.648E-3
3.518	1.877E-3
3.527	1.763E-3
3.535	1.343E-3
3.543	7.104E-4
3.552	-1.007E-4
3.560	-9.388E-4
3.568	-1.732E-3
3.577	-2.395E-3
3.585	-2.844E-3
3.594	-3.061E-3
3.602	-3.069E-3
3.610	-2.726E-3
3.619	-2.184E-3
3.627	-1.482E-3
3.635	-6.567E-4
3.644	1.789E-4
3.652	9.373E-4
3.661	1.506E-3
3.669	1.740E-3
3.677	1.717E-3
3.686	1.440E-3
3.694	8.735E-4
3.702	1.269E-4
3.711	-7.074E-4
3.719	-1.518E-3
3.728	-2.207E-3
3.736	-2.712E-3
3.744	-2.983E-3
3.753	-2.966E-3
3.761	-2.756E-3
3.769	-2.286E-3
3.778	-1.663E-3
3.786	-8.840E-4
3.795	-5.314E-5
3.803	7.347E-4
3.811	1.369E-3
3.820	1.776E-3
3.828	1.854E-3
3.836	1.648E-3
3.845	1.161E-3
3.853	4.506E-4
3.862	-3.804E-4
3.870	-1.224E-3
3.878	-1.961E-3
3.887	-2.551E-3
3.895	-2.925E-3
3.903	-3.038E-3
3.912	-2.910E-3
3.920	-2.521E-3
3.929	-1.965E-3
3.937	-1.207E-3
3.945	-3.695E-4
3.954	4.125E-4
3.962	1.129E-3
3.970	1.622E-3
3.979	1.836E-3
3.987	1.730E-3
3.996	1.309E-3
4.004	6.529E-4
4.012	-1.432E-4
4.021	-9.919E-4
4.029	-1.756E-3
4.037	-2.399E-3
4.046	-2.840E-3
4.054	-3.046E-3
4.063	-3.063E-3
4.071	-2.717E-3
4.079	-2.174E-3
4.088	-1.475E-3
4.096	-6.635E-4
4.104	1.725E-4
4.113	9.061E-4
4.121	1.469E-3
4.130	1.743E-3
4.138	1.714E-3
4.146	1.411E-3
4.155	8.446E-4
4.163	1.028E-4
4.171	-7.416E-4
4.180	-1.541E-3
4.188	-2.205E-3
4.197	-2.700E-3
4.205	-2.963E-3
4.213	-2.950E-3
4.222	-2.730E-3
4.230	-2.276E-3
4.239	-1.626E-3
4.247	-8.483E-4
4.255	-3.975E-5
4.264	7.335E-4
4.272	1.349E-3
4.280	1.742E-3
4.289	1.825E-3
4.297	1.626E-3
4.306	1.147E-3
4.314	4.541E-4
4.322	-3.824E-4
4.331	-1.203E-3
4.339	-1.940E-3
4.347	-2.502E-3
4.356	-2.852E-3
4.364	-2.958E-3
4.373	-2.821E-3
4.381	-2.443E-3
4.389	-1.870E-3
4.398	-1.137E-3
4.406	-3.173E-4
4.414	4.741E-4
4.423	1.153E-3
4.431	1.631E-3
4.440	1.829E-3
4.448	1.718E-3
4.456	1.302E-3
4.465	6.602E-4
4.473	-1.380E-4
4.481	-9.762E-4
4.490	-1.739E-3
4.498	-2.364E-3
4.507	-2.797E-3
4.515	-2.953E-3
4.523	-2.916E-3
4.532	-2.628E-3
4.540	-2.111E-3
4.548	-1.426E-3
4.557	-6.358E-4
4.565	1.807E-4
4.574	9.058E-4
4.582	1.447E-3
4.590	1.721E-3
4.599	1.696E-3
4.607	1.387E-3
4.615	8.279E-4
4.624	5.305E-5
4.632	-7.541E-4
4.641	-1.546E-3
4.649	-2.197E-3
4.657	-2.682E-3
4.666	-2.937E-3
4.674	-2.928E-3
4.682	-2.702E-3
4.691	-2.249E-3
4.699	-1.614E-3
4.708	-8.348E-4
4.716	-2.410E-5
4.724	7.456E-4
4.733	1.340E-3
4.741	1.710E-3
4.749	1.803E-3
4.758	1.602E-3
4.766	1.124E-3
4.775	4.413E-4
4.783	-3.760E-4
4.791	-1.191E-3
4.800	-1.911E-3
4.808	-2.469E-3
4.816	-2.812E-3
4.825	-2.929E-3
4.833	-2.784E-3
4.842	-2.423E-3
4.850	-1.853E-3
4.858	-1.129E-3
4.867	-3.188E-4
4.875	4.665E-4
4.883	1.129E-3
4.892	1.599E-3
4.900	1.786E-3
4.909	1.644E-3
4.917	1.233E-3
4.925	6.072E-4
4.934	-1.748E-4
4.942	-9.791E-4
4.951	-1.730E-3
4.959	-2.346E-3
4.967	-2.769E-3
4.976	-2.973E-3
4.984	-2.899E-3
4.992	-2.563E-3
5.001	-2.087E-3
5.009	-1.409E-3
5.018	-6.345E-4
5.026	1.559E-4
5.034	8.895E-4
5.043	1.422E-3
5.051	1.692E-3
5.059	1.671E-3
5.068	1.365E-3
5.076	8.143E-4
5.085	4.671E-5
5.093	-7.511E-4
5.101	-1.530E-3
5.110	-2.184E-3
5.118	-2.654E-3
5.126	-2.908E-3
5.135	-2.913E-3
5.143	-2.681E-3
5.152	-2.221E-3
5.160	-1.604E-3
5.168	-8.289E-4
5.177	-3.378E-5
5.185	7.097E-4
5.193	1.304E-3
5.202	1.643E-3
5.210	1.715E-3
5.219	1.484E-3
5.227	9.867E-4
5.235	2.880E-4
5.244	-4.910E-4
5.252	-1.278E-3
5.260	-1.973E-3
5.269	-2.500E-3
5.277	-2.824E-3
5.286	-2.925E-3
5.294	-2.778E-3
5.302	-2.418E-3
5.311	-1.850E-3
5.319	-1.133E-3
5.327	-3.575E-4
5.336	4.427E-4
5.344	1.097E-3
5.353	1.556E-3
5.361	1.686E-3
5.369	1.572E-3
5.378	1.189E-3
5.386	5.613E-4
5.394	-2.105E-4
5.403	-1.000E-3
5.411	-1.746E-3
5.420	-2.348E-3
5.428	-2.750E-3
5.436	-2.899E-3
5.445	-2.845E-3
5.453	-2.538E-3
5.461	-2.055E-3
5.470	-1.399E-3
5.478	-6.335E-4
5.487	1.440E-4
5.495	8.715E-4
5.503	1.393E-3
5.512	1.665E-3
5.520	1.647E-3
5.528	1.340E-3
5.537	7.908E-4
5.545	3.674E-5
5.554	-7.446E-4
5.562	-1.509E-3
5.570	-2.153E-3
5.579	-2.625E-3
5.587	-2.873E-3
5.596	-2.888E-3
5.604	-2.663E-3
5.612	-2.201E-3
5.621	-1.582E-3
5.629	-8.288E-4
5.637	-3.702E-5
5.646	6.937E-4
5.654	1.259E-3
5.663	1.611E-3
5.671	1.686E-3
5.679	1.460E-3
5.688	9.644E-4
5.696	2.733E-4
5.704	-4.984E-4
5.713	-1.271E-3
5.721	-1.944E-3
5.730	-2.471E-3
5.738	-2.793E-3
5.746	-2.892E-3
5.755	-2.736E-3
5.763	-2.358E-3
5.771	-1.792E-3
5.780	-1.047E-3
5.788	-2.661E-4
5.797	4.842E-4
5.805	1.125E-3
5.813	1.569E-3
5.822	1.724E-3
5.830	1.596E-3
5.838	1.204E-3
5.847	5.734E-4
5.855	-2.041E-4
5.864	-9.743E-4
5.872	-1.710E-3
5.880	-2.291E-3
5.889	-2.700E-3
5.897	-2.861E-3
5.905	-2.814E-3
5.914	-2.495E-3
5.922	-1.974E-3
5.931	-1.298E-3
5.939	-5.082E-4
5.947	2.476E-4
5.956	9.326E-4
5.964	1.426E-3
5.972	1.673E-3
5.981	1.646E-3
5.989	1.333E-3
5.998	7.920E-4
6.006	3.899E-5
6.014	-7.300E-4
6.023	-1.478E-3
6.031	-2.125E-3
6.039	-2.591E-3
6.048	-2.843E-3
6.056	-2.859E-3
6.065	-2.643E-3
6.073	-2.188E-3
6.081	-1.564E-3
6.090	-8.264E-4
6.098	-4.595E-5
6.106	6.865E-4
6.115	1.231E-3
6.123	1.578E-3
6.132	1.654E-3
6.140	1.433E-3
6.148	9.541E-4
6.157	2.625E-4
6.165	-4.923E-4
6.173	-1.255E-3
6.182	-1.938E-3
6.190	-2.440E-3
6.199	-2.743E-3
6.207	-2.812E-3
6.215	-2.675E-3
6.224	-2.305E-3
6.232	-1.742E-3
6.240	-1.016E-3
6.249	-2.532E-4
6.257	4.791E-4
6.266	1.108E-3
6.274	1.533E-3
6.282	1.656E-3
6.291	1.524E-3
6.299	1.131E-3
6.308	4.994E-4
6.316	-2.496E-4
6.324	-1.002E-3
6.333	-1.722E-3
6.341	-2.286E-3
6.349	-2.691E-3
6.358	-2.845E-3
6.366	-2.780E-3
6.375	-2.484E-3
6.383	-1.962E-3
6.391	-1.291E-3
6.400	-5.114E-4
6.408	2.343E-4
6.416	9.047E-4
6.425	1.395E-3
6.433	1.643E-3
6.442	1.613E-3
6.450	1.300E-3
6.458	7.327E-4
6.467	8.356E-6
6.475	-7.551E-4
6.483	-1.484E-3
6.492	-2.112E-3
6.500	-2.576E-3
6.509	-2.821E-3
6.517	-2.846E-3
6.525	-2.629E-3
6.534	-2.171E-3
6.542	-1.554E-3
6.550	-7.880E-4
6.559	-1.856E-5
6.567	6.862E-4
6.576	1.214E-3
6.584	1.543E-3
6.592	1.579E-3
6.601	1.382E-3
6.609	9.148E-4
6.617	2.431E-4
6.626	-4.980E-4
6.634	-1.258E-3
6.643	-1.920E-3
6.651	-2.424E-3
6.659	-2.715E-3
6.668	-2.787E-3
6.676	-2.658E-3
6.684	-2.268E-3
6.693	-1.697E-3
6.701	-9.829E-4
6.710	-2.309E-4
6.718	4.862E-4
6.726	1.089E-3
6.735	1.504E-3
6.743	1.634E-3
6.751	1.497E-3
6.760	1.096E-3
6.768	4.944E-4
6.777	-2.449E-4
6.785	-9.959E-4
6.793	-1.706E-3
6.802	-2.252E-3
6.810	-2.622E-3
6.818	-2.729E-3
6.827	-2.671E-3
6.835	-2.374E-3
6.844	-1.853E-3
6.852	-1.222E-3
6.860	-4.746E-4
6.869	2.452E-4
6.877	9.036E-4
6.885	1.386E-3
6.894	1.623E-3
6.902	1.595E-3
6.911	1.274E-3
6.919	7.299E-4
6.927	1.304E-5
6.936	-7.405E-4
6.944	-1.470E-3
6.952	-2.090E-3
6.961	-2.539E-3
6.969	-2.787E-3
6.978	-2.818E-3
6.986	-2.607E-3
6.994	-2.152E-3
7.003	-1.547E-3
7.011	-7.909E-4
7.020	-4.099E-5
7.028	6.703E-4
7.036	1.192E-3
7.045	1.507E-3
7.053	1.526E-3
7.061	1.271E-3
7.070	7.856E-4
7.078	1.347E-4
7.087	-5.895E-4
7.095	-1.310E-3
7.103	-1.950E-3
7.112	-2.433E-3
7.120	-2.709E-3
7.128	-2.775E-3
7.137	-2.645E-3
7.145	-2.255E-3
7.154	-1.697E-3
7.162	-9.870E-4
7.170	-2.469E-4
7.179	4.708E-4
7.187	1.059E-3
7.195	1.434E-3
7.204	1.570E-3
7.212	1.447E-3
7.221	1.036E-3
7.229	4.306E-4
7.237	-2.752E-4
7.246	-1.021E-3
7.254	-1.708E-3
7.262	-2.253E-3
7.271	-2.614E-3
7.279	-2.715E-3
7.288	-2.659E-3
7.296	-2.362E-3
7.304	-1.869E-3
7.313	-1.221E-3
7.321	-4.836E-4
7.329	2.391E-4
7.338	8.843E-4
7.346	1.362E-3
7.355	1.597E-3
7.363	1.568E-3
7.371	1.246E-3
7.380	7.066E-4
7.388	9.121E-6
7.396	-7.314E-4
7.405	-1.455E-3
7.413	-2.059E-3
7.422	-2.498E-3
7.430	-2.697E-3
7.438	-2.675E-3
7.447	-2.438E-3
7.455	-1.987E-3
7.463	-1.395E-3
7.472	-6.896E-4
7.480	2.842E-5
7.489	7.112E-4
7.497	1.217E-3
7.505	1.535E-3
7.514	1.546E-3
7.522	1.265E-3
7.530	7.835E-4
7.539	1.427E-4
7.547	-5.757E-4
7.556	-1.287E-3
7.564	-1.929E-3
7.572	-2.410E-3
7.581	-2.692E-3
7.589	-2.734E-3
7.597	-2.570E-3
7.606	-2.195E-3
7.614	-1.659E-3
7.623	-9.618E-4
7.631	-2.370E-4
7.639	4.659E-4
7.648	1.028E-3
7.656	1.412E-3
7.664	1.543E-3
7.673	1.383E-3
7.681	9.766E-4
7.690	3.974E-4
7.698	-2.961E-4
7.706	-1.023E-3
7.715	-1.708E-3
7.723	-2.229E-3
7.732	-2.588E-3
7.740	-2.718E-3
7.748	-2.633E-3
7.757	-2.337E-3
7.765	-1.846E-3
7.773	-1.216E-3
7.782	-4.925E-4
7.790	2.284E-4
7.799	8.679E-4
7.807	1.332E-3
7.815	1.572E-3
7.824	1.524E-3
7.832	1.177E-3
7.840	6.557E-4
7.849	-2.369E-5
7.857	-7.504E-4
7.866	-1.463E-3
7.874	-2.041E-3
7.882	-2.473E-3
7.891	-2.671E-3
7.899	-2.657E-3
7.907	-2.420E-3
7.916	-1.975E-3
7.924	-1.399E-3
7.933	-6.870E-4
7.941	2.532E-5
7.949	6.965E-4
7.958	1.196E-3
7.966	1.485E-3
7.974	1.505E-3
7.983	1.237E-3
7.991	7.697E-4
8.000	1.297E-4
8.008	-5.797E-4
8.016	-1.283E-3
8.025	-1.910E-3
8.033	-2.384E-3
8.041	-2.656E-3
8.050	-2.700E-3
8.058	-2.536E-3
8.067	-2.182E-3
8.075	-1.643E-3
8.083	-9.676E-4
8.092	-2.444E-4
8.100	4.492E-4
8.108	1.003E-3
8.117	1.384E-3
8.125	1.502E-3
8.134	1.349E-3
8.142	9.580E-4
8.150	3.858E-4
8.159	-3.073E-4
8.167	-1.020E-3
8.175	-1.689E-3
8.184	-2.205E-3
8.192	-2.558E-3
8.201	-2.684E-3
8.209	-2.609E-3
8.217	-2.267E-3
8.226	-1.778E-3
8.234	-1.140E-3
8.242	-4.394E-4
8.251	2.544E-4
8.259	8.734E-4
8.268	1.321E-3
8.276	1.553E-3
8.284	1.451E-3
8.293	1.135E-3
8.301	6.223E-4
8.309	-4.004E-5
8.318	-7.562E-4
8.326	-1.458E-3
8.335	-2.027E-3
8.343	-2.419E-3
8.351	-2.621E-3
8.360	-2.618E-3
8.368	-2.387E-3
8.376	-1.927E-3
8.385	-1.374E-3
8.393	-6.804E-4
8.402	1.757E-5
8.410	6.778E-4
8.418	1.171E-3
8.427	1.456E-3
8.435	1.456E-3
8.444	1.221E-3
8.452	7.486E-4
8.460	1.300E-4
8.469	-5.750E-4
8.477	-1.265E-3
8.485	-1.884E-3
8.494	-2.357E-3
8.502	-2.633E-3
8.511	-2.676E-3
8.519	-2.503E-3
8.527	-2.117E-3
8.536	-1.592E-3
8.544	-9.379E-4
8.552	-2.300E-4
8.561	4.531E-4
8.569	9.908E-4
8.578	1.362E-3
8.586	1.475E-3
8.594	1.258E-3
8.603	9.017E-4
8.611	3.192E-4
8.619	-3.735E-4
8.628	-1.114E-3
8.636	-1.776E-3
8.645	-2.252E-3
8.653	-2.586E-3
8.661	-2.700E-3
8.670	-2.616E-3
8.678	-2.299E-3
8.686	-1.840E-3
8.695	-1.202E-3
8.703	-5.001E-4
8.712	1.930E-4
8.720	8.003E-4
8.728	1.199E-3
8.737	1.413E-3
8.745	1.364E-3
8.753	1.027E-3
8.762	5.024E-4
8.770	-1.689E-4
8.779	-8.985E-4
8.787	-1.584E-3
8.795	-2.160E-3
8.804	-2.556E-3
8.812	-2.731E-3
8.820	-2.690E-3
8.829	-2.439E-3
8.837	-1.995E-3
8.846	-1.412E-3
8.854	-7.133E-4
8.862	-2.263E-5
8.871	6.377E-4
8.879	1.139E-3
8.887	1.417E-3
8.896	1.426E-3
8.904	1.186E-3
8.913	7.232E-4
8.921	1.024E-4
8.929	-6.116E-4
8.938	-1.329E-3
8.946	-1.948E-3
8.954	-2.399E-3
8.963	-2.650E-3
8.971	-2.679E-3
8.980	-2.498E-3
8.988	-2.119E-3
8.996	-1.588E-3
9.005	-9.447E-4
9.013	-2.444E-4
9.021	4.295E-4
9.030	9.624E-4
9.038	1.260E-3
9.047	1.408E-3
9.055	1.231E-3
9.063	8.497E-4
9.072	2.777E-4
9.080	-4.068E-4
9.089	-1.117E-3
9.097	-1.764E-3
9.105	-2.238E-3
9.114	-2.566E-3
9.122	-2.681E-3
9.130	-2.590E-3
9.139	-2.267E-3
9.147	-1.759E-3
9.156	-1.133E-3
9.164	-4.575E-4
9.172	2.202E-4
9.181	8.098E-4
9.189	1.202E-3
9.197	1.401E-3
9.206	1.339E-3
9.214	1.017E-3
9.223	4.836E-4
9.231	-1.638E-4
9.239	-8.909E-4
9.248	-1.553E-3
9.256	-2.096E-3
9.264	-2.473E-3
9.273	-2.645E-3
9.281	-2.623E-3
9.290	-2.388E-3
9.298	-1.931E-3
9.306	-1.384E-3
9.315	-7.110E-4
9.323	-1.960E-5
9.331	6.283E-4
9.340	1.117E-3
9.348	1.396E-3
9.357	1.405E-3
9.365	1.174E-3
9.373	7.163E-4
9.382	8.645E-5
9.390	-6.149E-4
9.398	-1.311E-3
9.407	-1.898E-3
9.415	-2.351E-3
9.424	-2.612E-3
9.432	-2.648E-3
9.440	-2.464E-3
9.449	-2.051E-3
9.457	-1.573E-3
9.465	-9.359E-4
9.474	-2.529E-4
9.482	4.181E-4
9.491	9.412E-4
9.499	1.232E-3
9.507	1.378E-3
9.516	1.210E-3
9.524	8.209E-4
9.532	2.229E-4
9.541	-4.351E-4
9.549	-1.135E-3
9.558	-1.771E-3
9.566	-2.232E-3
9.574	-2.535E-3
9.583	-2.660E-3
9.591	-2.572E-3
9.599	-2.248E-3
9.608	-1.744E-3
9.616	-1.130E-3
9.625	-4.583E-4
9.633	2.117E-4
9.641	7.852E-4
9.650	1.182E-3
9.658	1.369E-3
9.666	1.288E-3
9.675	9.451E-4
9.683	4.396E-4
9.692	-2.059E-4
9.700	-9.008E-4
9.708	-1.552E-3
9.717	-2.084E-3
9.725	-2.464E-3
9.733	-2.628E-3
9.742	-2.607E-3
9.750	-2.378E-3
9.759	-1.940E-3
9.767	-1.378E-3
9.775	-7.066E-4
9.784	-2.723E-5
9.792	6.002E-4
9.801	1.084E-3
9.809	1.363E-3
9.817	1.382E-3
9.826	1.149E-3
9.834	7.021E-4
9.842	6.907E-5
9.851	-6.140E-4
9.859	-1.296E-3
9.868	-1.879E-3
9.876	-2.322E-3
9.884	-2.583E-3
9.893	-2.623E-3
9.901	-2.439E-3
9.909	-2.071E-3
9.918	-1.558E-3
9.926	-8.912E-4
9.935	-2.243E-4
9.943	4.266E-4
9.951	9.405E-4
9.960	1.253E-3
9.968	1.348E-3
9.976	1.186E-3
9.985	7.876E-4
9.993	2.156E-4
10.002	-4.444E-4
10.010	-1.127E-3
10.018	-1.742E-3
10.027	-2.206E-3
10.035	-2.500E-3
10.043	-2.594E-3
10.052	-2.464E-3
10.060	-2.168E-3
10.069	-1.690E-3
10.077	-1.066E-3
10.085	-3.806E-4
10.094	2.466E-4
10.102	8.034E-4
10.110	1.183E-3
10.119	1.360E-3
10.127	1.294E-3
10.136	9.377E-4
10.144	4.345E-4
10.152	-2.098E-4
10.161	-8.834E-4
10.169	-1.537E-3
10.177	-2.041E-3
10.186	-2.430E-3
10.194	-2.609E-3
10.203	-2.582E-3
10.211	-2.355E-3
10.219	-1.929E-3
10.228	-1.363E-3
10.236	-6.975E-4
10.244	-3.058E-5
10.253	5.726E-4
10.261	9.855E-4
10.270	1.217E-3
10.278	1.204E-3
10.286	9.519E-4
10.295	5.075E-4
10.303	-9.401E-5
10.311	-7.389E-4
10.320	-1.409E-3
10.328	-1.966E-3
10.337	-2.382E-3
10.345	-2.619E-3
10.353	-2.647E-3
10.362	-2.445E-3
10.370	-2.083E-3
10.378	-1.564E-3
10.387	-9.445E-4
10.395	-2.662E-4
10.404	3.665E-4
10.412	8.953E-4
10.420	1.208E-3
10.429	1.273E-3
10.437	1.110E-3
10.445	7.260E-4
10.454	1.767E-4
10.462	-4.737E-4
10.471	-1.146E-3
10.479	-1.744E-3
10.487	-2.195E-3
10.496	-2.473E-3
10.504	-2.574E-3
10.513	-2.458E-3
10.521	-2.149E-3
10.529	-1.673E-3
10.538	-1.064E-3
10.546	-3.859E-4
10.554	2.442E-4
10.563	7.807E-4
10.571	1.165E-3
10.580	1.325E-3
10.588	1.243E-3
10.596	9.165E-4
10.605	4.241E-4
10.613	-2.195E-4
10.621	-8.848E-4
10.630	-1.522E-3
10.638	-2.015E-3
10.647	-2.367E-3
10.655	-2.487E-3
10.663	-2.424E-3
10.672	-2.173E-3
10.680	-1.746E-3
10.688	-1.213E-3
10.697	-5.569E-4
10.705	9.542E-5
10.714	6.786E-4
10.722	1.115E-3
10.730	1.356E-3
10.739	1.363E-3
10.747	1.123E-3
10.755	6.874E-4
10.764	7.096E-5
10.772	-5.984E-4
10.781	-1.231E-3
10.789	-1.778E-3
10.797	-2.182E-3
10.806	-2.408E-3
10.814	-2.432E-3
10.822	-2.242E-3
10.831	-1.869E-3
10.839	-1.372E-3
10.848	-7.404E-4
10.856	-8.205E-5
10.864	5.281E-4
10.873	9.929E-4
10.881	1.294E-3
10.889	1.340E-3
10.898	1.179E-3
10.906	7.808E-4
10.915	2.202E-4
10.923	-4.391E-4
10.931	-1.090E-3
10.940	-1.705E-3
10.948	-2.159E-3
10.956	-2.434E-3
10.965	-2.480E-3
10.973	-2.392E-3
10.982	-2.083E-3
10.990	-1.635E-3
10.998	-1.019E-3
11.007	-3.571E-4
11.015	2.721E-4
11.023	7.960E-4
11.032	1.164E-3
11.040	1.257E-3
11.049	1.189E-3
11.057	8.774E-4
11.065	3.893E-4
11.074	-2.347E-4
11.082	-8.888E-4
11.090	-1.517E-3
11.099	-1.997E-3
11.107	-2.344E-3
11.116	-2.512E-3
11.124	-2.423E-3
11.132	-2.172E-3
11.141	-1.741E-3
11.149	-1.177E-3
11.157	-5.333E-4
11.166	1.086E-4
11.174	6.634E-4
11.183	1.098E-3
11.191	1.335E-3
11.199	1.342E-3
11.208	1.099E-3
11.216	6.653E-4
11.225	7.050E-5
11.233	-6.000E-4
11.241	-1.221E-3
11.250	-1.767E-3
11.258	-2.163E-3
11.266	-2.383E-3
11.275	-2.404E-3
11.283	-2.223E-3
11.292	-1.848E-3
11.300	-1.355E-3
11.308	-7.324E-4
11.317	-8.611E-5
11.325	5.123E-4
11.333	9.726E-4
11.342	1.255E-3
11.350	1.304E-3
11.359	1.110E-3
11.367	7.279E-4
11.375	1.868E-4
11.384	-4.598E-4
11.392	-1.107E-3
11.400	-1.701E-3
11.409	-2.147E-3
11.417	-2.417E-3
11.426	-2.484E-3
11.434	-2.363E-3
11.442	-2.007E-3
11.451	-1.563E-3
11.459	-9.887E-4
11.467	-3.320E-4
11.476	2.825E-4
11.484	7.916E-4
11.493	1.148E-3
11.501	1.281E-3
11.509	1.168E-3
11.518	8.476E-4
11.526	3.549E-4
11.534	-2.718E-4
11.543	-9.128E-4
11.551	-1.526E-3
11.560	-2.001E-3
11.568	-2.335E-3
11.576	-2.494E-3
11.585	-2.404E-3
11.593	-2.158E-3
11.601	-1.727E-3
11.610	-1.171E-3
11.618	-5.280E-4
11.627	9.350E-5
11.635	6.459E-4
11.643	1.065E-3
11.652	1.241E-3
11.660	1.207E-3
11.668	9.471E-4
11.677	4.928E-4
11.685	-7.515E-5
11.694	-7.151E-4
11.702	-1.340E-3
11.710	-1.899E-3
11.719	-2.270E-3
11.727	-2.446E-3
11.735	-2.438E-3
11.744	-2.243E-3
11.752	-1.877E-3
11.761	-1.370E-3
11.769	-7.620E-4
11.777	-1.126E-4
11.786	4.838E-4
11.794	9.424E-4
11.802	1.220E-3
11.811	1.260E-3
11.819	1.062E-3
11.828	6.560E-4
11.836	1.257E-4
11.844	-4.894E-4
11.853	-1.120E-3
11.861	-1.702E-3
11.869	-2.142E-3
11.878	-2.401E-3
11.886	-2.447E-3
11.895	-2.343E-3
11.903	-2.030E-3
11.911	-1.536E-3
11.920	-9.345E-4
11.928	-3.100E-4
11.937	2.899E-4
11.945	7.965E-4
11.953	1.135E-3
11.962	1.255E-3
11.970	1.149E-3
11.978	8.150E-4
11.987	2.893E-4
11.995	-3.041E-4
12.004	-9.373E-4
12.012	-1.529E-3
12.020	-1.995E-3
12.029	-2.330E-3
12.037	-2.459E-3
12.045	-2.387E-3
12.054	-2.135E-3
12.062	-1.717E-3
12.071	-1.166E-3
12.079	-5.367E-4
12.087	8.761E-5
12.096	6.313E-4
12.104	1.025E-3
12.112	1.214E-3
12.121	1.181E-3
12.129	9.223E-4
12.138	4.834E-4
12.146	-8.266E-5
12.154	-7.113E-4
12.163	-1.328E-3
12.171	-1.883E-3
12.179	-2.246E-3
12.188	-2.423E-3
12.196	-2.417E-3
12.205	-2.215E-3
12.213	-1.857E-3
12.221	-1.361E-3
12.230	-7.639E-4
12.238	-1.205E-4
12.246	4.351E-4
12.255	9.042E-4
12.263	1.177E-3
12.272	1.213E-3
12.280	1.009E-3
12.288	6.286E-4
12.297	9.344E-5
12.305	-5.280E-4
12.313	-1.147E-3
12.322	-1.711E-3
12.330	-2.138E-3
12.339	-2.399E-3
12.347	-2.415E-3
12.355	-2.340E-3
12.364	-2.012E-3
12.372	-1.528E-3
12.380	-9.352E-4
12.389	-3.179E-4
12.397	2.777E-4
12.406	7.634E-4
12.414	1.108E-3
12.422	1.226E-3
12.431	1.121E-3
12.439	7.867E-4
12.447	2.706E-4
12.456	-3.113E-4
12.464	-9.383E-4
12.473	-1.521E-3
12.481	-1.970E-3
12.489	-2.271E-3
12.498	-2.384E-3
12.506	-2.328E-3
12.514	-2.052E-3
12.523	-1.690E-3
12.531	-1.142E-3
12.540	-5.339E-4
12.548	7.812E-5
12.556	6.225E-4
12.565	1.001E-3
12.573	1.192E-3
12.582	1.164E-3
12.590	9.058E-4
12.598	4.618E-4
12.607	-9.591E-5
12.615	-7.137E-4
12.623	-1.316E-3
12.632	-1.789E-3
12.640	-2.147E-3
12.649	-2.345E-3
12.657	-2.358E-3
12.665	-2.167E-3
12.674	-1.797E-3
12.682	-1.260E-3
12.690	-6.734E-4
12.699	-6.268E-5
12.707	5.091E-4
12.716	9.475E-4
12.724	1.197E-3
12.732	1.212E-3
12.741	1.020E-3
12.749	6.387E-4
12.757	1.002E-4
12.766	-5.210E-4
12.774	-1.132E-3
12.783	-1.693E-3
12.791	-2.110E-3
12.799	-2.372E-3
12.808	-2.400E-3
12.816	-2.299E-3
12.824	-1.992E-3
12.833	-1.513E-3
12.841	-9.332E-4
12.850	-3.176E-4
12.858	2.679E-4
12.866	7.453E-4
12.875	1.068E-3
12.883	1.162E-3
12.891	1.032E-3
12.900	6.992E-4
12.908	2.086E-4
12.917	-3.753E-4
12.925	-1.002E-3
12.933	-1.564E-3
12.942	-2.041E-3
12.950	-2.388E-3
12.958	-2.469E-3
12.967	-2.405E-3
12.975	-2.149E-3
12.984	-1.719E-3
12.992	-1.176E-3
13.000	-5.651E-4
13.009	3.692E-5
13.017	5.606E-4
13.025	9.272E-4
13.034	1.131E-3
13.042	1.101E-3
13.051	8.617E-4
13.059	4.325E-4
13.067	-1.276E-4
13.076	-7.601E-4
13.084	-1.357E-3
13.092	-1.872E-3
13.101	-2.224E-3
13.109	-2.391E-3
13.118	-2.396E-3
13.126	-2.179E-3
13.134	-1.819E-3
13.143	-1.334E-3
13.151	-7.550E-4
13.159	-1.513E-4
13.168	3.979E-4
13.176	8.565E-4
13.185	1.129E-3
13.193	1.168E-3
13.201	9.653E-4
13.210	5.730E-4
13.218	1.588E-5
13.226	-5.708E-4
13.235	-1.163E-3
13.243	-1.707E-3
13.252	-2.112E-3
13.260	-2.364E-3
13.268	-2.398E-3
13.277	-2.274E-3
13.285	-1.933E-3
13.294	-1.472E-3
13.302	-9.064E-4
13.310	-2.976E-4
13.319	2.683E-4
13.327	7.384E-4
13.335	1.042E-3
13.344	1.147E-3
13.352	1.008E-3
13.361	6.821E-4
13.369	1.970E-4
13.377	-3.788E-4
13.386	-9.949E-4
13.394	-1.548E-3
13.402	-1.974E-3
13.411	-2.253E-3
13.419	-2.359E-3
13.428	-2.282E-3
13.436	-2.046E-3
13.444	-1.666E-3
13.453	-1.128E-3
13.461	-5.311E-4
13.469	5.420E-5
13.478	5.621E-4
13.486	9.168E-4
13.495	1.112E-3
13.503	1.073E-3
13.511	7.612E-4
13.520	3.174E-4
13.528	-2.508E-4
13.536	-8.376E-4
13.545	-1.419E-3
13.553	-1.906E-3
13.562	-2.224E-3
13.570	-2.395E-3
13.578	-2.396E-3
13.587	-2.171E-3
13.595	-1.802E-3
13.603	-1.327E-3
13.612	-7.584E-4
13.620	-1.643E-4
13.629	3.868E-4
13.637	8.130E-4
13.645	1.017E-3
13.654	1.016E-3
13.662	8.124E-4
13.670	4.199E-4
13.679	-8.561E-5
13.687	-6.729E-4
13.696	-1.253E-3
13.704	-1.761E-3
13.712	-2.148E-3
13.721	-2.384E-3
13.729	-2.405E-3
13.737	-2.266E-3
13.746	-1.937E-3
13.754	-1.468E-3
13.763	-9.166E-4
13.771	-3.111E-4
13.779	2.477E-4
13.788	7.194E-4
13.796	1.000E-3
13.804	1.117E-3
13.813	9.854E-4
13.821	6.574E-4
13.830	1.821E-4
13.838	-3.814E-4
13.846	-9.910E-4
13.855	-1.531E-3
13.863	-1.954E-3
13.871	-2.224E-3
13.880	-2.328E-3
13.888	-2.248E-3
13.897	-1.958E-3
13.905	-1.554E-3
13.913	-9.957E-4
13.922	-4.264E-4
13.930	1.539E-4
13.938	6.698E-4
13.947	1.014E-3
13.955	1.169E-3
13.964	1.122E-3
13.972	8.691E-4
13.980	4.424E-4
13.989	-1.062E-4
13.997	-6.974E-4
14.006	-1.277E-3
14.014	-1.737E-3
14.022	-2.065E-3
14.031	-2.253E-3
14.039	-2.233E-3
14.047	-1.998E-3
14.056	-1.644E-3
14.064	-1.145E-3
14.073	-5.757E-4
14.081	1.168E-5
14.089	5.312E-4
14.098	9.289E-4
14.106	1.151E-3
14.114	1.166E-3
14.123	9.669E-4
14.131	5.799E-4
14.140	1.711E-5
14.148	-5.496E-4
14.156	-1.140E-3
14.165	-1.660E-3
14.173	-2.041E-3
14.181	-2.303E-3
14.190	-2.364E-3
14.198	-2.200E-3
14.207	-1.896E-3
14.215	-1.433E-3
14.223	-8.944E-4
14.232	-3.021E-4
14.240	2.429E-4
14.248	7.043E-4
14.257	9.840E-4
14.265	1.075E-3
14.274	9.220E-4
14.282	6.152E-4
14.290	1.427E-4
14.299	-4.184E-4
14.307	-1.005E-3
14.315	-1.536E-3
14.324	-1.948E-3
14.332	-2.209E-3
14.341	-2.300E-3
14.349	-2.226E-3
14.357	-1.957E-3
14.366	-1.534E-3
14.374	-9.894E-4
14.382	-4.228E-4
14.391	1.411E-4
14.399	6.549E-4
14.408	9.895E-4
14.416	1.142E-3
14.424	1.094E-3
14.433	8.447E-4
14.441	4.217E-4
14.449	-1.182E-4
14.458	-6.907E-4
14.466	-1.263E-3
14.475	-1.726E-3
14.483	-2.037E-3
14.491	-2.192E-3
14.500	-2.174E-3
14.508	-1.957E-3
14.516	-1.606E-3
14.525	-1.129E-3
14.533	-5.747E-4
14.542	1.178E-5
14.550	5.260E-4
14.558	9.167E-4
14.567	1.128E-3
14.575	1.146E-3
14.583	9.493E-4
14.592	5.559E-4
14.600	2.009E-5
14.609	-5.508E-4
14.617	-1.128E-3
14.625	-1.649E-3
14.634	-2.014E-3
14.642	-2.216E-3
14.650	-2.230E-3
14.659	-2.071E-3
14.667	-1.773E-3
14.676	-1.287E-3
14.684	-7.442E-4
14.692	-1.840E-4
14.701	3.426E-4
14.709	7.574E-4
14.718	1.024E-3
14.726	1.097E-3
14.734	9.720E-4
14.743	6.575E-4
14.751	1.785E-4
14.759	-3.707E-4
14.768	-9.762E-4
14.776	-1.499E-3
14.785	-1.916E-3
14.793	-2.194E-3
14.801	-2.260E-3
14.810	-2.155E-3
14.818	-1.899E-3
14.826	-1.483E-3
14.835	-9.551E-4
14.843	-4.009E-4
14.852	1.428E-4
14.860	6.517E-4
14.868	9.726E-4
14.877	1.119E-3
14.885	1.068E-3
14.893	7.593E-4
14.902	3.085E-4
14.910	-2.437E-4
14.919	-8.073E-4
14.927	-1.352E-3
14.935	-1.830E-3
14.944	-2.151E-3
14.952	-2.317E-3
14.960	-2.302E-3
14.969	-2.125E-3
14.977	-1.744E-3
14.986	-1.238E-3
14.994	-6.869E-4
15.002	-1.171E-4
15.011	4.282E-4
15.019	8.117E-4
15.027	9.850E-4
15.036	9.772E-4
15.044	7.643E-4
15.053	3.931E-4
15.061	-1.020E-4
15.069	-6.620E-4
15.078	-1.226E-3
15.086	-1.713E-3
15.094	-2.076E-3
15.103	-2.236E-3
15.111	-2.245E-3
15.120	-2.126E-3
15.128	-1.765E-3
15.136	-1.347E-3
15.145	-8.126E-4
15.153	-2.390E-4
15.161	2.845E-4
15.170	7.120E-4
15.178	9.738E-4
15.187	1.034E-3
15.195	8.937E-4
15.203	5.712E-4
15.212	6.347E-5
15.220	-4.919E-4
15.228	-1.037E-3
15.237	-1.548E-3
15.245	-1.939E-3
15.254	-2.182E-3
15.262	-2.227E-3
15.270	-2.164E-3
15.279	-1.895E-3
15.287	-1.495E-3
15.295	-9.661E-4
15.304	-4.190E-4
15.312	1.286E-4
15.321	6.306E-4
15.329	9.485E-4
15.337	1.094E-3
15.346	1.026E-3
15.354	7.395E-4
15.362	2.876E-4
15.371	-2.535E-4
15.379	-8.028E-4
15.388	-1.336E-3
15.396	-1.799E-3
15.404	-2.088E-3
15.413	-2.237E-3
15.421	-2.184E-3
15.430	-1.969E-3
15.438	-1.616E-3
15.446	-1.147E-3
15.455	-5.965E-4
15.463	-2.108E-5
15.471	4.796E-4
15.480	8.596E-4
15.488	1.076E-3
15.497	1.030E-3
15.505	8.038E-4
15.513	4.201E-4
15.522	-7.918E-5
15.530	-6.432E-4
15.538	-1.205E-3
15.547	-1.685E-3
15.555	-1.995E-3
15.564	-2.208E-3
15.572	-2.217E-3
15.580	-2.056E-3
15.589	-1.758E-3
15.597	-1.288E-3
15.605	-7.441E-4
15.614	-1.951E-4
15.622	3.142E-4
15.631	7.202E-4
15.639	9.707E-4
15.647	1.023E-3
15.656	8.836E-4
15.664	5.519E-4
15.672	5.091E-5
15.681	-4.937E-4
15.689	-1.034E-3
15.698	-1.529E-3
15.706	-1.922E-3
15.714	-2.158E-3
15.723	-2.239E-3
15.731	-2.135E-3
15.739	-1.881E-3
15.748	-1.477E-3
15.756	-9.523E-4
15.765	-4.100E-4
15.773	1.249E-4
15.781	6.041E-4
15.790	9.361E-4
15.798	1.068E-3
15.806	9.577E-4
15.815	6.956E-4
15.823	2.456E-4
15.832	-2.763E-4
15.840	-8.159E-4
15.848	-1.343E-3
15.857	-1.797E-3
15.865	-2.074E-3
15.873	-2.215E-3
15.882	-2.166E-3
15.890	-1.960E-3
15.899	-1.604E-3
15.907	-1.136E-3
15.915	-5.933E-4
15.924	-2.853E-5
15.932	4.654E-4
15.940	8.401E-4
15.949	1.037E-3
15.957	1.004E-3
15.966	7.785E-4
15.974	3.945E-4
15.982	-8.804E-5
15.991	-6.392E-4
15.999	-1.201E-3
16.007	-1.674E-3
16.016	-2.009E-3
16.024	-2.176E-3
16.033	-2.187E-3
16.041	-2.023E-3
16.049	-1.701E-3
16.058	-1.233E-3
16.066	-7.158E-4
16.075	-1.805E-4
16.083	3.217E-4
16.091	7.148E-4
16.100	9.605E-4
16.108	1.005E-3
16.116	8.621E-4
16.125	5.389E-4
16.133	4.977E-5
16.142	-4.960E-4
16.150	-1.028E-3
16.158	-1.522E-3
16.167	-1.903E-3
16.175	-2.140E-3
16.183	-2.207E-3
16.192	-2.106E-3
16.200	-1.872E-3
16.209	-1.468E-3
16.217	-9.505E-4
16.225	-4.111E-4
16.234	1.069E-4
16.242	5.229E-4
16.250	8.409E-4
16.259	9.697E-4
16.267	9.002E-4
16.276	6.484E-4
16.284	2.160E-4
16.292	-3.026E-4
16.301	-8.308E-4
16.309	-1.350E-3
16.317	-1.781E-3
16.326	-2.050E-3
16.334	-2.196E-3
16.343	-2.149E-3
16.351	-1.943E-3
16.359	-1.585E-3
16.368	-1.128E-3
16.376	-5.969E-4
16.384	-3.554E-5
16.393	4.542E-4
16.401	7.993E-4
16.410	9.625E-4
16.418	9.561E-4
16.426	7.244E-4
16.435	3.497E-4
16.443	-1.811E-4
16.451	-7.284E-4
16.460	-1.255E-3
16.468	-1.707E-3
16.477	-2.029E-3
16.485	-2.173E-3
16.493	-2.182E-3
16.502	-2.022E-3
16.510	-1.696E-3
16.518	-1.243E-3
16.527	-7.213E-4
16.535	-1.855E-4
16.544	3.016E-4
16.552	6.964E-4
16.560	9.356E-4
16.569	9.713E-4
16.577	8.281E-4
16.585	4.788E-4
16.594	8.077E-6
16.602	-5.223E-4
16.611	-1.048E-3
16.619	-1.523E-3
16.627	-1.904E-3
16.636	-2.129E-3
16.644	-2.190E-3
16.652	-2.082E-3
16.661	-1.805E-3
16.669	-1.459E-3
16.678	-9.499E-4
16.686	-4.153E-4
16.694	9.627E-5
16.703	5.015E-4
16.711	7.903E-4
16.719	9.062E-4
16.728	8.292E-4
16.736	5.150E-4
16.745	8.364E-5
16.753	-4.495E-4
16.761	-9.859E-4
16.770	-1.487E-3
16.778	-1.906E-3
16.787	-2.185E-3
16.795	-2.283E-3
16.803	-2.228E-3
16.812	-1.996E-3
16.820	-1.638E-3
16.828	-1.172E-3
16.837	-6.495E-4
16.845	-1.119E-4
16.854	3.923E-4
16.862	7.341E-4
16.870	9.162E-4
16.879	9.206E-4
16.887	6.891E-4
16.895	3.028E-4
16.904	-2.026E-4
16.912	-7.393E-4
16.921	-1.257E-3
16.929	-1.702E-3
16.937	-2.010E-3
16.946	-2.160E-3
16.954	-2.162E-3
16.962	-2.001E-3
16.971	-1.683E-3
16.979	-1.225E-3
16.988	-7.128E-4
16.996	-1.908E-4
17.004	2.902E-4
17.013	6.846E-4
17.021	9.150E-4
17.029	9.361E-4
17.038	8.011E-4
17.046	4.632E-4
17.055	-8.449E-7
17.063	-5.246E-4
17.071	-1.039E-3
17.080	-1.504E-3
17.088	-1.882E-3
17.096	-2.121E-3
17.105	-2.166E-3
17.113	-2.071E-3
17.122	-1.821E-3
17.130	-1.443E-3
17.138	-9.359E-4
17.147	-4.163E-4
17.155	7.596E-5
17.163	4.911E-4
17.172	7.597E-4
17.180	8.796E-4
17.189	7.858E-4
17.197	4.939E-4
17.205	5.845E-5
17.214	-4.532E-4
17.222	-9.827E-4
17.230	-1.475E-3
17.239	-1.893E-3
17.247	-2.161E-3
17.256	-2.229E-3
17.264	-2.190E-3
17.272	-1.951E-3
17.281	-1.593E-3
17.289	-1.139E-3
17.297	-6.274E-4
17.306	-1.103E-4
17.314	3.868E-4
17.323	7.253E-4
17.331	8.976E-4
17.339	9.039E-4
17.348	6.750E-4
17.356	2.894E-4
17.364	-2.081E-4
17.373	-7.398E-4
17.381	-1.247E-3
17.390	-1.688E-3
17.398	-1.990E-3
17.406	-2.139E-3
17.415	-2.145E-3
17.423	-1.980E-3
17.431	-1.665E-3
17.440	-1.225E-3
17.448	-7.069E-4
17.457	-1.945E-4
17.465	2.751E-4
17.473	6.604E-4
17.482	8.949E-4
17.490	9.145E-4
17.499	7.752E-4
17.507	4.476E-4
17.515	-9.706E-6
17.524	-5.301E-4
17.532	-1.038E-3
17.540	-1.501E-3
17.549	-1.870E-3
17.557	-2.081E-3
17.566	-2.151E-3
17.574	-2.044E-3
17.582	-1.797E-3
17.591	-1.388E-3
17.599	-8.976E-4
17.607	-3.790E-4
17.616	9.143E-5
17.624	4.947E-4
17.633	7.528E-4
17.641	8.590E-4
17.649	7.795E-4
17.658	4.802E-4
17.666	4.986E-5
17.674	-4.557E-4
17.683	-9.779E-4
17.691	-1.463E-3
17.700	-1.874E-3
17.708	-2.142E-3
17.716	-2.215E-3
17.725	-2.163E-3
17.733	-1.942E-3
17.741	-1.575E-3
17.750	-1.123E-3
17.758	-6.187E-4
17.767	-1.264E-4
17.775	2.784E-4
17.783	6.395E-4
17.792	7.775E-4
17.800	7.454E-4
17.808	4.972E-4
17.817	1.501E-4
17.825	-3.044E-4
17.834	-8.077E-4
17.842	-1.288E-3
17.850	-1.706E-3
17.859	-2.004E-3
17.867	-2.155E-3
17.875	-2.144E-3
17.884	-1.956E-3
17.892	-1.665E-3
17.901	-1.219E-3
17.909	-7.143E-4
17.917	-2.046E-4
17.926	2.609E-4
17.934	6.448E-4
17.942	8.698E-4
17.951	9.015E-4
17.959	7.458E-4
17.968	4.248E-4
17.976	-2.349E-5
17.984	-5.333E-4
17.993	-1.029E-3
18.001	-1.486E-3
18.009	-1.845E-3
18.018	-2.061E-3
18.026	-2.132E-3
18.035	-2.017E-3
18.043	-1.728E-3
18.051	-1.304E-3
18.060	-8.023E-4
18.068	-2.703E-4
18.076	2.096E-4
18.085	6.359E-4
18.093	8.994E-4
18.102	9.786E-4
18.110	8.839E-4
18.118	6.221E-4
18.127	2.079E-4
18.135	-2.798E-4
18.143	-7.983E-4
18.152	-1.273E-3
18.160	-1.667E-3
18.169	-1.938E-3
18.177	-2.019E-3
18.185	-1.955E-3
18.194	-1.728E-3
18.202	-1.373E-3
18.211	-9.231E-4
18.219	-4.253E-4
18.227	5.005E-5
18.236	4.846E-4
18.244	7.916E-4
18.252	9.290E-4
18.261	9.084E-4
18.269	6.762E-4
18.278	2.803E-4
18.286	-1.934E-4
18.294	-7.243E-4
18.303	-1.220E-3
18.311	-1.650E-3
18.319	-1.945E-3
18.328	-2.100E-3
18.336	-2.109E-3
18.345	-1.936E-3
18.353	-1.635E-3
18.361	-1.197E-3
18.370	-7.057E-4
18.378	-2.045E-4
18.386	2.524E-4
18.395	6.297E-4
18.403	8.455E-4
18.412	8.892E-4
18.420	7.245E-4
18.428	4.114E-4
18.437	-3.243E-5
18.445	-5.296E-4
18.453	-1.026E-3
18.462	-1.481E-3
18.470	-1.825E-3
18.479	-2.026E-3
18.487	-2.009E-3
18.495	-1.920E-3
18.504	-1.665E-3
18.512	-1.261E-3
18.520	-7.657E-4
18.529	-2.595E-4
18.537	2.243E-4
18.546	6.327E-4
18.554	8.894E-4
18.562	9.682E-4
18.571	8.665E-4
18.579	6.012E-4
18.587	1.975E-4
18.596	-2.919E-4
18.604	-7.890E-4
18.613	-1.266E-3
18.621	-1.655E-3
18.629	-1.909E-3
18.638	-2.002E-3
18.646	-1.935E-3
18.654	-1.710E-3
18.663	-1.365E-3
18.671	-9.132E-4
18.680	-4.387E-4
18.688	3.679E-5
18.696	4.742E-4
18.705	7.681E-4
18.713	9.086E-4
18.721	8.681E-4
18.730	6.606E-4
18.738	2.692E-4
18.747	-1.997E-4
18.755	-7.140E-4
18.763	-1.207E-3
18.772	-1.636E-3
18.780	-1.932E-3
18.788	-2.072E-3
18.797	-2.089E-3
18.805	-1.926E-3
18.814	-1.621E-3
18.822	-1.192E-3
18.830	-7.065E-4
18.839	-2.118E-4
18.847	2.466E-4
18.855	6.113E-4
18.864	8.087E-4
18.872	7.868E-4
18.881	6.259E-4
18.889	3.009E-4
18.897	-1.570E-4
18.906	-6.733E-4
18.914	-1.177E-3
18.923	-1.643E-3
18.931	-1.961E-3
18.939	-2.149E-3
18.948	-2.173E-3
18.956	-2.032E-3
18.964	-1.737E-3
18.973	-1.335E-3
18.981	-8.844E-4
18.990	-4.027E-4
18.998	5.229E-5
19.006	4.547E-4
19.015	7.000E-4
19.023	7.581E-4
19.031	6.678E-4
19.040	3.975E-4
19.048	-9.902E-6
19.057	-4.882E-4
19.065	-9.803E-4
19.073	-1.456E-3
19.082	-1.816E-3
19.090	-2.081E-3
19.098	-2.171E-3
19.107	-2.115E-3
19.115	-1.897E-3
19.124	-1.517E-3
19.132	-1.034E-3
19.140	-5.271E-4
19.149	-3.461E-5
19.157	4.079E-4
19.165	7.081E-4
19.174	8.504E-4
19.182	8.056E-4
19.191	5.454E-4
19.199	1.708E-4
19.207	-2.778E-4
19.216	-7.633E-4
19.224	-1.246E-3
19.232	-1.664E-3
19.241	-1.938E-3
19.249	-2.070E-3
19.258	-2.079E-3
19.266	-1.918E-3
19.274	-1.613E-3
19.283	-1.189E-3
19.291	-7.041E-4
19.299	-2.172E-4
19.308	2.288E-4
19.316	5.844E-4
19.325	7.301E-4
19.333	7.257E-4
19.341	5.543E-4
19.350	2.159E-4
19.358	-2.237E-4
19.366	-7.124E-4
19.375	-1.201E-3
19.383	-1.648E-3
19.392	-1.965E-3
19.400	-2.146E-3
19.408	-2.159E-3
19.417	-2.030E-3
19.425	-1.720E-3
19.433	-1.325E-3
19.442	-8.878E-4
19.450	-4.110E-4
19.459	3.284E-5
19.467	4.355E-4
19.475	6.850E-4
19.484	7.346E-4
19.492	6.492E-4
19.500	3.757E-4
19.509	-2.060E-5
19.517	-4.931E-4
19.526	-9.785E-4
19.534	-1.445E-3
19.542	-1.796E-3
19.551	-1.993E-3
19.559	-2.015E-3
19.568	-1.960E-3
19.576	-1.720E-3
19.584	-1.372E-3
19.593	-9.285E-4
19.601	-4.540E-4
19.609	1.568E-5
19.618	4.375E-4
19.626	7.180E-4
19.635	8.547E-4
19.643	8.029E-4
19.651	5.435E-4
19.660	1.686E-4
19.668	-2.774E-4
19.676	-7.595E-4
19.685	-1.231E-3
19.693	-1.643E-3
19.702	-1.912E-3
19.710	-1.996E-3
19.718	-1.960E-3
19.727	-1.768E-3
19.735	-1.447E-3
19.743	-1.011E-3
19.752	-5.253E-4
19.760	-3.761E-5
19.769	4.026E-4
19.777	7.328E-4
19.785	9.078E-4
19.794	9.121E-4
19.802	7.261E-4
19.810	4.088E-4
19.819	-2.856E-5
19.827	-5.098E-4
19.836	-9.919E-4
19.844	-1.427E-3
19.852	-1.751E-3
19.861	-1.921E-3
19.869	-1.931E-3
19.877	-1.808E-3
19.886	-1.592E-3
19.894	-1.213E-3
19.903	-7.396E-4
19.911	-2.524E-4
19.919	2.150E-4
19.928	5.353E-4
19.936	7.460E-4
19.944	7.875E-4
19.953	6.701E-4
19.961	4.319E-4
19.970	-1.474E-5
19.978	-4.860E-4
19.986	-9.662E-4
19.995	-1.427E-3
20.003	-1.765E-3
20.011	-1.974E-3
20.020	-1.983E-3
20.028	-1.940E-3
20.037	-1.705E-3
